18011.8187869 running time
-0.525267514002
0.714676164282
-0.813013885698
3.76278245571
-0.9922384597
2.09582270461
0.662483972816
0.786391827504
3.51290189867
0.574732788105
1.32237899937
3.5431042384
3.74943060124
2.02611409866
4.06010523114
4.55286304777
3.29373164037
4.48337743367
5.95559875066
4.48377568833
5.31577838298
4.73971424731
7.09111363742
7.48111826362
8.3188329754
8.38506423582
5.09420061392
7.0156252676
9.0181540127
8.86391613575
5.56835831172
8.38479716864
11.1024849156
9.45351147398
11.5006289275
7.62541433328
9.72507322658
9.13095999251
12.1116825275
9.49107069535
11.0763698298
7.24768533004
10.5866450494
10.8823804213
12.3257732055
9.673795762
12.2719084595
9.8163605565
8.15216065162
12.7914289336
12.2490397492
7.19347679485
10.2871868428
7.68999266381
9.32424821401
11.5557429034
8.63551659799
10.2624927365
11.1452295513
10.4074571796
9.86436714666
9.71056965292
11.4611252545
7.08122821181
6.75054562903
6.36600435251
6.92405579376
5.54939062641
10.6947369869
8.54017198828
6.90693988154
6.66182428739
10.1226860083
7.45774493045
8.28492208998
9.32204738103
4.25341055177
3.64177683425
6.75443629293
5.18901932082
6.65656750949
6.00580542393
6.34621009709
5.78606569552
5.4498348529
4.1669015813
2.10899936724
3.62638995012
2.70715740975
2.05123126311
2.70415472256
4.04294989526
0.846280202067
0.208560135269
2.50473466181
3.76339296562
-1.40712118804
2.89188643611
1.57041465059
0.965459017499
0.6051370069
-0.401679218758
-1.06293469649
-0.856952379573
-3.35381383387
0.328138249921
-0.994635352326
-4.18679745837
0.0187956513838
-5.34925879228
-3.32442909391
-1.36637553366
-3.63522606757
-6.34402708457
-5.19568137122
-3.64318186229
-3.58042895783
-3.73331656475
-3.87670449449
-3.25958990127
-5.73429438217
-8.88694368471
-4.16807653025
-5.73186429056
-5.99586296349
-6.27486440762
-6.40065988722
-10.2730693774
-7.98310624744
-9.91606250206
-9.15010188034
-6.57083500252
-10.1612268906
-6.36848379874
-11.4284898072
-8.03251072746
-7.29688356911
-10.7225963626
-7.59169618802
-9.37626477154
-8.05426227484
-10.902178522
-11.8099556789
-12.1443675438
-10.6194332213
-10.292981203
-7.40414652676
-7.9547979924
-8.4604835941
-10.6490287569
-9.30178077169
-12.0578223783
-11.1033210732
-10.2991455554
-7.15682777219
-9.5335207902
-9.80287684838
-8.35715790984
-9.90197377934
-12.255221364
-9.03448156288
-10.7955091356
-7.12450443565
-10.4049528551
-6.62730136148
-9.77208167544
-9.52766404086
-8.25543481409
-6.31298948894
-6.39212830539
-9.3138921843
-9.65600035796
-7.02412047902
-5.25582941624
-7.27242848249
-8.98223094147
-9.18363750503
-7.03990642359
-8.29063677981
-5.13643215313
-6.23952354804
-4.47895583686
-7.21338864675
-4.46073535582
-5.81009132419
-5.50508572362
-1.56995504931
-1.26384265865
-1.23502179335
-4.09589950928
-3.01885153277
-1.40890298121
-4.40391062812
0.285224823363
-0.927683189342
0.192416961824
-3.4416249289
-3.18038888939
-2.41300104728
-0.842159621324
18035.0810082 running time
1.53400708906
-0.558284935578
3.14795151041
2.92116387204
1.27784126659
2.74502947965
3.11415189274
2.90739949167
1.79608870887
2.48239609957
4.76320361476
2.78250709327
5.97734840508
3.02151509904
3.18063451801
6.78668676215
6.89690195937
7.47399679744
6.10694084395
7.69937612042
5.93495517939
9.03625303078
5.36308928934
6.21846821992
5.38984890546
8.78322886562
8.63255801689
8.71400835273
7.10611403024
8.34060111143
6.34913657148
10.1434560706
7.38240617399
8.65863050367
10.5717918249
11.344419219
11.5916370218
8.43160491671
11.2067919735
10.6271875737
7.56108746748
9.97758559857
9.68807465104
10.204881193
12.2277370756
12.2826782107
11.7524966911
10.9591067106
10.3520845505
9.84687947212
12.2243110931
10.2497976688
8.71667165575
9.56621184766
10.6321904423
9.49756057102
10.6719017171
8.63720245935
10.481314233
10.3353853694
8.23333433826
9.6190856926
10.2164833925
8.29093238945
9.51617527458
9.10027962732
6.44954666659
9.17354120392
8.81495851437
6.62783777609
8.79294743693
9.16357717066
7.79823829809
6.13784375874
6.0135372018
6.14881557589
6.59413125742
4.9436416152
5.61137301054
5.49426289885
7.40034045908
5.9106706926
5.64040510599
5.14472904599
4.61446851179
6.34285822567
1.78122671835
4.87833964304
3.22855635479
3.79817777302
2.71083807849
3.13319607806
0.419795936887
2.20097887871
3.39934690335
-0.427293093869
0.201555742369
-1.1103377729
0.235951056282
-0.75929582437
1.36986615342
0.826818843292
-0.604602282509
-2.9205690931
-2.32384063915
-2.4170124384
-4.39987721881
-2.8803904565
-2.84099140998
-2.13731944128
-5.19372312639
-3.04281086114
-5.21466168926
-5.53121250331
-6.82752664791
-2.90513234338
-6.47921291906
-6.89706897849
-7.40288436812
-4.66858783683
-6.54240671106
-5.29719351896
-4.84749911928
-7.70561611162
-7.32516435195
-5.14493083024
-7.66301400579
-8.45945104599
-7.77698955373
-8.5575466613
-9.30994439799
-7.87385725212
-8.3738669917
-10.87623964
-10.8484740732
-9.74239580592
-10.5717903843
-10.9131088933
-10.195927347
-9.32949326058
-10.5917228102
-11.2253518477
-10.0236589387
-10.2424176361
-10.7388631953
-11.8442833446
-8.92044652046
-9.36188825516
-11.3438967002
-8.59662953225
-8.3110160932
-11.7715756781
-10.6945921761
-8.12941647427
-8.91384015171
-11.3048049327
-11.0394161718
-7.65631517089
-9.79568467929
-7.92982493679
-8.17995749703
-8.02043012587
-10.2458272945
-10.8338109672
-9.03356888531
-6.86363223301
-7.23174651424
-10.1741305462
-9.71919845279
-8.97661788471
-8.80598591597
-5.69460377149
-6.10388281037
-9.14228481704
-8.61839283513
-4.76612868286
-7.25091557096
-6.28321329208
-7.36503953074
-5.12570410892
-6.64264141286
-6.6568747547
-7.00414573046
-5.54862724909
-3.95756700049
-5.59028990102
-4.66514984994
-5.31509795237
-2.94788043518
-4.93393695275
-3.47762346872
-1.93103245785
-1.55766761297
-3.10243002553
-3.24953549458
-1.77008548657
-1.25232333519
-0.663897312637
1.45128613812
0.386091844771
