-0.604136
0.269488
1.528329
1.993590
0.876220
1.392445
2.260010
2.200536
3.200840
3.172709
4.185888
3.528404
3.298794
3.561812
3.892453
4.456824
5.171759
4.575386
5.591881
5.331201
6.751688
6.307283
5.995624
5.891953
8.019159
7.172667
7.689151
8.011957
8.491851
8.185002
7.902214
8.434542
8.190038
8.446086
9.344212
8.736976
8.203859
9.380199
9.913377
8.567908
10.477858
9.043045
9.153363
9.007704
10.622142
9.952512
9.943258
10.063534
9.118516
10.883183
10.124561
10.257049
9.358292
9.771941
9.159695
9.214968
9.882209
10.480976
10.312740
10.478031
10.300837
8.336086
8.604139
9.456274
9.078924
8.693872
9.068404
8.327634
7.982468
8.794082
7.056235
7.258765
7.459297
7.106173
7.403368
6.477214
7.171221
5.908234
6.858368
5.611443
5.332935
5.054977
4.763748
4.212324
4.854663
5.163590
3.510376
2.737935
3.018923
2.987382
2.705066
2.518421
1.727163
2.425603
1.078876
1.433978
1.518145
-0.301837
-0.123947
-0.813245
0.586350
-0.683440
-0.995753
-1.160941
-1.038762
-1.193554
-2.726179
-2.900384
-3.530073
-3.188423
-3.539605
-4.115467
-4.118737
-5.011608
-4.582985
-5.395654
-4.861243
-5.924888
-5.045569
-5.013602
-5.596053
-5.657102
-6.331808
-6.285237
-7.234783
-7.313176
-6.573114
-8.653105
-7.241848
-7.799470
-8.059904
-8.204736
-8.766695
-9.593938
-9.421976
-8.179617
-8.790716
-9.838125
-9.797982
-8.703590
-8.872334
-8.846191
-9.774628
-9.803359
-10.540408
-9.141992
-9.298642
-9.711104
-9.466467
-10.898795
-10.607568
-9.036689
-9.112513
-10.642478
-8.945346
-9.095655
-9.304815
-9.558509
-10.364042
-9.309974
-10.173207
-10.154329
-8.635584
-8.951640
-9.551469
-9.617835
-8.247901
-8.710395
-9.267572
-8.684075
-7.272427
-8.286127
-7.029575
-7.832767
-6.826606
-6.957752
-7.488316
-5.596949
-5.459657
-5.562765
-5.698553
-5.622182
-4.855483
-4.697415
-5.276745
-4.399904
-3.538723
-3.789321
-4.180526
-3.840184
-3.733282
-2.609233
-2.469797
-1.006695
-1.895056
-0.451910
-1.712477
-1.548149
0.228181
-0.000586
