-0.076189
1.059849
1.687982
1.198340
2.145519
1.871547
2.840947
3.233075
2.639515
2.641534
4.126640
2.912536
3.666024
3.521168
3.587283
5.224278
4.737673
4.780421
5.506833
5.385595
6.032470
6.491113
7.014254
6.152519
6.461537
6.421881
6.713968
6.952389
7.913433
8.935977
8.311493
9.021775
8.301051
9.390269
8.072384
8.074566
9.865220
9.256025
9.766523
8.691182
9.260369
10.511882
10.272790
10.787170
9.181660
9.586063
10.326693
9.785949
10.151944
10.878648
9.081076
9.742014
9.611127
10.025109
8.967722
9.438615
10.527785
10.464223
9.519232
9.398671
9.727685
9.404220
10.004218
8.213075
8.756411
8.814312
8.124149
8.993134
8.720713
8.610863
6.918860
7.444054
6.757182
6.719537
6.598454
6.957225
6.604358
7.142546
6.723923
6.763861
4.634411
6.235043
4.243418
4.092532
5.341527
3.798613
4.480153
4.291925
3.305394
3.250505
2.867908
1.693634
2.921123
1.644105
0.890332
2.112819
1.197355
0.369944
0.537889
-0.701398
-1.085659
-1.385478
-0.420165
-1.711172
-2.196911
-1.868200
-3.139126
-2.402643
-2.333001
-2.487635
-3.110993
-4.487218
-3.846962
-3.978510
-4.474314
-5.215193
-5.366544
-4.432601
-4.707118
-5.929832
-6.898292
-6.282660
-6.159218
-6.641753
-6.189119
-7.476101
-7.508897
-7.803774
-7.642297
-7.705964
-8.616191
-9.018190
-8.897939
-8.638932
-8.893528
-8.812545
-8.998423
-9.105888
-9.590996
-9.426320
-9.748319
-9.670504
-9.143943
-8.827265
-10.188907
-10.211352
-10.661706
-10.917192
-9.275328
-10.631870
-10.568886
-10.293509
-9.022943
-9.668200
-9.968759
-8.899696
-9.610571
-8.820011
-9.349575
-9.203311
-10.296981
-9.271156
-9.134764
-9.919444
-8.274703
-8.608315
-8.489909
-8.891403
-7.825406
-8.007456
-7.226787
-7.813260
-6.838603
-8.030119
-7.273826
-6.772884
-6.408897
-7.018219
-5.195046
-5.113415
-6.617458
-4.511339
-4.128787
-3.849935
-3.705451
-4.661308
-3.770367
-4.511566
-2.854983
-2.989642
-2.817873
-2.836222
-1.479029
-1.567747
-1.624978
-2.093376
-1.371436
0.327112
-0.281954
-0.122251
