0.142915
0.562325
1.810853
1.404225
1.216809
1.464803
2.467315
2.826537
3.747159
2.212912
3.542270
3.392462
4.276647
3.814996
4.477188
4.608967
5.331124
5.085704
4.869583
5.430492
5.835488
6.118174
6.278700
6.975083
7.925775
6.475665
8.095253
6.906145
7.755654
7.428750
9.138503
7.611171
7.856998
9.751700
9.103223
8.740219
10.102835
9.668804
9.141208
10.154658
9.664019
9.278222
10.735255
9.346315
9.431605
10.821414
9.414599
10.301167
10.855306
9.787158
9.953620
10.389920
10.734479
10.012043
10.796626
9.124616
9.656253
8.932130
9.289536
9.508037
8.797170
9.342703
8.498326
9.412881
8.062056
7.981958
7.840315
9.334510
8.058248
7.644167
7.398885
7.081325
6.631541
6.316501
6.783013
6.257297
6.004142
5.963159
6.831575
5.141706
5.907091
4.895856
4.352562
5.779673
3.634810
4.685822
4.072428
4.367462
3.891079
4.075970
3.174560
1.695310
2.781300
1.134133
0.923479
2.177013
1.364152
0.178870
0.313482
0.929546
-0.694657
-0.237753
-1.789965
-1.976203
-2.343130
-2.201979
-2.191852
-2.023011
-3.327826
-2.487238
-3.675714
-3.891656
-4.194252
-5.222335
-3.593692
-5.323367
-5.228085
-4.535950
-6.529112
-5.682106
-6.323424
-5.881260
-7.404872
-6.929941
-6.627003
-7.509699
-8.487910
-6.721997
-7.929797
-7.534091
-8.336579
-8.646576
-7.705923
-9.545491
-9.042417
-8.069575
-8.592839
-8.317743
-9.399953
-9.496524
-9.726707
-9.380144
-10.535299
-9.127786
-9.967680
-10.536766
-10.182264
-10.207807
-9.962362
-10.257191
-10.727168
-10.283521
-9.131764
-9.484322
-10.677630
-10.475968
-10.589664
-10.672902
-10.191610
-10.370991
-9.076801
-10.233038
-8.722545
-8.201327
-8.219748
-8.279270
-8.440695
-8.882716
-7.344977
-8.992296
-8.126690
-8.127658
-6.631919
-6.378548
-6.124704
-6.879422
-6.417039
-7.018347
-7.005101
-5.168878
-4.813104
-5.918798
-5.763841
-4.934198
-5.319441
-3.633225
-4.131120
-4.417364
-3.261949
-3.079820
-3.076359
-3.222481
-2.397209
-1.208255
-1.672330
-2.243771
-1.786642
0.272440
0.456233
0.098053
