-0.555880
0.858057
1.019158
0.962221
1.593216
1.943396
1.244859
3.405097
3.697532
2.118181
3.345003
3.167932
3.758063
3.875909
4.005220
4.596527
5.537394
6.277857
6.030017
6.029767
5.774010
6.945356
6.614858
7.690311
7.038791
6.867982
7.086599
8.048049
7.871329
8.985157
7.390122
8.245352
9.592303
9.610317
9.404702
9.592725
8.439558
9.496062
9.522903
9.112753
9.857682
8.732903
10.755697
10.487696
9.134704
9.487244
10.333911
10.170501
9.570998
9.022659
9.949739
9.251372
9.554837
9.389399
9.051084
9.765763
9.124253
8.789444
9.890761
9.338693
9.829573
9.789089
8.931171
9.647474
9.491569
8.011864
9.474220
8.303862
7.777269
8.746814
7.120822
7.112301
7.947969
6.465248
7.387575
7.079467
7.396936
5.613373
6.238970
5.599100
5.212343
5.287517
4.704875
4.751588
3.568080
4.819412
3.367305
3.047456
2.793796
3.899637
2.052059
1.598944
2.921098
2.614405
0.988611
1.928220
0.815710
0.127189
-0.027389
0.621331
-1.139766
-0.829425
-0.349697
-1.049289
-2.182902
-1.912239
-1.696684
-3.277786
-2.565076
-2.114915
-3.504917
-3.165691
-3.297573
-4.247704
-3.918704
-5.251366
-4.159833
-5.133637
-4.877143
-5.243528
-6.275145
-7.321149
-6.253199
-6.163079
-6.976360
-7.214838
-7.796743
-8.140847
-7.435670
-7.720184
-7.415306
-8.093559
-8.913665
-8.629222
-8.362869
-8.088461
-10.077960
-8.518136
-10.329393
-8.860163
-8.652034
-10.031237
-10.739333
-10.577687
-9.336014
-9.711297
-9.326099
-10.272319
-10.526855
-10.277330
-10.069708
-10.500067
-9.439211
-10.017694
-10.448589
-9.186043
-9.351519
-9.845568
-10.534908
-9.561433
-10.403823
-8.589200
-8.565415
-9.700424
-8.875338
-8.914016
-8.472372
-9.254018
-8.951262
-8.989358
-8.254644
-7.915146
-7.112201
-6.774012
-6.592041
-7.409304
-6.086688
-6.691745
-5.619799
-6.612489
-5.669657
-4.850369
-5.249893
-5.658504
-5.058574
-4.911166
-3.183889
-3.741643
-2.558245
-3.943356
-3.707425
-2.092406
-1.280954
-2.584564
-0.737517
-1.015778
-0.712236
-1.437021
-1.007808
0.775157
