-0.368766
0.159315
1.888668
0.951153
1.225868
1.120774
1.573968
3.044922
1.937860
3.457913
3.920471
3.610513
4.036241
3.817845
3.776208
4.898915
4.353393
5.491202
5.321651
6.811272
6.175965
5.781634
7.275115
6.196226
7.747279
7.756938
7.483735
6.725103
7.844135
7.136182
7.395790
8.226055
9.006938
9.474468
9.738947
9.021560
9.852561
8.736224
8.606350
9.099389
9.835922
10.501624
10.714519
9.417499
9.177229
9.208158
9.239578
9.785264
10.247020
10.227579
10.530527
9.102400
9.780069
10.333365
9.622112
8.923796
8.886030
8.841202
9.923187
8.547982
9.218188
8.378556
8.428041
8.513573
9.381941
8.736121
9.476649
7.499020
8.914177
7.394210
8.468793
8.331413
7.297900
6.733165
7.489670
7.385068
6.936308
5.831640
6.313255
5.841192
6.415916
5.238974
5.543125
5.180185
3.687734
4.548024
3.844837
3.265683
2.914506
2.231302
3.015076
1.999522
2.858527
1.406065
1.618342
0.452012
1.173103
0.961588
1.285266
0.974524
0.372423
-0.935061
-0.495073
-1.652885
-1.515553
-1.643414
-1.669204
-1.550039
-2.554089
-3.525259
-3.158491
-3.488627
-3.912183
-3.854626
-4.891330
-4.691974
-4.209736
-5.513463
-5.936828
-5.238820
-5.598466
-6.370720
-5.651864
-6.299092
-6.486673
-6.372764
-7.853823
-7.254097
-8.846094
-7.583346
-8.356444
-7.743795
-9.443661
-8.466638
-9.012282
-9.042509
-8.791545
-8.670747
-10.248899
-9.003829
-10.368366
-8.995822
-10.567989
-10.548616
-9.744736
-9.576002
-9.599445
-9.912270
-10.491847
-10.926681
-10.812052
-10.053711
-10.881690
-10.874176
-9.858356
-10.071247
-9.153452
-9.449131
-9.197313
-9.592981
-9.396976
-9.177604
-10.001594
-8.928157
-8.983278
-8.293915
-8.599344
-7.459109
-7.860196
-7.592270
-8.762950
-8.090023
-6.667042
-7.364969
-7.933647
-7.296829
-6.984295
-6.860318
-5.644273
-5.865832
-4.648897
-5.841854
-4.790624
-4.803293
-4.360283
-3.757923
-3.180698
-3.125471
-3.430912
-2.552960
-3.184847
-2.835523
-2.911960
-1.472149
-1.763380
-0.454972
-0.943864
-0.034612
0.115961
-0.423029
