0.176354
-0.056835
0.077294
2.060463
1.546116
2.180235
1.391890
2.217061
2.782548
3.514070
3.947984
3.549643
4.966552
5.060496
3.624180
5.347247
4.134641
5.189070
5.428051
5.134212
6.636125
6.622354
7.049283
7.024417
7.195527
7.261418
7.246661
8.632044
8.302375
7.517169
8.111605
9.339013
9.145351
8.454170
8.535495
9.726513
8.455809
8.946090
9.120480
10.100114
8.731253
9.393906
9.520092
10.670616
9.868939
9.985139
10.577968
10.904632
10.105485
9.987567
10.045552
9.781575
10.581754
10.449745
9.853891
9.868894
9.581678
10.488616
8.757315
9.539985
10.037763
9.885113
8.453851
8.571820
9.274718
8.691428
7.774197
8.734665
9.009117
8.154209
7.612570
8.569028
7.944907
6.291670
6.845436
6.735020
7.444839
6.602667
6.007102
5.750610
6.252883
5.396276
5.030104
4.256375
3.841822
5.232369
3.469096
4.353420
3.691313
3.026936
3.443655
3.010964
1.821847
2.624643
1.998019
0.354014
1.359398
0.876214
0.555654
-0.085404
-1.011464
-0.778890
-0.347749
-0.437932
-2.483178
-1.477654
-2.510895
-2.211510
-2.591651
-2.431515
-2.520543
-4.082972
-4.356752
-3.262009
-4.939109
-4.152828
-5.411919
-5.343427
-5.239999
-6.556029
-5.297498
-5.792627
-6.251878
-6.909921
-7.268621
-6.580327
-6.528420
-7.004795
-8.369885
-7.136372
-8.691468
-8.410476
-9.553638
-8.424184
-8.653168
-8.862601
-9.813831
-9.902819
-8.547342
-9.185723
-9.184430
-9.070501
-9.760868
-8.935037
-10.143906
-10.391824
-10.222800
-10.481306
-10.205847
-9.536666
-9.660593
-9.641920
-9.997744
-10.082129
-9.612592
-9.880100
-9.518991
-9.036505
-9.836321
-10.337394
-10.124021
-9.552770
-8.223240
-8.245728
-9.554822
-8.179978
-9.607140
-8.161883
-7.371060
-7.130644
-8.520403
-7.403944
-6.727583
-6.886891
-6.171404
-6.268936
-6.846348
-5.723876
-5.818465
-5.602205
-4.766174
-5.632985
-6.012888
-4.397709
-5.393046
-3.787263
-4.371898
-3.082896
-3.996594
-3.523198
-2.263588
-1.597773
-2.999599
-1.056799
-2.466813
-1.270516
-1.496272
-0.915722
-0.806782
0.652661
