-0.190794
0.147748
-0.026588
0.708168
1.252509
1.877321
1.359066
2.579306
2.848594
2.467304
2.615475
3.750223
4.018954
3.690246
5.501733
5.175398
4.109799
5.355316
6.008447
6.178309
5.831833
7.123888
6.836670
7.376304
6.931454
7.599929
8.373079
8.492281
7.635631
7.496619
7.414949
8.672029
8.686125
8.542012
7.965306
9.595206
9.253431
9.130587
8.615391
9.196926
9.226813
9.181634
8.972149
10.714716
10.072735
9.938316
10.266238
9.300706
9.838302
10.427273
9.950260
8.985883
9.434426
10.248971
10.232123
9.746347
9.654600
9.856535
9.290358
8.862223
9.856788
8.745726
8.876742
8.991488
7.943128
9.605975
7.929195
9.147164
8.216944
7.431357
8.758289
7.129658
7.006071
7.823974
7.040014
6.738168
7.562565
7.194850
5.612777
6.245999
5.320832
5.852861
5.487987
4.717676
4.472800
4.708998
4.894050
4.372884
3.163599
3.200225
3.404294
2.222491
1.696256
1.805916
1.181644
0.429759
1.511767
1.440586
-0.232955
-0.688273
-0.010147
0.167963
-0.347306
-1.821061
-1.101078
-1.625026
-2.439755
-2.117942
-2.705877
-2.875021
-3.472368
-4.316158
-3.173882
-4.299744
-4.792488
-4.096076
-5.172141
-4.484661
-4.986587
-5.649761
-6.882309
-6.878906
-6.501903
-6.973185
-6.875244
-7.169647
-7.598176
-8.342290
-8.782155
-8.186050
-7.341301
-8.463043
-8.893710
-9.586031
-8.423019
-9.932578
-9.837326
-9.983079
-10.210069
-9.736842
-9.205957
-8.796854
-9.609391
-10.238582
-9.993295
-9.991398
-9.267889
-9.776591
-9.047924
-10.938059
-9.214795
-9.876341
-9.291634
-9.934481
-9.586791
-10.317209
-9.903354
-9.502674
-10.222556
-8.744337
-9.025996
-8.585769
-10.035269
-8.144481
-8.539369
-9.369075
-7.837066
-7.716912
-7.377069
-7.688071
-8.832952
-8.599091
-6.579617
-7.777820
-6.518474
-6.210948
-7.390083
-5.573296
-6.618911
-4.979584
-5.012992
-4.940576
-4.112563
-5.085983
-4.701279
-4.432229
-3.739814
-3.057053
-2.681336
-2.361018
-2.429262
-2.174914
-2.276982
-2.724684
-1.152843
-0.971767
-0.524859
-0.387052
-0.773553
-0.032349
