0.756906
0.003488
1.753781
0.797106
0.870597
1.877963
2.569411
2.610040
2.450518
3.455256
2.592777
3.972302
3.741664
4.095199
3.741681
5.304696
5.637533
5.822665
6.549137
6.778319
5.496012
5.447994
6.995345
7.010061
6.355239
6.410124
8.030521
8.391274
8.054581
8.346173
8.223959
8.328259
8.441865
9.581276
8.286163
8.571241
9.893349
8.751243
8.734524
10.498630
9.152169
9.764897
10.137376
9.139793
8.919697
10.855429
10.497064
10.654947
9.607744
9.418378
10.819117
9.349276
9.584342
9.479104
9.744652
9.577571
10.586482
10.365324
10.500142
8.600360
10.177212
9.049559
9.247231
8.587930
9.671008
9.308177
7.971752
9.150666
8.381068
7.765556
7.803812
7.410754
8.223427
6.715386
7.035605
7.527254
7.101889
6.518233
6.669518
5.209043
5.015774
6.135769
5.748234
5.593862
3.626691
3.798754
3.239274
3.886459
3.567283
3.163021
2.276737
2.771490
3.020176
0.939478
1.876941
1.320715
1.328386
1.339020
0.572709
0.289269
-0.763651
-0.606756
-0.147539
-0.807773
-0.971608
-2.775589
-2.269925
-2.310206
-3.325403
-3.834832
-3.480956
-3.126714
-4.617977
-4.546137
-3.990529
-5.643536
-5.508645
-5.847815
-5.639546
-5.904257
-6.254845
-5.925218
-5.614803
-6.477694
-7.249490
-7.940253
-6.753555
-7.858208
-8.194345
-7.839493
-9.102899
-8.941797
-9.054775
-9.523323
-8.411975
-9.368979
-9.478418
-8.586584
-8.980815
-10.436887
-10.518741
-9.577842
-10.283185
-10.179736
-10.075972
-9.447110
-10.802966
-10.058336
-9.927187
-10.228315
-10.276556
-10.169908
-10.032828
-8.948560
-9.818434
-10.310339
-10.175869
-10.189371
-8.630633
-8.696519
-10.158958
-8.601184
-9.508050
-9.431983
-8.576069
-8.936293
-9.351745
-9.018489
-7.466568
-7.152137
-8.805346
-7.714163
-8.416576
-7.164752
-6.485152
-6.043860
-7.563521
-7.271208
-5.542757
-6.719454
-5.624080
-6.286486
-4.782796
-5.507993
-3.825269
-4.599285
-3.027590
-2.962002
-3.248550
-3.892563
-2.578671
-3.146789
-2.352120
-2.830661
-2.392444
-1.183333
-1.694141
-0.092021
0.117156
0.641512
