-0.639267
1.170555
0.706813
2.020826
2.441240
0.914217
2.097515
1.596880
2.458109
2.707227
3.198980
4.315672
4.862607
5.092539
4.401230
5.104555
4.479975
5.184645
6.058485
5.503671
5.396176
6.025010
5.646372
7.599197
7.718386
6.834658
8.119616
8.575275
8.534247
8.410985
7.982333
9.232717
7.785274
9.010076
8.485898
9.886740
8.793502
9.921497
9.581623
9.077109
10.113259
10.618575
10.409342
10.411953
9.159845
9.660994
9.220954
8.981476
10.831679
10.099198
10.653212
9.394826
9.055633
10.095852
10.554928
9.980409
9.388956
9.005177
9.191127
10.147220
8.661386
8.955072
8.730266
8.331136
8.744586
9.513768
9.519098
8.518049
8.066807
7.680426
8.178981
6.775224
6.991331
6.540316
7.620398
7.072382
7.096252
6.757140
5.132610
6.692786
5.238050
4.927644
4.441329
5.770197
4.446550
4.436724
3.364845
3.436380
4.057715
2.458960
3.283611
2.715719
2.013081
2.594164
1.880764
1.621930
1.875960
0.829838
-0.334887
-0.819929
-1.040102
-0.319152
-1.428013
-1.342297
-2.149372
-1.413204
-2.156036
-3.336878
-3.073459
-3.182836
-3.782068
-3.016258
-3.791931
-4.021987
-4.713040
-4.830294
-4.334902
-6.070037
-5.375947
-5.450962
-5.862749
-6.127828
-6.766752
-6.294069
-6.929208
-6.845323
-7.800744
-8.178233
-6.961409
-8.657619
-8.924441
-8.133979
-9.102919
-8.025442
-8.262285
-9.931296
-9.789128
-8.780212
-9.362382
-9.175942
-10.461285
-9.787039
-9.157631
-10.630023
-9.577829
-9.139427
-9.072564
-9.766966
-10.975549
-10.743540
-9.028761
-10.016934
-9.296397
-9.614514
-10.406238
-9.108991
-9.017303
-9.976427
-9.726234
-9.593005
-9.065406
-9.602961
-8.195842
-9.001608
-8.049691
-8.687164
-8.727146
-7.979105
-7.703384
-7.142975
-8.001443
-7.269366
-8.269669
-6.386302
-7.438207
-7.277291
-7.174870
-6.850765
-7.043726
-5.762677
-5.441780
-4.495979
-5.776131
-4.196137
-4.476300
-4.674871
-3.282754
-2.825366
-2.771073
-4.004119
-3.379962
-3.380066
-2.371615
-1.375819
-0.739005
-0.376424
-1.410054
-1.041060
-0.734744
0.594510
