-0.650379
0.114587
0.580453
1.865453
0.715232
1.327478
1.459211
2.844243
3.391759
3.939671
2.732037
4.035864
3.004897
5.121110
4.021678
5.192789
5.852385
5.677685
6.396113
5.862561
5.752485
6.524455
7.578956
7.633149
7.879310
7.373132
8.025547
7.543482
7.546344
7.592877
8.152870
7.537616
7.678708
8.631245
8.663470
8.852362
8.492656
9.663113
9.750914
8.756838
9.806495
8.992320
10.391250
9.175930
10.266512
10.588088
10.088755
10.051986
9.914228
9.649447
10.927310
9.194552
9.820496
9.807042
10.053875
10.672160
9.167186
9.501108
8.920259
10.485788
8.835498
9.106264
9.132460
9.122166
8.969037
8.445441
9.191430
7.689949
8.514597
7.919322
8.900496
7.331425
6.613197
7.877642
7.066801
7.424699
5.755671
6.611140
6.181570
6.118650
4.755841
5.679180
5.054521
5.308551
4.400655
4.999683
4.931198
4.601722
3.609209
2.801110
3.483661
1.684987
1.873016
1.452644
2.491946
0.797698
0.387641
-0.014932
1.309685
-0.937304
-0.452799
-1.073778
-1.700979
-1.617379
-2.227475
-0.972445
-1.431764
-2.187032
-2.293121
-2.647459
-2.481419
-3.043975
-3.507446
-3.677986
-3.842944
-4.052433
-4.894125
-5.843127
-5.116359
-6.744974
-5.200277
-5.734789
-6.450214
-5.948834
-7.607234
-8.116342
-7.952504
-7.984473
-8.378111
-8.326021
-8.630190
-8.177639
-7.725848
-9.758712
-8.334097
-8.597902
-9.863811
-8.780388
-9.163432
-9.291554
-10.276654
-9.230075
-10.406421
-9.514358
-9.659030
-9.447758
-10.182731
-9.360247
-9.174686
-9.255309
-10.068449
-10.565626
-9.325567
-9.915628
-9.865232
-10.551027
-10.061114
-10.209956
-9.802499
-9.144578
-9.151247
-10.293746
-8.956825
-9.650800
-8.328336
-8.679198
-9.383567
-7.460605
-8.232167
-8.124074
-6.947718
-7.620943
-7.273551
-7.806993
-6.858996
-7.554744
-6.619314
-7.341335
-5.452420
-5.207521
-4.725867
-5.268276
-4.870062
-5.525196
-5.095273
-3.339464
-3.301897
-3.743391
-3.338505
-3.048880
-2.832624
-3.383140
-2.741816
-1.688717
-1.302555
-1.924093
-0.078458
0.304353
0.337987
0.448624
