0.147940
-0.095097
1.622092
0.865375
2.288456
1.550656
1.584801
2.511162
2.483584
3.960364
2.996810
3.345325
3.686653
4.298974
4.603358
5.428645
5.025548
4.966353
4.739731
5.235716
6.595047
6.614538
6.014268
7.458253
6.808671
6.860997
7.248300
6.973763
7.829380
7.805448
8.054942
7.620073
9.090836
9.586810
8.871428
9.591419
9.679177
10.290662
8.977650
9.292780
9.573992
10.590903
8.947710
10.496270
9.108814
10.015837
9.361356
9.225138
10.911266
10.583673
9.202125
9.418047
10.493764
10.604688
9.921032
9.090459
8.936920
9.747362
10.359941
9.944934
9.288109
8.529388
9.244284
8.245379
8.842290
9.466553
7.626824
9.356059
8.535362
7.950730
8.182860
7.000782
8.399090
7.910376
7.836702
7.289247
5.616432
6.411534
6.267711
6.624670
4.776771
5.769128
5.950611
3.941044
4.664575
3.358457
3.733124
2.831098
2.918792
3.446081
3.204474
3.458298
1.323677
2.552330
2.365764
0.258082
1.447803
0.500209
1.271070
0.759060
0.517361
0.175872
-0.467495
-0.317759
-2.164925
-2.664176
-1.463100
-1.579712
-2.138581
-2.793695
-3.778278
-4.385642
-4.039368
-3.308049
-4.984304
-5.703197
-5.261843
-5.579228
-5.574560
-6.629594
-6.620962
-6.363423
-6.038480
-6.371762
-6.367754
-8.101102
-7.775535
-7.570586
-8.640021
-7.166510
-8.826994
-7.981935
-9.501742
-9.042965
-9.095368
-8.815279
-8.418760
-9.742951
-9.305762
-8.592598
-9.036781
-9.934417
-8.940270
-10.551313
-9.879551
-10.625348
-9.452907
-9.679369
-10.049700
-9.604045
-9.238872
-8.983215
-10.153695
-10.381447
-9.897054
-10.714498
-10.598960
-10.293044
-9.076428
-10.020694
-9.748526
-9.893767
-8.884370
-8.906593
-9.891673
-8.467106
-9.453119
-8.771952
-8.866078
-8.413510
-7.671638
-7.250322
-8.118677
-7.810276
-7.646544
-7.044192
-6.645100
-6.151270
-5.505293
-5.745146
-5.955351
-5.484364
-5.767795
-4.027225
-4.042895
-3.456168
-3.724260
-3.459878
-4.000014
-2.393777
-2.474622
-1.839894
-2.565750
-1.442126
-1.377172
-0.319415
-1.404405
-0.431145
0.445589
-0.416961
