-0.021890
-0.248767
1.678868
0.677724
1.039642
2.386185
1.298923
2.467710
2.706626
2.889373
3.385709
3.149426
3.411466
3.543896
5.078079
5.043471
6.021848
5.864627
6.103840
6.723455
5.600261
6.828953
6.061519
6.868397
7.196986
6.688980
7.320669
8.047184
7.053819
8.086925
7.688189
8.835473
8.621335
9.224341
8.869304
9.587496
9.189106
10.279229
9.507152
9.855960
9.612011
9.279688
9.791099
10.721301
9.896912
9.514014
9.848231
10.941630
10.566231
9.453691
9.890064
9.157619
10.524067
10.261442
10.143163
10.677489
9.695143
9.481634
10.255914
9.354998
9.837909
9.541050
9.774148
9.759452
8.099516
9.533092
9.122766
7.452328
8.656394
8.593465
8.168293
7.729944
6.934756
6.348973
7.612457
6.680795
5.640564
6.634115
5.146269
6.619851
5.324603
4.478555
5.882049
4.049821
4.255088
4.153301
4.038349
3.958105
2.725059
2.677161
2.051567
1.930181
2.010521
2.462804
2.525719
1.574151
1.702386
-0.173930
0.304873
0.674072
-1.302780
-1.299716
-0.510055
-0.985470
-1.621834
-1.739611
-2.049622
-2.397641
-3.223331
-2.534327
-3.429726
-2.707942
-3.675191
-4.814879
-5.387815
-4.276964
-5.018576
-6.112617
-5.384051
-6.608173
-5.788287
-5.540681
-6.009769
-6.970363
-6.119188
-7.544931
-7.571667
-7.983613
-8.427769
-8.175778
-9.133003
-9.166685
-9.068995
-8.864054
-8.971617
-8.393284
-10.002628
-10.198237
-10.316733
-8.900440
-9.270781
-9.205553
-9.253080
-9.124004
-9.578103
-9.207157
-10.277754
-10.370504
-9.181163
-10.891205
-9.569783
-10.403196
-9.727698
-10.658414
-10.770426
-9.033839
-9.438248
-9.509284
-9.973802
-8.849381
-8.421703
-9.436692
-9.823197
-9.600657
-8.196632
-8.046638
-8.632220
-9.038711
-8.951858
-8.969415
-7.519967
-7.486976
-6.732754
-6.574629
-6.315827
-6.884573
-6.137718
-6.835878
-5.202205
-6.432470
-6.494144
-5.016932
-4.109963
-4.741204
-3.760348
-5.096145
-3.170315
-4.597008
-3.147537
-3.904327
-3.228168
-1.515801
-2.213247
-2.173652
-1.788012
-1.604473
-1.617270
-0.704881
-0.638249
0.314539
