1.160260
0.304891
0.367286
2.193110
0.608485
1.295227
2.162805
1.910915
2.598810
2.958249
4.088493
2.910406
3.407091
4.172792
4.829724
5.311806
4.889189
5.875787
6.485847
6.694393
6.263025
6.801141
6.762085
5.897292
6.587046
7.806785
7.606551
8.377499
7.587842
7.752260
8.223519
8.546903
9.250462
7.824640
8.623902
8.392804
8.593164
8.495810
9.132262
10.394893
10.555963
8.757796
8.920403
10.216154
8.908657
9.246769
9.598228
10.976092
9.898062
10.778611
10.931685
10.914208
10.772384
9.251086
10.041703
8.837944
10.265887
10.313923
9.944283
10.255325
8.453016
8.496935
9.329749
8.609527
8.084326
8.454119
8.018232
9.411871
8.479284
8.831536
7.112182
7.970815
7.898835
6.361991
7.181640
7.694283
7.498181
7.019105
6.112716
5.553889
5.729530
4.581329
5.267920
4.304068
3.649490
5.024970
3.874292
3.161666
3.488919
3.553278
2.555854
2.259066
2.230404
1.944497
0.736589
0.854438
1.791119
1.494965
0.546436
-0.285401
-0.839555
-1.190492
-1.014019
-1.217092
-1.913870
-1.015321
-1.685451
-2.818311
-3.549341
-3.986320
-3.014553
-3.132616
-3.107674
-5.232408
-4.598195
-5.514736
-4.198495
-5.411629
-6.103551
-6.130413
-5.607386
-6.421158
-6.035138
-7.490703
-6.102532
-7.238659
-6.513158
-7.049717
-8.158031
-7.503334
-8.140638
-7.483790
-7.796960
-8.224102
-8.649748
-9.011183
-8.304352
-8.835160
-10.385399
-10.158052
-9.971059
-9.029330
-9.996616
-10.790199
-9.356477
-9.509739
-9.596846
-10.200653
-9.371620
-9.266261
-10.344734
-10.608655
-10.796307
-10.398244
-9.349208
-8.873475
-9.471742
-8.881905
-9.016187
-9.682694
-8.477213
-9.411762
-8.866972
-9.624358
-8.408031
-8.177104
-8.707045
-7.976902
-8.515202
-8.766538
-8.158328
-8.011327
-7.680883
-7.563940
-7.118639
-5.851496
-6.132185
-5.553494
-6.093083
-6.627743
-6.620803
-5.912741
-4.564450
-5.402153
-4.912405
-3.664598
-3.511958
-3.267350
-2.467686
-3.905323
-3.668208
-1.834338
-1.836838
-2.472832
-0.860055
-1.206285
-1.029400
-0.849087
0.114466
-0.094975
