1.119691
1.573690
1.873460
1.515455
1.391688
2.771799
3.088876
2.950889
2.558722
3.877300
2.913494
4.444440
4.731765
3.790125
5.120995
5.709855
5.272626
4.589287
6.426905
5.861823
6.230438
6.639112
7.041612
7.658890
6.462056
8.219691
8.279015
8.330981
6.995262
7.513966
7.288942
8.019402
9.106274
7.903636
8.940716
8.686669
9.775757
10.207021
9.003480
9.577019
9.433690
10.497176
9.030840
10.764643
10.358201
9.993055
10.762108
10.491370
9.253447
10.580755
9.944473
9.437294
10.164497
9.687300
9.013512
9.707430
8.954446
9.828269
10.139530
9.256800
9.646831
10.138048
9.996742
8.973144
8.482772
8.640524
7.960183
8.838197
8.378897
7.320942
7.163944
8.396276
6.572043
7.407715
7.382282
6.941492
6.302145
7.218594
6.149677
5.781368
5.669015
5.135496
5.362231
4.815202
3.980357
4.928445
3.779556
3.119194
2.463252
2.878551
1.891489
2.255764
2.292335
1.338125
1.604940
1.608004
1.296389
0.843997
0.895963
-0.479519
-1.285129
0.350516
-1.308068
-0.969711
-0.617462
-1.076890
-2.833866
-2.963882
-2.626238
-2.182938
-2.643310
-3.744027
-3.149966
-3.263824
-4.505826
-4.251717
-5.814868
-5.376091
-5.936914
-5.165290
-6.760284
-5.880236
-7.575815
-6.114883
-7.819819
-6.499098
-7.979581
-6.806515
-8.326290
-8.273808
-7.585679
-8.568010
-9.193709
-8.890348
-9.469975
-9.284755
-8.554488
-9.141983
-10.319105
-9.831458
-9.184280
-9.711820
-10.487499
-9.432602
-9.579866
-9.081323
-10.425019
-10.906138
-10.244581
-9.262642
-9.120932
-10.575918
-10.242274
-10.269910
-9.634694
-10.631907
-9.914640
-10.410658
-9.369815
-8.613353
-9.625782
-8.891866
-9.309748
-9.425965
-9.863553
-8.233600
-8.403315
-7.652320
-8.490367
-8.701955
-7.749749
-7.650945
-6.874175
-6.413018
-6.160914
-7.067539
-6.621106
-5.412375
-5.665250
-4.935950
-6.560355
-4.521834
-5.420009
-3.991497
-5.048091
-3.557103
-3.759690
-3.362463
-3.213557
-3.625518
-2.856899
-2.277054
-1.556823
-0.928125
-2.164495
-0.836610
-1.468876
-0.040713
-0.541631
-0.706679
