0.063397
-0.294604
1.371776
1.966441
1.129677
1.536218
2.321380
2.842901
2.888937
3.646183
2.913327
3.415210
4.565110
4.017956
5.474182
5.204602
5.275478
6.132062
5.373879
6.143013
6.171270
6.068080
6.518621
6.412314
6.767788
6.647626
7.813848
7.591110
7.154667
7.366422
8.760557
8.643493
8.387967
8.382295
9.748863
9.692600
9.075735
8.651600
9.714295
10.266150
8.939037
9.255509
10.689895
9.351054
9.902740
10.774918
9.626544
10.653568
10.455165
9.029498
10.411987
10.371604
10.561296
10.708121
9.864712
9.888889
10.379062
9.240064
9.763938
8.984811
8.821571
8.331316
8.516156
9.661044
9.160023
9.565807
9.048390
9.055193
8.472443
8.944855
8.305680
7.091586
7.678958
7.739106
7.735518
6.339481
6.934016
7.182982
6.784075
6.586744
5.209118
4.555680
4.710211
5.801723
4.654335
4.572621
4.584793
4.646540
3.805983
3.904147
3.678515
2.856744
1.825926
1.684773
1.804487
1.322727
1.403769
0.035303
0.959873
-0.021515
-1.136188
-1.469134
-1.358325
-1.472562
-1.082927
-1.785947
-2.135417
-1.777698
-2.005745
-2.169044
-2.643573
-2.915177
-3.164390
-4.433408
-4.145269
-4.397688
-4.315049
-5.288234
-6.174681
-5.222402
-6.678958
-7.026604
-5.932800
-7.341906
-6.618140
-7.136343
-6.952626
-8.415400
-7.308678
-7.935861
-7.519500
-8.169474
-9.419530
-9.225003
-9.207102
-9.924471
-8.639514
-10.071094
-8.899838
-9.927328
-9.612882
-9.448769
-9.995828
-10.446382
-10.801559
-9.861338
-10.697269
-10.496488
-9.369293
-9.958594
-9.654644
-9.465036
-9.127247
-10.221625
-10.311592
-10.058183
-10.157753
-9.398987
-8.943220
-8.900237
-9.554314
-8.448991
-9.072414
-9.879630
-9.114687
-8.727847
-8.807782
-8.360783
-8.045399
-9.009716
-8.364272
-8.181820
-6.703463
-6.672074
-7.770912
-7.356308
-5.994029
-6.477553
-6.485779
-6.646665
-6.388017
-5.160867
-5.937507
-5.191214
-4.154474
-3.910525
-3.413798
-4.051271
-3.586398
-3.559514
-1.963369
-2.323670
-1.199170
-1.031858
-1.835379
-1.947719
-0.163157
0.182071
0.667448
-0.448014
