-0.299987
0.871848
1.397610
1.231133
2.188673
1.387705
3.111740
1.683334
2.307411
3.655416
4.259954
3.153655
4.665098
4.781403
4.293695
3.934470
5.378433
5.192152
4.692664
6.819595
5.533360
6.182986
7.098768
6.050566
6.340350
7.121438
7.081931
8.063335
8.692661
8.964463
7.293764
8.220873
8.929040
8.411375
9.743468
9.685962
8.869235
9.554817
9.578487
10.148269
8.975250
10.306243
10.118309
10.233894
10.523287
9.006545
10.069370
9.964329
10.436989
9.888447
10.677426
10.627274
10.133324
9.588983
10.743301
9.901400
10.521613
8.822446
10.306344
10.483493
9.087364
8.821148
9.775200
8.244501
8.830736
8.139558
8.599373
8.922822
8.698855
8.109132
8.418400
8.473807
6.773901
6.863152
7.327717
6.848077
5.690999
5.540969
5.284727
6.598594
5.000419
5.230579
5.462942
4.984166
4.367861
4.158912
3.520184
4.576477
3.787287
2.850782
2.600922
2.943832
2.242083
1.582043
1.880639
0.875487
1.529617
0.619756
0.975656
0.707735
-1.171641
-1.502205
-0.921750
-0.441924
-1.274008
-2.649699
-1.347937
-1.679690
-2.071414
-3.056602
-2.798882
-4.533701
-4.191397
-3.762302
-4.942442
-4.080926
-6.062331
-4.648191
-6.397561
-5.747038
-5.394458
-6.133757
-6.684172
-6.237382
-7.211309
-6.754274
-7.353608
-7.950313
-7.611738
-7.239483
-8.026285
-8.615475
-8.469690
-9.733647
-9.805486
-9.789988
-9.421253
-8.808045
-9.334821
-9.889765
-9.308763
-8.704464
-9.973720
-10.065130
-10.534358
-10.604894
-10.701876
-10.447894
-10.226833
-10.534110
-10.156431
-8.990981
-9.016550
-9.490207
-9.891566
-10.364236
-10.737328
-9.417381
-8.862696
-9.981908
-8.502023
-8.590545
-10.040005
-10.032063
-9.493952
-9.527363
-7.871761
-7.732919
-7.691667
-7.728368
-8.515198
-6.824122
-7.410123
-8.205347
-6.644987
-6.006424
-5.805142
-6.157121
-6.723826
-4.973942
-5.898615
-5.105141
-4.217623
-5.508908
-4.074509
-3.934146
-4.743424
-4.677790
-3.550760
-3.048613
-3.460911
-2.511050
-1.207931
-2.663331
-1.490918
-2.093621
-1.399110
-0.004773
-0.954098
-0.323936
