-0.358339
1.189251
1.416212
1.443528
1.062800
1.471960
2.077077
1.601197
3.437967
3.045583
2.656329
2.864380
3.057142
3.425492
4.076753
4.894168
4.472900
5.271913
4.937262
5.733097
6.910714
6.953492
6.114814
6.622529
6.091697
6.844573
7.906571
7.209869
6.963770
8.985135
9.099939
7.466615
9.604353
8.085204
8.563218
9.437415
9.248448
9.233141
10.222093
9.593333
10.449263
9.908058
10.242132
10.232844
9.462785
9.341275
10.298607
10.025414
9.498534
9.588305
9.010699
9.604686
9.790737
9.466421
10.659069
10.547316
9.038516
8.700626
9.527168
10.179948
9.443988
9.104534
9.121199
9.973872
9.054262
7.780518
9.135730
8.696779
9.112475
9.075362
7.873171
8.295865
7.322335
6.959946
7.289368
7.736805
7.277112
6.753273
6.629257
5.011200
4.705617
4.815144
5.354548
5.083964
3.571879
5.029352
4.263135
3.601570
2.513335
4.051444
2.307655
1.747712
1.875030
2.055944
2.212093
2.060916
1.766728
0.365931
-0.447351
-0.490684
-0.760070
0.241865
-1.422026
-1.161907
-1.111745
-1.671054
-2.094038
-2.468055
-2.545094
-2.206937
-3.250684
-3.757393
-4.273110
-4.374849
-5.217997
-4.068183
-4.384912
-4.497884
-5.079961
-6.668062
-6.433071
-6.637169
-5.697721
-6.143434
-6.383645
-7.046762
-7.186748
-7.883345
-8.543481
-7.710707
-8.481074
-8.933613
-8.736621
-8.907785
-8.059481
-9.993107
-8.954352
-9.949594
-9.628941
-9.647496
-8.841323
-9.457651
-10.584041
-9.422629
-10.458243
-10.004239
-9.836966
-10.363028
-9.714526
-9.818207
-10.907299
-9.937083
-10.667393
-9.782339
-10.266250
-10.264605
-9.808349
-9.152490
-9.532585
-9.986767
-9.428758
-8.344930
-8.572671
-9.718117
-9.373329
-8.133845
-9.261257
-7.678607
-9.256274
-7.374930
-7.987401
-8.413935
-8.125743
-6.300715
-7.472351
-6.783967
-7.125905
-5.415306
-5.177934
-6.846751
-5.307351
-6.230066
-5.177011
-4.168885
-5.241085
-3.954007
-3.971566
-3.285121
-4.200492
-2.391772
-3.314530
-2.001000
-1.857565
-2.387865
-1.318381
-0.420018
-1.028012
-0.127769
0.153324
-0.424351
