1.027427
0.211927
1.575963
1.497272
0.809449
1.064258
2.704314
2.973657
2.495921
3.112702
3.695386
3.529955
3.956285
4.783159
3.561345
4.609164
4.386303
5.927864
5.808769
5.501365
5.673722
7.055810
7.494814
6.805192
7.179051
6.812782
7.850069
8.013406
7.029041
8.905855
8.363807
7.702967
7.938619
8.711405
9.900737
8.066296
9.233623
9.736563
9.094452
10.145820
8.617281
10.414560
9.589544
10.412235
9.959722
8.970971
9.403501
9.272782
10.597311
10.415566
10.399969
9.742902
9.834590
8.988430
9.611530
9.028854
10.490260
9.875503
8.789073
9.424614
8.581053
9.570737
8.731634
8.374978
8.957762
8.269761
7.717343
8.270567
8.501005
7.748519
7.000321
7.449058
7.733308
7.607826
8.042586
6.500979
6.954665
6.163093
6.074386
6.009578
5.483720
4.681398
5.591092
5.233479
4.687739
4.218509
3.475671
3.911950
3.786103
2.981209
2.597850
2.600866
1.718958
2.289745
0.827189
2.042816
0.303068
1.615789
0.349538
-0.002223
-0.296814
-1.180098
-1.643274
-1.160155
-1.327434
-1.233338
-1.771946
-1.718651
-2.107963
-3.487382
-4.261899
-4.588423
-4.221592
-4.461069
-3.688747
-4.353518
-5.868910
-5.910664
-6.269834
-6.362529
-5.724932
-6.080571
-5.915279
-7.270696
-7.774744
-7.893743
-7.515443
-6.889585
-7.435128
-7.362029
-8.912488
-9.117133
-7.743656
-9.037635
-9.894250
-8.772061
-8.200317
-9.173284
-10.046636
-10.336741
-8.886325
-10.277004
-10.417983
-10.783636
-10.725997
-9.886849
-9.299395
-9.786925
-9.487930
-9.366341
-9.553263
-9.066577
-10.705767
-9.283210
-10.850656
-9.677645
-10.075603
-9.108879
-8.842493
-10.336390
-9.265742
-9.055685
-9.558687
-9.048119
-8.941870
-9.000235
-7.827042
-8.724163
-7.491375
-7.542121
-7.982614
-7.693517
-6.692157
-7.718970
-6.995354
-6.358961
-6.999606
-5.664519
-6.834147
-6.408715
-5.865645
-4.470156
-6.089935
-4.709515
-4.805768
-3.821500
-4.836185
-4.491991
-3.484156
-3.296155
-3.082736
-3.105642
-2.411965
-1.391207
-0.963409
-1.392886
0.000068
0.184247
-0.486263
-0.312102
