0.325351
0.591402
1.856411
2.015676
0.767104
1.696315
2.285268
2.666735
2.067807
3.367742
4.315669
3.623208
3.410468
4.829559
4.251858
4.592703
5.519491
6.324464
5.493956
5.701064
6.714807
7.195899
7.305817
7.200095
7.569915
7.648872
6.530638
7.288999
6.974791
7.836342
8.692787
8.195395
9.573333
9.309094
9.173742
9.009187
8.395819
8.961879
10.268734
8.610808
8.732389
10.473133
10.576666
10.353570
9.987412
9.763517
9.928574
9.639080
9.547867
10.104343
9.594040
9.218564
10.329935
9.926684
9.217524
10.567097
10.649410
8.848465
10.100637
9.900083
10.377065
9.159655
10.105141
9.146875
8.941894
8.009768
8.005551
8.431065
9.167905
7.170120
8.609726
8.312939
8.447504
6.636071
7.245349
6.441781
6.177402
6.926557
6.100950
5.543263
5.364402
5.971658
4.186167
4.450849
4.809623
4.341339
3.754221
3.135218
2.991532
3.361173
3.478713
2.097250
3.166136
1.293589
2.167250
1.534632
1.053014
-0.218284
-0.243494
-0.353238
-0.405951
-0.754585
-0.833554
-0.470373
-0.871256
-2.282476
-1.463349
-3.362094
-1.964295
-3.658487
-3.803254
-3.644702
-4.052455
-3.353316
-3.873685
-5.260534
-4.148237
-5.189662
-6.062436
-6.010665
-5.606628
-7.365235
-5.654435
-7.152182
-6.150072
-6.630927
-6.877417
-8.332910
-7.708215
-8.398365
-8.207182
-8.775730
-8.203055
-7.974190
-8.536842
-8.146465
-8.937258
-10.112754
-9.570339
-9.814184
-9.631444
-9.365339
-9.771370
-9.638006
-9.250708
-10.098304
-10.775967
-10.745608
-9.156683
-10.990107
-10.057338
-9.329524
-9.119828
-10.450704
-10.000826
-10.303387
-9.143484
-9.859702
-8.604943
-9.034259
-10.115060
-9.143142
-8.459985
-9.743016
-9.523735
-9.320694
-9.323276
-8.451655
-7.520315
-8.303849
-7.156960
-7.426085
-7.831223
-6.670651
-6.209895
-6.981978
-6.847642
-7.290892
-6.802393
-6.826936
-6.424709
-6.300658
-5.458248
-5.482636
-4.694191
-5.187964
-4.477904
-3.659981
-2.500377
-3.630206
-2.868645
-2.800992
-1.528588
-0.981191
-1.897390
-1.908975
-0.689034
-0.777037
-0.107489
0.125134
