-0.090975
-0.058986
0.651265
0.430238
1.448121
1.337239
1.932972
1.623776
3.777710
2.337445
3.094657
3.352619
3.211324
4.536279
4.143496
5.295702
5.103241
5.126241
5.289092
4.939339
6.027391
5.960617
6.022555
5.907675
7.958149
8.053240
6.649526
7.569347
8.026857
7.691770
8.387949
7.572983
9.279647
8.103556
8.606276
8.180418
8.198978
10.246287
9.373468
9.154209
8.701216
10.645423
9.355272
10.599593
10.115185
9.607300
9.976319
9.324658
10.181353
10.172050
10.736310
9.761520
9.428422
8.950453
10.552239
10.647242
10.345514
9.588662
9.873940
9.051943
8.473838
9.568718
8.920825
9.584762
8.969174
8.590327
8.099966
8.332792
8.658717
7.877514
8.260813
6.880302
7.029387
6.852787
6.304707
7.330203
6.120812
5.557463
5.608538
6.789152
5.869780
5.176915
5.926095
3.922989
4.441621
3.630957
4.680685
2.777809
3.495157
3.309721
2.591546
2.101067
2.326742
2.169522
1.668411
0.949573
0.986214
0.729272
0.996162
-0.341803
0.597116
-1.404611
-1.269549
-1.695601
-2.170119
-1.292863
-1.979881
-3.229933
-3.155844
-2.315387
-3.898894
-4.517973
-4.786250
-3.944485
-5.053400
-3.917234
-5.897877
-5.758025
-5.126734
-4.940133
-5.171684
-6.949760
-6.062519
-7.085989
-7.849539
-6.866167
-8.013919
-8.394245
-8.499665
-7.497992
-7.618398
-7.570521
-8.601722
-8.222073
-9.779396
-9.724729
-9.636471
-9.552771
-8.456905
-8.657579
-9.280562
-9.764164
-9.626916
-9.888298
-9.817748
-8.980066
-10.077908
-10.102745
-9.007131
-10.963208
-10.804345
-9.167742
-10.842295
-9.073935
-10.592926
-10.510158
-9.692855
-9.537757
-10.097295
-9.636266
-9.912032
-8.888192
-9.058419
-9.845912
-9.244314
-7.933636
-8.484481
-9.213263
-8.836510
-7.700945
-8.725982
-7.924180
-7.452408
-8.150158
-6.666759
-6.191261
-5.902056
-5.434807
-5.945167
-4.948582
-6.334674
-4.447178
-4.961095
-5.756405
-3.812076
-4.810278
-4.871674
-4.543894
-3.117563
-2.309175
-2.694874
-3.102573
-2.512619
-1.488488
-2.218339
-1.761143
-1.441829
-0.211577
-0.165837
-0.150697
