-0.152887
0.271501
1.362072
2.038480
1.405341
2.753386
1.536591
3.062896
2.784307
3.692676
2.647760
4.641595
3.359083
3.771768
3.747790
4.699580
5.433484
4.897308
6.215579
5.682431
7.036345
6.301125
7.259525
6.142440
7.264542
7.559421
7.336574
8.172740
8.533591
8.140346
7.873010
8.529242
8.258672
8.761261
8.354527
9.748617
10.174592
9.485264
8.895267
10.046115
10.538721
9.821237
10.055967
9.766072
9.215787
9.238750
10.205688
10.500349
10.782698
9.376182
10.016803
9.984419
9.762512
10.205765
9.670974
9.687998
10.501624
9.769970
10.321281
10.296511
9.883568
9.004344
10.094265
8.395783
9.780898
9.497075
9.319166
8.212834
8.464674
8.474007
6.931593
7.133352
7.851226
6.450709
6.231835
5.989790
7.451265
6.375578
6.029239
5.615674
6.221532
5.513030
4.931862
3.937440
3.820277
4.339389
3.941238
2.767189
2.391516
2.562932
2.033510
2.627711
1.385794
2.164348
1.680468
0.416975
0.252285
0.548114
0.829228
0.599057
0.164598
-0.770233
-0.654590
-1.235975
-1.688152
-1.979942
-3.042015
-2.769946
-2.292202
-4.028989
-3.982355
-2.869696
-4.560752
-3.940999
-4.099143
-3.854944
-5.051008
-6.319160
-5.890187
-6.798834
-6.272810
-5.455676
-7.305718
-6.018791
-7.868844
-7.897980
-7.181867
-8.606494
-8.614896
-7.672540
-8.031009
-8.440040
-8.999769
-7.822996
-9.123120
-9.216234
-8.921839
-8.507749
-8.421726
-10.105688
-9.819974
-9.780202
-8.887196
-10.040450
-10.260057
-9.046123
-10.551428
-9.817644
-10.534503
-10.380388
-9.317355
-9.022477
-10.773276
-9.292231
-9.699480
-9.869858
-10.098910
-9.074442
-9.712381
-10.387450
-9.690409
-9.056879
-8.750414
-8.138695
-8.022303
-8.395550
-9.219743
-8.112866
-8.361474
-8.582910
-8.419857
-7.747843
-7.665219
-8.243037
-7.586969
-6.337247
-6.700243
-6.654514
-5.929763
-4.921319
-5.186626
-5.590307
-5.380719
-4.552935
-3.756280
-3.792548
-3.120654
-4.476597
-2.852660
-3.023857
-3.114069
-2.580665
-2.531727
-2.096006
-1.892064
-1.959224
-1.123185
-0.651408
-0.935464
0.694702
