-0.290622
0.830481
0.003212
1.453164
0.714349
1.012864
1.697377
1.574694
2.185769
3.389861
4.010143
4.041170
3.333929
5.253131
4.383759
4.729476
5.105431
4.431615
4.788254
5.319105
5.549134
5.745493
6.551319
6.930034
7.220153
7.559654
6.935776
7.564336
7.746832
8.015336
9.217294
8.140257
9.242621
8.952990
8.838534
8.318420
9.403852
8.808662
10.227145
10.277934
9.822181
8.898425
10.363366
9.600099
9.487853
9.220951
9.144055
9.452595
10.611909
10.104804
10.355964
10.784991
10.890009
9.628951
9.738663
10.478387
8.970889
8.770550
10.532385
8.718517
9.373752
9.581652
9.888251
8.571306
8.666031
9.236211
8.519629
8.852786
7.935237
7.961025
8.804380
6.859360
8.153624
8.173973
6.811481
7.798914
5.774965
6.828694
5.966768
5.514290
5.628107
5.675102
5.035062
5.535064
4.265494
3.454822
3.629563
4.269317
3.865268
3.537487
2.612745
1.496870
2.920332
0.968298
0.918584
0.565681
0.647400
-0.234448
-0.136839
0.234068
-0.953589
-0.409524
-0.543635
-1.807813
-1.251784
-1.570002
-2.427520
-2.968510
-1.890568
-2.980176
-4.069574
-4.080995
-4.719373
-4.148192
-5.458669
-4.786908
-4.096892
-6.029147
-5.825651
-4.944713
-5.295495
-5.415970
-6.719733
-6.718958
-6.936052
-7.551539
-7.559099
-8.554117
-8.738493
-7.252962
-8.607959
-8.488799
-8.437366
-8.988235
-7.939911
-9.906685
-9.558872
-9.581388
-8.991294
-10.101502
-9.574714
-9.953017
-10.281890
-10.468577
-10.610637
-9.334291
-9.786721
-10.869999
-9.324224
-9.396300
-10.402954
-9.564245
-9.749993
-10.539558
-10.830360
-9.777465
-9.777096
-8.689831
-10.303050
-9.863292
-10.400318
-9.826022
-9.826657
-9.748556
-8.666214
-8.621767
-9.504870
-7.825292
-8.257730
-8.877067
-8.566356
-7.758698
-8.070924
-7.167477
-6.841585
-5.902805
-7.157725
-6.980691
-5.831587
-5.757791
-5.838226
-4.849400
-5.760915
-3.982214
-4.162698
-3.381018
-4.125618
-3.479899
-2.485531
-3.280289
-2.231925
-2.990883
-2.491743
-1.784113
-1.392472
-1.906866
-0.238618
-0.669063
-0.248745
0.690777
