-0.115858
0.803366
0.405754
1.296421
0.612283
2.185775
2.985298
2.988798
2.737260
2.981564
3.111602
3.267053
4.868211
4.547343
3.576466
3.921604
5.339046
6.309698
5.568333
6.643638
5.415967
6.346031
6.506840
6.913466
7.593314
8.053624
7.756110
8.613496
8.473327
7.310345
7.788018
8.915625
7.882246
9.093698
9.512384
9.073616
8.653038
9.255108
9.876423
8.883554
9.246217
10.398193
10.300184
9.331075
8.962232
10.445941
9.317016
9.927554
10.106462
10.755289
9.778462
10.576010
10.449700
10.846521
9.035497
8.893798
9.374538
8.955085
8.806191
8.703707
8.435460
8.943245
8.765910
8.790408
8.735109
9.736930
8.215728
9.192757
8.559157
8.695232
8.391395
8.260931
7.599356
7.180470
6.751546
5.978381
5.870058
5.967360
5.291159
5.082229
5.669659
4.987269
4.175519
4.110484
5.178976
3.862314
3.746464
4.271586
2.684705
2.306692
2.500441
3.028469
1.713511
1.842078
2.027085
1.753809
1.646257
0.845795
0.404631
0.852801
0.087253
-0.530309
-1.688056
-1.982653
-1.763939
-0.930383
-1.728808
-1.983711
-2.217973
-3.540551
-2.697716
-4.587803
-4.812532
-4.775966
-4.165473
-4.046007
-4.738128
-5.384072
-5.120709
-5.653639
-6.000219
-7.132897
-5.811363
-5.910834
-7.439414
-7.321675
-7.975813
-8.685887
-8.310806
-7.255639
-9.080829
-8.849103
-8.091777
-8.244623
-7.976373
-8.192586
-9.703594
-9.886248
-9.086673
-10.386785
-8.851247
-10.083695
-9.989806
-9.092318
-9.980932
-10.775223
-10.321084
-10.566638
-9.612235
-9.454147
-10.146061
-9.653912
-10.074125
-9.133169
-9.918138
-10.465604
-8.776242
-9.403206
-9.042688
-9.835624
-9.436964
-9.037180
-10.012085
-9.908348
-9.590214
-7.857125
-8.560980
-9.211279
-8.432129
-7.992917
-8.889349
-7.915928
-7.424196
-6.715195
-6.341583
-7.510917
-7.189080
-6.681926
-6.584008
-6.794794
-5.301874
-6.138746
-6.045065
-5.018821
-4.459634
-4.859486
-4.904791
-4.141677
-2.613758
-3.878933
-1.895601
-2.054746
-1.648903
-1.172533
-1.206763
-1.400619
-0.874380
-1.539551
-0.252505
0.237928
