-0.129105
-0.122857
1.766792
1.835488
1.923894
2.419401
2.028750
2.353851
2.673095
2.269981
3.529921
3.875339
4.675059
3.819110
3.677624
4.781664
4.178500
5.627486
5.484957
5.201876
6.516017
5.694973
6.568619
6.495226
7.188998
7.707464
6.686036
7.448442
7.241595
7.629125
7.854892
8.842938
9.412524
9.607015
9.793302
8.464524
8.761907
9.876716
9.500519
10.161957
10.362911
10.325630
9.326210
9.329542
9.270927
10.793813
10.615458
9.651479
10.199087
10.157324
10.456441
10.643634
9.999010
10.864146
9.474924
9.385812
9.570529
10.482288
9.183450
10.162112
8.837482
8.844150
9.025968
9.091602
9.016392
8.523196
9.079618
8.037980
8.931024
9.020632
8.638947
8.175745
8.034744
6.491289
7.500289
6.514718
6.267038
5.738518
6.959062
6.324274
6.451081
4.407217
5.668934
5.120495
3.659791
4.459754
4.633611
3.822570
2.665603
2.722425
2.428797
2.602657
1.715551
2.633814
1.633186
0.277347
1.569784
-0.050963
1.281678
0.261480
0.516792
-0.825444
-0.009225
-1.795673
-2.034462
-2.431398
-1.880097
-3.216381
-3.020615
-3.692779
-4.023622
-3.862901
-4.757014
-4.523843
-5.111401
-5.744577
-4.630234
-6.214221
-6.457795
-5.198244
-5.475434
-5.751446
-6.638523
-6.928722
-7.155070
-6.375580
-8.326216
-7.335740
-7.494003
-7.485291
-7.933307
-9.393406
-8.051573
-9.698989
-9.369074
-8.068714
-9.342708
-8.737376
-8.679244
-9.806245
-10.295594
-8.707151
-9.344221
-9.371571
-9.237361
-10.351795
-9.263381
-9.848517
-10.979668
-9.384206
-10.893650
-9.935167
-9.173177
-10.020748
-9.042493
-9.393336
-10.246824
-9.122514
-9.623550
-8.626233
-8.916911
-9.583633
-8.329709
-8.484528
-7.949749
-8.471391
-8.963713
-9.324242
-8.559098
-8.988751
-7.818711
-7.663730
-7.639048
-6.622013
-6.708042
-6.307478
-7.481165
-5.916705
-5.529420
-6.748433
-5.498692
-6.077466
-4.617003
-4.221542
-3.738822
-4.901946
-3.971266
-3.511775
-2.724999
-3.649287
-3.428178
-3.344310
-1.730244
-2.592975
-1.057463
-0.534607
-1.821332
-0.883951
0.010288
0.765404
