0.944927
1.138228
0.909524
1.572791
1.745078
2.559638
1.489303
2.833109
1.998026
4.058742
2.591540
3.338798
3.076835
3.838304
4.376213
5.401666
4.440391
4.444422
5.602040
5.811517
6.839639
5.408680
7.063733
6.758751
7.844840
8.139738
6.983291
7.105042
7.903582
7.793232
8.041217
9.254277
8.829931
8.908778
9.725505
8.118712
9.778650
8.602578
8.678649
10.454018
10.231896
9.046059
10.627777
9.699269
10.391188
9.154379
10.339658
9.613175
10.864141
9.204644
10.433074
10.374735
9.904860
9.808608
9.702217
10.364771
9.951394
10.594735
9.624723
9.444042
9.023805
10.118441
9.099213
9.170588
9.739198
7.805418
8.314909
9.280922
7.412341
8.199056
7.216107
8.549120
7.406069
6.669185
6.903724
6.601067
5.674625
5.807474
6.753384
5.923242
4.921840
6.118469
4.231858
5.578848
3.937640
3.368245
3.056906
3.350541
3.367807
3.065675
1.867005
2.113072
1.992307
1.889624
2.023218
1.252294
0.244083
-0.209191
1.297869
0.999721
-0.012349
-0.058318
-0.337632
-2.192193
-2.197863
-1.248168
-1.382546
-2.915383
-3.202302
-2.684925
-2.542422
-3.095933
-3.937603
-3.905644
-4.521154
-5.318822
-4.634466
-4.494018
-5.114529
-6.429102
-5.923970
-7.109703
-6.024756
-7.372028
-7.257726
-7.280310
-8.381538
-8.601546
-8.715261
-7.883956
-9.094895
-8.479820
-7.630195
-9.725285
-9.154810
-8.618258
-9.903865
-8.907965
-9.844434
-8.582573
-9.521246
-10.024899
-10.332631
-9.905542
-10.085042
-9.567404
-10.454014
-10.809163
-9.159521
-10.526121
-9.985074
-10.855772
-10.712878
-10.868720
-9.241972
-9.590980
-9.844427
-10.432775
-9.155031
-9.949888
-9.809108
-9.157641
-9.447287
-9.341136
-8.733101
-8.169837
-8.220567
-9.033466
-9.018547
-8.477862
-8.491732
-8.655801
-6.822738
-6.466742
-7.219693
-7.498867
-5.792807
-5.739019
-5.496723
-5.232705
-5.188013
-5.752172
-4.889208
-3.825163
-5.483543
-4.993611
-3.493060
-4.197235
-3.036942
-4.071174
-2.983223
-2.231532
-2.935377
-2.198182
-0.902300
-0.647791
-1.511923
-1.365235
0.575199
-0.610380
