-0.092185
0.114283
0.597928
1.703130
1.411703
1.047335
1.417141
3.357166
3.580323
2.669229
3.358057
3.305048
4.177680
4.858635
5.187670
5.245906
4.247206
4.853990
5.171972
4.969785
5.829219
7.226017
5.726045
7.723275
6.418651
7.033431
7.099830
6.772054
8.179160
7.763101
7.445601
8.776037
9.380944
9.706441
8.327691
8.483309
9.324647
9.016710
9.514505
10.001275
9.680474
10.527536
9.411362
9.548237
10.454813
9.439703
10.710559
9.822727
9.448932
9.420231
10.458920
10.361838
9.760481
10.770953
10.784159
10.725846
9.409031
9.172848
9.271141
10.161122
9.986176
10.084582
9.922051
8.510292
8.898711
7.924735
9.478914
8.095986
8.497115
8.739570
7.575473
7.507586
7.512580
7.408827
7.035025
6.951357
6.515755
7.368165
6.927010
5.931541
6.178784
5.237905
4.176857
4.915214
4.594979
3.614400
3.549227
4.147179
2.718339
2.955147
2.469639
1.711013
1.343114
1.830085
1.438228
0.762206
1.506093
1.575461
0.855789
0.835706
0.026370
-1.179373
-1.137036
-1.899460
-1.464006
-2.527958
-1.935636
-2.426387
-2.059187
-2.497728
-3.536873
-4.343814
-4.915085
-3.833800
-3.785679
-4.828566
-5.559826
-5.979808
-6.417980
-5.092067
-6.217837
-6.617840
-5.873173
-5.916256
-6.682225
-8.222167
-6.948158
-6.785399
-7.763105
-7.954784
-9.066948
-8.472886
-8.086965
-8.762909
-8.796183
-8.235898
-9.543112
-9.866019
-8.413490
-9.370997
-8.727054
-9.822171
-10.284615
-8.920807
-9.744663
-9.777364
-10.317952
-10.729927
-10.427615
-9.643793
-9.631276
-10.436582
-9.917712
-10.705712
-10.084673
-10.172056
-10.257310
-9.233459
-10.030822
-10.052316
-9.597362
-9.428569
-9.604788
-8.937364
-9.582988
-7.899288
-7.756221
-9.196437
-8.540499
-8.357560
-7.293486
-7.565670
-7.037870
-7.667505
-6.071287
-5.861384
-6.543188
-6.460436
-6.304461
-5.291120
-6.357151
-5.380921
-4.100669
-4.957819
-3.930505
-4.223310
-4.575116
-4.061131
-3.252523
-3.687167
-2.571220
-1.530585
-1.497577
-2.339047
-1.094334
-0.351180
-0.215260
-0.407584
-1.173372
-0.745160
