0.905543
0.538860
0.696065
1.379681
1.369269
2.684753
2.970118
3.011211
3.314877
3.626127
4.298745
4.134551
3.989052
3.536642
5.388319
4.225221
5.744038
4.671853
5.313449
5.920351
5.953234
5.500534
6.651650
6.273285
6.401417
7.367586
8.244057
7.455444
7.650604
7.518167
8.604586
7.539682
8.717965
8.810301
8.609042
8.821544
9.709270
8.600432
9.972216
10.085971
8.707769
10.362064
10.082148
10.665694
9.636149
10.625371
9.237600
10.408568
10.940035
10.803864
10.110165
9.613421
9.978693
9.550124
10.851477
10.404765
9.300819
9.725252
9.756165
8.846512
10.396010
8.713497
9.297362
8.500890
9.367696
8.268395
7.963227
8.855764
8.823712
7.213610
7.184742
6.939658
6.634913
7.357028
7.132705
6.459525
6.848043
5.381691
6.188651
6.833250
6.256898
6.168139
4.719042
4.839488
5.200592
5.086119
3.280828
2.882873
3.730353
3.117267
1.989284
3.017217
1.967052
2.505157
1.840717
0.952059
1.753837
0.425212
-0.327859
0.273048
-0.357670
-0.752954
-1.770375
-0.354172
-1.642694
-2.506602
-1.759868
-3.290506
-2.975624
-3.464741
-3.558271
-3.937855
-3.934683
-4.518289
-5.229402
-4.095715
-5.032437
-4.578650
-6.427491
-6.462032
-6.840326
-5.658107
-7.582828
-7.245501
-6.413802
-7.220836
-8.092807
-7.020901
-7.106402
-8.157783
-7.461528
-8.357848
-8.887239
-9.475665
-8.263277
-9.097735
-9.488466
-8.725777
-9.432081
-10.130286
-9.181809
-9.468006
-9.345354
-10.496179
-10.273842
-10.081974
-10.362213
-9.496166
-9.124541
-9.943722
-9.580822
-9.378701
-9.866831
-10.781401
-9.740433
-9.274081
-9.377790
-10.302399
-9.889732
-9.599754
-9.803104
-8.697017
-9.027651
-8.959298
-9.014044
-9.632718
-8.219126
-8.113973
-8.791014
-8.682576
-7.747643
-6.921132
-7.437731
-6.513128
-6.813534
-7.087840
-7.259424
-5.813444
-5.620317
-6.233000
-6.166938
-4.382425
-4.259854
-5.462688
-4.263727
-5.114782
-3.456075
-3.593699
-3.456500
-2.541361
-3.718005
-2.890600
-1.414429
-1.086597
-2.472562
-0.889498
0.007777
-0.776576
-0.966866
0.405254
