1.111802
0.051058
1.855346
0.666933
2.533703
2.323065
2.844400
2.069407
3.756556
3.116574
4.385320
3.338810
4.133776
5.067537
4.569467
4.256286
4.441535
6.303324
5.386513
5.841132
5.998648
7.288109
7.184591
7.031706
7.430831
7.269436
8.469689
8.559847
8.418631
7.570127
8.597912
9.132434
7.813038
8.067671
8.108210
8.705443
8.997647
10.211976
8.514288
9.026692
9.141396
8.796788
10.401850
9.892856
9.527720
9.978062
9.893161
9.541559
9.748568
9.674619
10.782696
9.415414
10.157269
8.954106
9.595375
9.321925
9.307167
9.536745
9.589734
9.836347
8.726779
8.708116
9.506527
9.261781
7.965725
8.213953
7.787016
7.649349
8.242224
8.328177
7.712815
7.999290
7.164106
7.153064
7.131935
6.574360
6.546231
6.900194
5.563133
5.711308
6.618038
5.876386
6.006367
4.093091
4.417707
3.490672
3.457350
3.785974
2.957934
2.683483
2.349151
2.681688
2.223017
1.608728
2.023966
0.316939
1.326681
0.667144
-0.511834
0.159060
0.287444
-0.053798
-0.313448
-2.034584
-2.092049
-1.850530
-1.241116
-2.959754
-3.581606
-3.747216
-3.902996
-4.223301
-3.291631
-3.429141
-5.526834
-3.898910
-5.559565
-6.317548
-6.068771
-5.824460
-5.842831
-6.706751
-6.656520
-6.537858
-7.265905
-6.670214
-6.613093
-8.013467
-8.557441
-8.196085
-7.971556
-9.104248
-8.335182
-7.813584
-8.089503
-9.254746
-9.506329
-8.683199
-8.676269
-9.524780
-10.301344
-8.879293
-9.903588
-9.173721
-10.701211
-10.390195
-10.350087
-9.544425
-10.663177
-9.749813
-9.303955
-10.427771
-10.471060
-9.778778
-10.092845
-9.838601
-9.061187
-9.387987
-9.066927
-10.146105
-9.507181
-9.847751
-9.098076
-8.360827
-8.238662
-9.124014
-9.093976
-8.284966
-7.615068
-7.243556
-7.163567
-7.768004
-6.798208
-7.378300
-7.741063
-7.333749
-6.943916
-6.458325
-6.839125
-4.883947
-5.071834
-5.154306
-4.383348
-5.543400
-5.477499
-4.293928
-3.672276
-2.732609
-2.927237
-2.095340
-2.706288
-1.592453
-1.210805
-2.066951
-1.076863
-1.102248
-0.336798
-0.822632
-0.704707
0.885615
