0.443141
0.901515
1.315921
0.397225
2.524270
0.997267
1.744560
2.407853
3.425650
2.441776
2.439506
4.566797
3.748020
3.522028
5.190523
5.533503
5.627441
6.136991
6.016019
6.180401
6.002622
6.367247
6.558934
7.011913
7.513846
7.336993
7.105305
7.510192
7.579450
7.625281
8.148480
7.649980
7.896750
9.484067
9.039540
8.249377
9.438985
9.260839
10.118842
10.353218
9.254116
10.590990
10.226032
9.002704
9.603619
9.770583
10.927154
10.540568
10.105847
10.265498
9.176197
10.322061
9.017177
10.036911
10.858521
9.353588
9.416557
10.682681
9.926566
8.949272
9.545783
9.001620
8.264976
9.853811
8.407711
7.832064
7.881965
7.943587
8.031267
8.966056
6.970971
7.461457
6.857612
6.359372
7.822300
7.787501
6.774744
6.112998
6.955633
6.152996
5.561416
6.138396
4.449087
5.418181
5.364472
4.839676
4.596520
3.900306
4.188025
2.145158
2.252927
3.375790
2.461547
1.892776
1.807725
1.247658
1.163758
-0.150142
-0.212928
-0.965093
0.339505
-0.642683
-0.915978
-1.800916
-2.199565
-1.029942
-1.290847
-2.374951
-2.540809
-2.838788
-3.802758
-2.879094
-4.931359
-4.921207
-4.454494
-5.606926
-6.012238
-5.712988
-4.779067
-5.468359
-5.851478
-7.201478
-7.152310
-7.203053
-7.252299
-8.076580
-7.068766
-7.037071
-7.488433
-7.600811
-7.797785
-9.418544
-8.440135
-8.371574
-9.898053
-9.005345
-8.502924
-10.182510
-9.645696
-9.470937
-8.947107
-8.833780
-9.680694
-9.884212
-9.853307
-9.037872
-10.820316
-10.655487
-9.447524
-9.557316
-9.566579
-9.609702
-10.229865
-10.853253
-9.080710
-10.820619
-8.922416
-9.997569
-10.149970
-9.779740
-9.248181
-9.412454
-9.028215
-8.960468
-8.649238
-7.984609
-8.524045
-7.490487
-8.486045
-8.430063
-7.896128
-7.162662
-7.326604
-6.912199
-7.801997
-5.875002
-5.935002
-7.305098
-6.985405
-6.709440
-5.979597
-6.034816
-5.984636
-3.854186
-4.148630
-3.836242
-4.502163
-3.110377
-2.790395
-3.752144
-3.026525
-2.740473
-1.585982
-2.153081
-1.452315
-1.437273
-0.004914
-0.232286
0.195643
-0.713402
