0.443129
-0.349651
1.276051
2.007227
2.062174
2.647045
2.635372
2.913213
2.961649
2.430295
2.694840
3.478635
3.245620
5.248155
3.779996
5.435239
5.229815
5.234792
4.928228
6.068613
6.993009
5.603971
7.345907
7.205598
6.986148
7.509914
6.930242
8.587111
7.548460
8.406142
8.933543
9.113475
8.299857
8.966547
7.956300
9.423686
10.079337
9.695744
9.994738
10.258285
10.570372
9.438370
10.730832
10.524526
9.697527
9.330764
10.837969
10.302968
9.722090
9.989995
10.105316
10.675458
10.729757
9.386657
10.008396
9.277337
8.873422
10.259696
10.266037
8.872944
10.116334
9.426819
9.958167
9.182544
8.506426
8.644497
8.301625
8.760564
8.373125
7.985702
7.554968
8.571628
6.993193
8.287701
6.332611
6.417027
6.395975
7.258704
6.385809
4.938858
4.665784
4.462762
5.935182
4.353720
4.049557
4.556195
4.474336
3.540776
2.594637
2.310104
2.690424
1.546146
2.173559
2.530247
1.015210
0.691996
0.573857
1.288636
-0.337371
0.889544
-1.309900
-0.851485
-1.618984
-1.498212
-2.207788
-2.131708
-2.523911
-2.679903
-2.472543
-2.393336
-4.154878
-3.239628
-3.694004
-3.514980
-3.990193
-3.855587
-5.025506
-4.524872
-5.364242
-5.825192
-7.103739
-6.683821
-6.632684
-6.439186
-6.856971
-7.064962
-7.839462
-8.210102
-7.228469
-7.880962
-9.255040
-7.972799
-9.445703
-8.219867
-9.704373
-9.437019
-10.074538
-8.542439
-10.163487
-8.921475
-9.038713
-10.294126
-10.467507
-8.902610
-9.421475
-8.986531
-10.044602
-9.354277
-9.015129
-10.332081
-9.685214
-10.881324
-10.560497
-10.895897
-10.462415
-10.434844
-8.879613
-10.662262
-10.489669
-10.211422
-8.691733
-8.847639
-9.140111
-9.372487
-9.518913
-9.072513
-8.405910
-9.427497
-8.514158
-8.882135
-7.509465
-7.720710
-7.150102
-7.258582
-6.583198
-7.500799
-5.769739
-7.354054
-6.081826
-5.167809
-6.125325
-5.946711
-5.364773
-4.367489
-5.130266
-4.603166
-4.243694
-2.788621
-4.339763
-4.067810
-2.674175
-1.777513
-1.999435
-2.020847
-2.355422
-1.718400
-0.651141
-0.802860
-0.345866
-0.578591
