0.921119
-0.186458
0.459214
2.248192
2.345230
1.086598
1.906272
3.364221
2.100489
3.210715
4.356718
3.701972
3.502627
5.090714
4.848142
5.165732
4.867964
5.795048
6.066381
4.968154
6.997137
7.224975
5.671639
6.432877
6.368801
7.730794
7.204632
7.212882
8.460336
8.700169
8.882687
8.702487
7.974991
7.892335
9.634646
9.040630
9.674477
8.900493
9.082598
9.783028
9.879361
9.968277
10.728964
9.109803
10.307530
9.537744
9.383062
10.405129
9.426811
10.431224
10.873707
10.917944
9.652988
9.315325
10.355976
10.313290
9.753076
9.977120
9.126734
8.745720
8.416792
8.351252
9.601809
8.458362
9.678597
8.163895
9.467168
7.750064
8.648700
7.339515
8.556876
8.396688
7.170118
7.826110
7.856004
6.923862
7.171376
6.976367
6.915602
5.303830
6.218159
5.545342
5.507428
4.181286
3.597202
4.367686
4.549063
4.299329
3.327235
3.562834
3.477884
2.567904
3.000765
1.350678
1.804227
0.439665
0.166331
0.243899
0.554202
-0.811897
0.597428
-1.562966
-0.119086
-1.651714
-1.203076
-2.457317
-1.336180
-1.651779
-2.499992
-3.761456
-3.612708
-2.788916
-3.121509
-5.178390
-5.090959
-5.399921
-5.238848
-4.810825
-6.493300
-6.495413
-7.012411
-6.377556
-7.529015
-6.566687
-7.223589
-7.753754
-7.201971
-6.783000
-8.579828
-8.311820
-9.151998
-8.865626
-8.217501
-8.891232
-8.241764
-9.806700
-10.013586
-9.454490
-8.675511
-9.414698
-9.365823
-9.883344
-10.451137
-9.293494
-10.565135
-9.602033
-10.187786
-10.968652
-9.836982
-10.613469
-9.536130
-9.519821
-10.564285
-9.131666
-9.153449
-9.315309
-8.862789
-10.420852
-8.931850
-10.199324
-9.672075
-9.010544
-8.899436
-8.401651
-8.930709
-8.438731
-7.918986
-8.719648
-7.403879
-8.942848
-8.696393
-7.493656
-7.426788
-6.922179
-7.427143
-6.659037
-7.100389
-6.888460
-5.641566
-5.057388
-4.694454
-4.886302
-4.161108
-5.727529
-3.771582
-3.343861
-3.500692
-3.317503
-3.610694
-3.251595
-2.538964
-2.438998
-1.547031
-1.147276
-0.915343
-0.315481
-1.213354
-1.089293
-0.469484
0.244586
