-0.256007
0.022618
1.842448
2.053402
1.391145
1.292359
2.009432
3.312683
2.382921
2.756023
4.121183
3.555834
3.362816
4.590896
3.612267
4.052160
5.658934
5.200327
5.989073
6.337784
5.959258
6.608472
6.118418
5.905458
6.858920
7.439936
6.887733
7.853898
8.443029
8.590211
7.411716
8.828377
7.719165
9.692139
8.471603
8.397215
9.684562
8.699173
9.599913
9.871832
9.556755
8.874898
10.047607
10.596667
8.975533
10.740986
10.136189
9.028407
9.422738
10.280595
10.037680
9.748664
9.964331
9.228686
10.592976
9.421507
10.312431
10.215923
10.452080
9.526392
8.659902
9.335566
8.196416
8.437167
9.676410
8.456242
9.405429
9.342991
7.359847
7.833264
8.853560
8.546805
8.080595
6.903270
7.208107
6.397301
6.619173
7.009173
5.482568
6.680277
5.144338
4.428643
5.308469
4.200431
4.681324
4.300168
4.313610
2.872025
4.251625
3.931722
3.614368
1.607324
1.736754
1.895342
1.558478
1.617453
0.541577
1.444353
-0.544512
-0.897676
0.010773
-0.249414
-0.912863
-1.731119
-2.005556
-1.946169
-2.405921
-2.968321
-1.982238
-2.282271
-3.920746
-2.978798
-3.843137
-3.758799
-4.434177
-5.068782
-4.537907
-6.263282
-4.701104
-6.154057
-6.471677
-6.891749
-7.511880
-6.138273
-7.002612
-8.072053
-6.752174
-8.523441
-8.177638
-7.731912
-8.039396
-7.758457
-8.967488
-8.295817
-9.444767
-8.985892
-9.979440
-9.168959
-9.032777
-8.599793
-8.997922
-8.943303
-9.754779
-9.170724
-10.556940
-10.416679
-10.125570
-10.396895
-9.033125
-9.078932
-9.377706
-9.819556
-9.639962
-9.731699
-9.812424
-9.512945
-9.601706
-9.360606
-9.697608
-9.347414
-10.298341
-9.826495
-10.093200
-9.133916
-8.866000
-9.175173
-8.875233
-8.937613
-7.891479
-7.759004
-8.375036
-6.709917
-8.120619
-7.797695
-6.197686
-7.214339
-6.852455
-5.378223
-6.821825
-6.630983
-4.958349
-6.297779
-4.595869
-4.815017
-5.475901
-4.706470
-4.034018
-4.094610
-2.792438
-3.110525
-3.416033
-2.283746
-1.796409
-2.126342
-1.613963
-0.613793
-1.679579
-0.610590
-1.030199
0.541266
