1.139455
0.195460
0.988739
0.938019
1.110829
2.793249
2.266780
3.350793
2.555517
2.676776
3.904477
3.417644
4.541962
4.185858
4.348703
5.524568
5.335621
4.730780
5.690215
6.829869
6.459631
6.389848
6.486894
6.017599
6.810918
8.207344
7.129247
8.701181
7.767725
8.481915
7.340327
8.853125
9.454603
8.321568
8.174584
9.858846
10.070135
9.665766
9.835804
9.137637
10.013096
8.926216
9.774578
10.150598
10.400978
9.938809
9.583891
9.451188
10.425094
10.589494
9.026525
9.232148
10.814566
9.076570
9.116005
10.759134
9.930366
10.014596
10.027788
9.827497
8.497643
10.235079
8.254549
8.778405
9.239294
9.342480
8.784622
7.849791
7.716311
7.349564
8.092122
8.609072
8.469872
7.376112
6.122491
6.218362
7.498599
5.676322
5.554449
5.715857
5.898111
4.418407
4.361801
4.880669
4.249299
4.538875
3.290332
3.702547
3.950625
2.503613
3.355093
1.834663
2.547814
1.928014
1.636717
2.067556
1.538995
1.159089
-0.151203
-0.840277
0.136839
-1.275966
-0.965887
-2.153750
-1.938112
-2.365339
-2.963967
-1.540872
-2.475356
-3.328880
-2.417778
-3.932573
-4.201072
-3.598248
-5.415431
-4.439064
-4.724890
-6.125574
-4.700423
-5.136073
-6.350485
-7.063213
-6.543650
-6.593811
-7.706461
-7.856575
-7.051155
-7.360690
-8.029907
-8.753613
-9.035959
-8.694687
-9.095919
-7.970582
-9.099171
-9.280605
-10.061093
-8.310977
-8.914957
-9.266957
-8.815789
-8.868021
-9.931138
-10.817391
-9.632299
-9.350849
-10.387566
-10.717497
-10.524085
-9.742623
-10.725283
-9.677632
-9.624872
-10.296022
-9.883637
-9.262210
-10.263147
-8.743685
-8.610390
-10.484821
-8.616016
-9.244992
-9.551182
-9.836455
-9.809745
-8.542784
-7.971642
-9.182440
-8.223042
-8.152863
-7.976094
-8.646543
-7.247385
-7.085554
-6.264032
-7.743906
-7.061761
-7.040877
-7.028985
-5.880852
-5.196086
-5.116918
-4.915710
-5.096536
-3.699720
-3.562709
-3.789000
-2.841137
-3.632939
-3.695139
-2.947484
-2.635344
-2.929003
-1.100154
-0.879423
-2.098983
-1.860834
-0.558685
0.484409
-0.102645
