0.505566
0.624127
0.283063
2.165757
1.351389
1.180503
2.940060
2.126179
3.156461
3.945977
2.985332
3.463769
4.146940
4.119255
4.972789
4.501072
4.872597
4.991585
5.052847
5.955936
5.285188
7.280461
6.181975
6.948151
7.738115
7.613303
7.303695
8.113990
7.535007
8.216280
9.116529
8.298942
8.489100
9.396116
8.856639
9.723734
10.032048
9.099170
9.434603
10.385862
10.293602
9.685823
10.424753
9.940316
10.447444
10.271349
10.520657
10.907910
9.885681
9.910015
9.559574
10.900385
10.184380
9.933850
9.802191
9.135300
10.146016
9.193566
9.629853
9.294871
9.823563
9.826245
9.719106
9.128816
9.656543
7.939409
7.914073
8.741471
7.959998
8.873719
6.975956
8.193848
6.538370
7.748809
6.935846
7.700811
6.522479
6.153044
5.552236
5.178676
4.733413
4.829798
5.568585
5.045698
4.276634
3.655980
3.342005
3.190400
3.485390
2.459681
2.751621
1.670789
1.344733
2.535642
0.658879
2.029415
0.128477
0.286761
-0.114563
-0.350230
-0.738934
-1.610195
-1.674004
-1.276363
-0.939516
-1.966137
-3.079637
-3.225623
-2.702060
-2.989120
-4.060154
-3.667821
-4.319888
-3.903308
-3.611827
-5.590554
-4.459355
-5.932357
-5.932644
-5.166801
-6.720559
-6.813325
-6.878976
-6.775391
-6.785793
-7.459682
-7.771290
-7.321522
-8.048424
-7.732422
-8.874198
-8.402387
-8.912721
-8.757089
-9.424786
-8.177313
-9.035291
-9.435668
-9.238087
-9.517463
-9.180396
-10.668582
-9.312467
-10.486674
-10.025802
-10.918103
-10.592179
-10.234265
-10.658324
-10.852931
-10.846347
-9.862382
-9.073837
-9.761803
-10.128783
-10.693164
-10.006769
-10.354767
-8.695745
-10.132789
-8.501815
-10.135544
-8.341319
-9.715372
-8.631181
-7.978020
-9.144317
-8.235940
-9.083334
-7.616303
-7.400566
-7.316584
-8.217114
-8.232830
-6.389463
-7.250775
-6.996881
-6.664936
-6.962458
-6.352169
-5.849110
-4.862726
-4.563759
-5.256406
-4.920361
-5.034750
-4.857380
-4.414549
-3.885198
-4.032078
-3.240708
-2.832783
-2.787844
-1.977760
-2.340486
-0.263331
-0.298674
-1.097726
-0.771442
-0.163541
