0.495327
0.079082
0.836267
0.557499
1.408180
1.280312
2.275034
2.544468
3.179570
3.689744
3.407241
3.283068
3.368371
4.302830
3.888149
5.257897
5.219718
6.355512
5.634465
6.819358
6.993839
5.706478
7.016209
5.912276
7.252783
7.895009
6.680813
6.771840
8.195046
8.478470
7.565280
8.025792
8.341070
9.425664
8.839360
9.419336
10.021306
9.930151
9.260640
9.211817
10.429170
8.838671
10.134369
8.883908
10.824277
10.766530
9.818892
10.584087
10.195319
10.635668
10.446351
10.726516
9.066467
10.842494
10.246566
8.976906
9.170516
10.326691
9.057619
9.456900
10.036797
10.192695
9.755558
8.314740
8.442200
8.059933
8.873639
7.809569
8.442331
7.889608
7.929860
7.352480
8.196550
6.690655
8.019447
6.588573
6.171921
7.028523
5.574777
6.363263
6.153268
4.954463
5.139905
4.991496
3.968261
3.936959
3.773097
3.093243
4.021833
3.350269
1.924195
3.425936
1.198606
2.046621
0.858430
2.068944
0.518111
0.557284
0.769819
0.994485
-0.593876
0.071370
-0.917134
-0.253539
-1.156644
-2.813731
-1.377754
-3.110720
-2.796305
-2.188960
-3.192824
-4.098766
-3.215923
-4.683950
-4.330616
-5.231925
-4.988319
-5.197582
-5.145433
-5.896522
-5.964245
-5.412216
-7.426087
-7.273443
-6.095933
-7.857774
-6.697510
-7.253220
-7.754373
-7.559734
-7.774599
-8.369858
-8.602426
-8.650710
-8.861867
-9.608668
-8.198841
-8.718794
-9.848645
-9.965770
-9.403728
-9.891374
-10.340861
-9.561644
-9.676245
-10.400584
-10.496647
-9.527917
-9.702447
-10.753216
-10.440907
-10.821226
-10.544595
-10.555031
-10.072765
-8.910394
-9.087269
-10.581778
-8.988955
-9.188833
-9.007059
-8.576427
-8.264349
-9.019904
-8.752178
-8.225687
-8.709888
-7.505057
-8.775593
-7.565405
-7.618335
-8.401136
-6.538328
-8.116022
-6.504023
-7.333288
-7.022283
-6.523786
-6.406128
-6.492841
-6.525309
-4.454843
-5.865437
-3.948354
-4.523104
-4.189123
-3.071709
-3.059926
-3.328828
-3.227134
-3.667326
-3.247703
-1.284925
-1.470737
-0.678235
-1.312766
-0.184602
0.283226
-0.163187
-0.202594
