-0.072046
1.619413
0.544607
0.284961
2.361613
1.954709
2.415668
1.570829
3.139276
2.254001
2.768268
4.578487
4.864257
3.987178
5.050771
5.014200
5.047121
6.220499
5.983199
6.210566
5.859680
6.661549
6.697805
7.560457
6.792822
7.262952
7.637265
8.574466
8.140993
8.474163
8.242649
8.849644
8.250395
8.894533
8.825617
8.986802
10.053364
9.792707
8.476409
8.559521
10.351200
9.992142
10.724997
9.799621
9.211649
10.123472
9.878891
10.443564
10.307313
9.801097
9.401799
9.164417
9.887343
8.946887
8.993372
9.500225
9.842165
8.900794
9.479552
10.188405
9.457726
9.846556
9.651991
8.778957
7.987241
9.416891
8.865049
8.311670
7.782400
7.368716
7.251289
7.556429
6.947552
7.044907
6.729702
6.723373
7.132439
7.236701
5.277871
6.044639
6.232674
5.120298
5.628746
4.883698
3.848719
3.331174
3.340500
2.777410
4.328095
2.114760
3.154352
3.322405
1.836528
1.558949
2.345323
0.689167
0.123746
1.272548
-0.330034
0.106075
-0.207203
-0.768039
-1.445374
-1.445238
-0.789324
-2.307975
-2.203221
-1.685384
-3.014666
-2.163533
-2.711527
-3.372358
-3.736165
-4.381871
-4.977286
-5.629408
-5.680361
-4.860247
-6.070399
-5.356829
-5.376710
-7.192486
-7.550952
-6.638486
-6.986105
-7.294668
-8.377706
-6.931597
-7.087016
-8.261088
-8.203838
-8.269133
-7.816416
-8.334799
-8.142469
-8.374645
-9.748556
-8.347736
-8.712324
-10.194191
-10.008948
-9.361726
-10.214456
-10.195342
-9.058530
-9.386863
-9.185619
-10.353173
-10.302330
-10.117453
-10.853386
-9.062914
-9.370096
-10.291167
-10.558901
-9.353893
-9.290002
-10.082364
-8.927029
-9.276316
-10.324593
-9.061494
-9.054260
-8.126282
-8.754069
-9.314477
-7.711727
-7.958642
-8.803259
-7.343166
-8.895341
-6.801973
-7.576171
-7.812024
-7.007735
-6.691593
-7.359118
-6.823339
-6.998968
-6.223924
-6.486190
-5.656914
-4.554471
-4.198710
-3.599909
-3.423266
-4.658961
-3.341362
-3.619338
-3.510716
-1.949189
-2.595622
-1.954769
-1.018803
-1.501900
-2.095686
-0.363141
-0.420465
0.588878
0.167703
