1.301657
0.289185
0.825590
2.168986
1.080603
0.910137
1.713692
1.960070
3.397428
3.822627
3.723320
4.017881
3.032898
3.939637
3.682430
5.320022
5.766781
5.794689
5.782991
5.295571
6.891130
5.791795
6.643619
7.370608
6.471060
7.453582
7.812292
8.668924
7.226365
8.493037
7.445139
7.953978
7.805273
8.513456
8.679049
8.686884
8.669756
9.225824
9.257782
9.141861
10.406167
8.747372
9.550660
10.361950
9.517600
9.852945
9.161566
9.783049
9.952348
10.193705
10.954480
10.048911
9.920142
9.143323
9.466219
10.042667
8.829736
9.773632
8.665085
9.688448
8.792300
8.399408
9.754155
8.865985
9.435831
8.741376
7.761431
9.078499
8.963173
8.273798
8.002726
6.902874
6.633609
8.080092
6.247184
5.904343
7.076752
6.640246
5.802938
5.883393
5.765291
4.498325
4.390052
3.927531
3.994702
4.070619
3.460369
4.107490
4.003713
3.097524
2.614313
1.780101
2.300125
0.917719
2.325104
1.317062
1.451578
0.925223
0.419573
-0.252712
0.544423
-1.603228
-0.824534
-0.380064
-2.234812
-1.702202
-2.759246
-2.895755
-1.905121
-2.640709
-4.073440
-4.194168
-4.075640
-4.680682
-4.517115
-4.570247
-4.740161
-6.214033
-5.659578
-6.066706
-6.451965
-5.995953
-6.717410
-6.512796
-7.984691
-6.840326
-7.349603
-8.693167
-6.994846
-7.720809
-9.262500
-9.088910
-9.297659
-8.028562
-8.544055
-9.564282
-9.649398
-9.589900
-9.718911
-8.939524
-9.509335
-10.047021
-10.739656
-10.148917
-10.349922
-10.063148
-10.302611
-9.232284
-10.616633
-10.184911
-9.694386
-9.509973
-9.726620
-9.965880
-10.855163
-9.341236
-10.007775
-9.330125
-10.142770
-9.672506
-8.928913
-10.068417
-10.037680
-9.575671
-9.551261
-9.451526
-8.798691
-7.951354
-8.151019
-8.852973
-6.902970
-8.170403
-6.848717
-6.394852
-6.463622
-6.923415
-6.720241
-6.287265
-6.093149
-5.042125
-5.643492
-6.287481
-4.996070
-5.096860
-5.487869
-4.825151
-4.798053
-3.536924
-2.621180
-3.538706
-2.958474
-1.842173
-2.093344
-1.640000
-1.940064
-1.937859
-0.581880
-1.132646
-1.042835
0.008794
