0.054964
0.185782
1.742045
0.457293
0.841917
2.511087
1.817042
2.963998
3.140643
2.796974
3.186931
3.003129
4.837621
4.754431
5.029242
4.982872
4.793782
5.476924
5.639604
5.898893
6.307105
7.308466
5.816696
7.282850
8.057222
7.353912
7.709475
8.007998
8.400197
7.882262
8.399050
8.693679
9.203705
8.071520
9.638608
9.317072
9.225808
8.592727
10.235341
8.815371
10.091027
8.724624
10.511554
9.830056
10.244964
9.597202
9.745833
9.103211
9.129205
10.111413
9.212922
9.141706
9.139208
9.302776
9.737538
10.787220
9.069257
10.449751
8.836833
9.128101
9.096158
9.309495
9.629000
9.366013
9.150223
9.506941
8.985887
9.295433
8.694999
9.088852
8.852544
6.711072
8.196454
6.388859
6.877353
5.886045
6.166424
6.629528
6.182094
6.806883
6.305437
5.376129
4.776402
5.522646
3.981757
3.369558
4.035335
2.949667
4.056854
2.774060
3.144750
2.778096
1.438892
1.455814
1.368411
0.578159
0.329399
-0.212732
-0.417617
-0.736425
-1.093469
-1.280074
-0.080406
-1.595684
-1.595293
-1.876407
-2.024051
-2.263362
-2.731912
-2.628530
-3.587816
-3.713254
-3.929170
-4.674690
-4.171360
-5.754466
-5.293553
-4.732015
-5.267858
-5.807370
-6.869381
-6.821228
-6.336014
-6.789118
-6.441260
-6.585131
-7.397056
-6.813885
-7.928566
-8.355439
-8.391408
-8.030065
-8.140931
-9.433652
-9.156718
-8.112038
-8.765559
-9.925104
-8.956422
-8.760046
-9.621091
-10.378902
-9.305753
-10.015164
-8.955925
-10.661000
-10.614322
-9.546758
-9.551055
-9.607484
-10.079086
-9.199419
-10.767006
-9.245008
-10.232562
-10.657739
-9.313129
-9.360862
-9.652860
-8.622612
-8.692624
-9.076691
-9.840364
-8.305874
-8.345919
-8.388935
-8.900107
-7.842879
-8.892303
-8.307068
-8.287108
-8.162169
-6.993968
-6.643262
-7.137777
-6.686678
-6.174928
-5.433053
-7.047042
-5.578883
-4.633248
-6.308988
-5.344344
-4.314302
-5.538714
-4.364888
-4.069228
-2.872824
-3.613501
-2.260144
-2.237679
-2.857609
-1.825103
-2.333637
-2.413626
-1.075743
-1.729600
-1.484230
-0.778296
0.455744
