0.026864
0.620832
1.457855
2.008972
2.253689
1.169291
1.702390
1.784068
2.883200
3.286111
3.849991
3.309742
4.331975
5.019356
4.740941
4.988455
4.170188
6.268321
5.998147
6.640753
5.745164
6.379052
7.342447
7.087555
7.259267
7.064833
7.476748
6.780920
7.550820
8.068139
9.151507
9.239152
8.511147
9.294505
8.171887
8.733821
9.973815
9.606912
9.185861
9.621113
8.797585
9.898997
10.611783
9.650714
9.307851
10.251075
9.089641
9.529349
9.949438
10.850241
9.291537
8.998770
10.769016
10.486892
10.345349
10.749330
9.067914
9.265025
10.274042
8.659421
8.896324
9.713447
9.528094
8.727980
9.125019
8.843421
7.968778
8.384602
8.593817
8.940624
7.162091
8.114203
7.553054
7.911544
6.237528
6.973334
5.878812
6.946145
5.746633
5.423107
6.109767
4.472597
5.663555
5.251150
5.359274
3.888577
4.209144
2.802362
3.271196
2.773350
2.908339
2.803232
1.718338
1.185776
2.192853
1.662356
0.407036
-0.163523
-0.199024
-0.946148
-1.163278
-0.068774
-0.146022
-1.280827
-1.559298
-1.075597
-3.032802
-2.830763
-2.408723
-2.983992
-3.906630
-4.128715
-2.999666
-5.038546
-4.414061
-4.477302
-5.362952
-5.036117
-4.980672
-5.750821
-6.869385
-6.864732
-6.074258
-6.537188
-7.766902
-7.882216
-7.007042
-6.917985
-7.186485
-8.593395
-7.413331
-9.349449
-8.316224
-9.114420
-9.205295
-8.945248
-9.542448
-9.055428
-10.291197
-9.704768
-9.285062
-10.088205
-9.422130
-9.196764
-9.755843
-10.036009
-9.259857
-9.640793
-9.819709
-10.162463
-9.774734
-10.174085
-10.685690
-10.454968
-8.945814
-10.552147
-9.834063
-9.637486
-9.526735
-9.280699
-8.735319
-8.972067
-9.440545
-8.385435
-8.962910
-8.463107
-9.127110
-8.023760
-7.271425
-8.151681
-8.666970
-6.926403
-6.937077
-6.878483
-6.206237
-7.203600
-6.563684
-5.609011
-6.339229
-6.658511
-5.461304
-5.391750
-5.297712
-4.519027
-5.379408
-3.479522
-3.597872
-3.503526
-2.630190
-3.369144
-3.645098
-2.584379
-1.612589
-2.222152
-0.913398
-1.894321
-0.746521
0.053339
-1.307431
-0.961393
