0.971579
1.330066
0.332700
2.048301
2.332839
2.784887
1.522100
2.489290
3.652914
3.357435
3.099482
3.995033
4.080916
5.133990
5.461670
3.817548
4.112538
5.222482
4.653080
5.305293
5.923747
6.659704
6.436691
7.467770
6.908486
6.459751
6.783704
6.842430
6.913815
8.799720
8.920126
9.154691
8.849061
7.842216
8.532918
9.645082
10.054814
9.601103
9.327003
9.783677
9.481179
9.348058
10.538763
10.660398
10.555688
9.973808
10.936530
9.860036
9.152037
10.743934
9.584440
9.235126
10.848587
10.853443
9.347410
9.525913
9.753086
10.091269
10.050873
9.852501
9.893492
9.008240
9.246910
9.778798
9.395766
9.755243
8.592219
8.776944
9.011730
7.953565
7.114721
8.320962
8.430903
6.794297
6.936444
6.698736
7.023667
5.578796
5.187364
6.097223
5.451035
4.694072
5.093416
5.196508
4.368818
5.112380
3.371199
3.443359
4.370253
2.617617
3.650277
3.409731
2.018841
2.200350
2.298065
1.408751
1.342461
0.717934
1.286151
-0.977146
0.220426
-0.538034
-1.869710
-0.994221
-1.321794
-2.164129
-3.099490
-3.427920
-3.334937
-2.638387
-4.169975
-3.546681
-4.664071
-4.012266
-5.161549
-4.220554
-5.034842
-5.833273
-5.122249
-6.486740
-6.925816
-5.859599
-7.518856
-6.434146
-7.327960
-6.895773
-7.947851
-6.770538
-8.648168
-8.209366
-7.891906
-8.179641
-8.486203
-8.809348
-9.068478
-9.170504
-8.185396
-8.440147
-8.804860
-9.373793
-9.687765
-9.401948
-10.465168
-9.803755
-9.097530
-9.036556
-10.389136
-10.294177
-10.699919
-10.132793
-9.055207
-9.783132
-9.408510
-10.634325
-9.448211
-9.535231
-10.352897
-10.319167
-10.048241
-10.350559
-9.334065
-8.678617
-9.320982
-8.130486
-7.993532
-8.800848
-9.479085
-8.450065
-7.838994
-8.355079
-8.197969
-8.495387
-7.684470
-6.473866
-6.133573
-7.706130
-6.252578
-7.117595
-5.855906
-6.744104
-6.539343
-5.431146
-4.682727
-5.187256
-4.234229
-4.776041
-4.716332
-3.864911
-2.510028
-4.013775
-3.202385
-2.358564
-2.686023
-1.875323
-1.530715
-2.081759
-0.858704
0.042225
-0.542282
0.651792
