0.469140
0.144489
1.531215
1.402532
1.120117
1.930589
2.455866
3.486564
1.913310
3.670166
3.097420
3.707120
3.028221
3.948460
5.157433
5.280316
4.865401
5.243818
5.765250
5.882686
6.337312
6.338332
5.729134
6.740173
6.721977
6.578187
7.748726
8.614900
8.044407
7.530173
8.495823
8.012977
7.625933
8.759228
8.947997
8.984563
10.005822
9.855239
9.926103
9.847615
10.291478
9.778808
9.253032
10.406382
9.049367
10.479285
9.647511
10.300993
9.472951
9.809322
10.512814
10.205790
9.102279
10.579425
10.436241
9.614989
9.637562
8.842101
9.678626
8.838944
9.768928
9.177851
9.542168
9.016395
8.281085
9.074902
9.364979
8.978474
9.236099
7.620946
7.244293
8.475382
7.408466
6.351992
7.812430
7.692410
7.057761
6.683451
5.430431
5.473162
5.386034
4.678552
4.381561
4.740356
4.125211
4.562338
3.504697
3.076932
2.415408
2.500672
2.119313
1.658122
3.072568
1.369456
1.762664
0.452227
1.142527
-0.118555
1.058795
-0.129749
0.046413
-0.057194
-0.390830
-0.977447
-2.124568
-1.649935
-2.122756
-2.165880
-3.183600
-2.510997
-2.645699
-4.188809
-3.833708
-4.729546
-5.225987
-5.793829
-4.685214
-4.614802
-5.845179
-6.140595
-6.403777
-6.034413
-7.308663
-6.198564
-7.733955
-6.465505
-6.705580
-7.608862
-6.947114
-7.924562
-8.022035
-7.580024
-8.626154
-8.519244
-9.713993
-9.582089
-8.807822
-8.407612
-9.567622
-8.740612
-9.347245
-9.648619
-9.580226
-9.202584
-10.378922
-8.923945
-10.326728
-9.400608
-9.548661
-9.037325
-9.429808
-9.960605
-10.516577
-9.596743
-9.713196
-9.690576
-8.890573
-8.945563
-10.562316
-8.686969
-9.170233
-8.383115
-9.253573
-8.854089
-9.035898
-8.119757
-8.406330
-9.205927
-8.124351
-9.030236
-7.105883
-6.915724
-8.226824
-7.152088
-6.986770
-6.295718
-7.522241
-5.990588
-5.562464
-5.057288
-5.608731
-6.245736
-4.658485
-5.601518
-4.533252
-3.838372
-4.637066
-4.348879
-2.750643
-2.949218
-3.117128
-3.403426
-2.467836
-2.222728
-0.812317
-1.708566
0.003713
0.044605
-1.262494
0.681818
