0.996289
0.145094
0.979025
1.359060
1.405278
2.004691
2.777293
2.532693
2.823169
4.049654
4.313977
2.857313
3.243010
3.602327
4.037680
5.312384
5.079617
5.112206
6.291943
5.844039
5.365329
7.301760
7.034444
7.088585
6.568184
7.398716
8.204709
7.566836
7.268737
7.371625
8.808399
7.670891
7.837454
9.728805
8.299236
8.781961
8.969998
9.215389
10.345064
10.153774
9.649260
10.176642
10.473996
10.016304
9.641194
10.344055
10.042937
9.477124
10.594480
10.738276
9.156346
10.443478
9.999167
10.531792
8.893281
10.099223
9.376925
10.682676
10.113390
8.824089
8.492461
8.461468
10.176059
9.918029
9.510108
8.765629
8.372798
7.898553
8.714909
8.503617
8.855043
7.310216
7.684395
6.827022
7.447176
6.928091
7.510294
5.571593
6.545421
4.922605
6.541406
5.646287
4.855625
5.669103
3.565305
4.962143
3.453147
4.442822
3.007621
2.359427
3.100461
2.227821
1.606310
0.901779
1.790406
2.003011
0.236799
-0.227351
0.450767
0.837036
-0.354597
-0.155251
0.031023
-2.094104
-1.801914
-1.521453
-2.405680
-1.735703
-3.542327
-3.431627
-2.878580
-3.140955
-3.845327
-4.368098
-4.828248
-5.668981
-5.978754
-6.090860
-6.005346
-5.991744
-6.749611
-6.938609
-7.463376
-7.437123
-6.668796
-7.837047
-7.274638
-6.884104
-7.729523
-9.033153
-7.557546
-8.050966
-8.389476
-9.587419
-7.945230
-8.630461
-8.837995
-9.180156
-9.989458
-9.366535
-10.198793
-10.059267
-10.372580
-9.759361
-9.094193
-9.333306
-10.467148
-10.349374
-9.642491
-10.102970
-9.502480
-9.861683
-10.856184
-9.267903
-10.217039
-9.327845
-10.517513
-9.883356
-9.766866
-9.134923
-9.550416
-9.172475
-9.411182
-9.964322
-8.944745
-8.278469
-9.171799
-8.409314
-7.991276
-8.353595
-8.230572
-8.325399
-7.184802
-7.873872
-6.388883
-6.476678
-5.929829
-6.916622
-6.757306
-5.714652
-5.636032
-5.722789
-5.226898
-5.454387
-3.742984
-4.882350
-4.201458
-3.505702
-3.140227
-2.850096
-3.757058
-1.720507
-2.813281
-2.570087
-1.410134
-0.521014
-0.094845
-0.101439
0.376190
-0.307730
