0.483221
0.314150
0.773793
0.857997
2.398317
2.765373
2.935683
2.116652
3.684937
3.081693
3.023540
4.232167
4.468409
3.293946
5.193253
5.325024
4.682338
4.456605
6.053512
6.474878
7.045198
6.939674
5.821352
6.835730
7.481917
7.832813
7.209291
8.200193
8.659068
8.075987
7.548329
7.488472
8.442496
8.797430
8.642118
9.485433
8.306471
9.640221
9.477637
9.386397
9.608603
9.041317
8.810174
9.736681
9.245195
10.098045
10.510298
9.551043
10.680895
10.159420
9.567779
10.191948
10.094717
9.011828
9.828383
9.151672
10.506902
10.638632
8.809031
9.381979
9.394755
9.342832
9.148371
8.804200
8.681173
9.761423
7.683613
8.479701
9.143348
8.634300
7.189576
7.195938
6.785676
7.869730
6.583023
6.607039
5.983777
5.724559
6.650929
5.922792
5.115224
5.151091
4.609553
4.123059
3.664770
4.255827
3.546170
3.184641
3.076614
3.995015
2.649449
1.808953
2.602003
0.909252
0.684532
1.984342
0.337528
0.077222
-0.457439
0.629705
0.646295
-1.191328
-0.144916
-1.907953
-0.924253
-2.357364
-1.728425
-3.219615
-2.937374
-3.062358
-4.030511
-4.420149
-3.985924
-4.279856
-4.157500
-3.971822
-5.411582
-5.389329
-4.921833
-6.262262
-5.289240
-5.830070
-7.558708
-7.447095
-6.445136
-8.010616
-8.355189
-8.478712
-6.915428
-7.590393
-8.166570
-8.900411
-9.399379
-8.207832
-8.617511
-9.036712
-8.438378
-9.011762
-9.536126
-9.260187
-9.969325
-10.630070
-10.005001
-9.619157
-10.092991
-10.601920
-10.786300
-10.960658
-9.596470
-9.455364
-10.230285
-10.133667
-9.662325
-8.990064
-9.452153
-10.187982
-9.203362
-9.229161
-9.915687
-10.145385
-9.376222
-8.577944
-8.725987
-8.174317
-8.313733
-8.395780
-9.557087
-8.472393
-7.892797
-7.511323
-8.669613
-8.289430
-7.258521
-8.182627
-7.217942
-7.152308
-7.548258
-6.466685
-5.608897
-5.784889
-5.935394
-4.626393
-5.905858
-4.952922
-4.253620
-5.089688
-3.985833
-3.883682
-2.437648
-3.026684
-3.471610
-1.544922
-2.223006
-1.730345
-0.905405
-1.250019
-0.328037
-1.231195
0.623920
0.431074
