-0.284241
0.888677
0.360920
2.213864
1.311583
1.737375
2.768990
2.787734
2.468121
2.985763
3.069975
2.805793
3.585651
5.204294
3.627538
5.256990
5.330692
6.187019
5.512800
5.462841
5.849690
6.769247
6.649394
7.791292
7.347200
6.930788
7.225385
7.531260
7.226934
8.155352
8.799564
8.375851
9.356974
9.681780
9.174604
9.576783
8.752085
8.607925
8.582451
8.831221
9.170326
10.081614
10.230743
10.380433
9.735969
9.713997
10.268522
9.773388
10.531614
9.802901
9.353031
9.299464
10.780550
9.432317
10.831345
9.933930
9.319060
10.420091
10.030819
8.946761
9.691508
8.447174
8.466770
8.879943
9.045003
8.462895
7.672426
9.284655
8.901557
8.589819
8.888294
8.043890
7.448601
6.651170
7.914892
7.454933
5.893179
6.362034
5.521962
6.451661
5.482895
6.305901
4.854513
4.827052
4.326012
5.068800
3.944876
3.004167
3.379721
2.754130
2.019922
1.668244
1.692021
1.298364
1.904179
2.047186
0.341100
1.506643
0.358140
0.990723
-1.044000
-0.624611
-1.754878
-1.559355
-1.633158
-1.846816
-2.349173
-3.466282
-2.718354
-2.881314
-3.223511
-4.285134
-4.517235
-3.772699
-5.419502
-4.635339
-5.928547
-5.836887
-6.299860
-5.587916
-6.180639
-5.474143
-6.468621
-6.715118
-6.747874
-7.716053
-7.803017
-6.799601
-8.749423
-8.971205
-9.252661
-8.971543
-9.035774
-9.737257
-8.330448
-9.618680
-9.543762
-8.482244
-10.333574
-8.746915
-9.896576
-10.569621
-10.621689
-10.147660
-10.609285
-10.520228
-9.493320
-10.948303
-9.385368
-9.118332
-10.459202
-10.926225
-10.423851
-9.568834
-9.340740
-8.966297
-9.398404
-8.698566
-9.052373
-9.012212
-9.198966
-9.188482
-9.835583
-9.593399
-9.358187
-8.229814
-8.502427
-9.140031
-8.783523
-8.136465
-8.296471
-7.575884
-7.467446
-7.864444
-7.897736
-7.285388
-7.349216
-5.680697
-6.304076
-6.534710
-6.003303
-5.457212
-4.338884
-5.276839
-4.837224
-4.866649
-3.680846
-3.292271
-2.557659
-3.430885
-2.999146
-2.545225
-2.214584
-2.574770
-1.910468
-1.985059
-0.619036
0.352490
0.133612
-0.960018
