-0.628848
-0.287300
0.374875
1.684479
1.141919
2.076059
1.359429
1.556847
1.827981
3.891785
2.874414
4.267289
3.345631
3.953338
4.923434
5.479930
5.990012
5.204201
4.817800
5.650058
6.044133
6.242146
6.032829
6.144280
7.088455
6.685715
7.090415
7.972973
8.787479
8.151977
9.004573
8.214230
9.347728
8.739395
8.794260
9.625793
9.474125
8.676369
8.933457
10.064590
9.812766
10.114530
10.577145
9.701598
8.903430
9.624550
10.406382
9.921198
10.673658
9.946806
9.079848
9.085733
9.566739
9.635239
10.546895
9.063264
8.980411
10.426104
10.598252
9.836261
10.267324
8.617312
10.130368
8.659230
9.350524
9.567887
7.893436
7.482255
8.451052
7.582526
7.899611
6.792772
8.186133
8.006321
7.462993
5.977313
7.468415
6.993334
6.640969
6.631199
5.170285
4.593057
5.959839
5.326600
4.434886
3.734283
3.238216
3.341898
4.379554
2.344716
3.023868
1.677971
2.455443
1.736087
1.505072
0.399597
0.921018
0.061854
-0.043833
0.525814
0.218969
-0.542903
-0.395541
-2.039620
-1.331277
-1.968526
-2.762146
-3.352009
-3.156113
-3.372575
-4.078817
-2.880737
-4.528825
-3.289510
-4.282811
-5.163882
-5.895678
-5.719566
-6.598602
-5.165287
-6.177807
-6.973732
-7.452359
-6.083909
-7.228875
-8.188136
-6.675806
-6.718085
-7.156540
-8.318713
-7.962416
-8.151552
-9.102595
-8.894431
-9.113253
-8.652541
-8.361643
-8.982556
-9.279291
-8.816041
-9.337009
-9.553433
-10.055536
-10.261551
-10.272204
-9.364839
-10.763454
-10.128883
-9.592009
-9.285191
-9.510594
-10.913920
-9.528469
-9.256148
-9.096092
-10.798793
-10.117973
-10.201183
-9.691398
-10.393155
-9.170309
-9.797778
-9.488457
-10.018984
-8.376633
-8.508392
-9.197393
-8.542282
-7.928401
-8.939707
-7.466311
-7.610482
-6.539156
-6.324238
-6.489980
-6.281593
-7.356081
-6.757104
-6.413920
-5.190371
-5.158845
-4.364582
-4.104758
-5.210663
-5.009406
-4.459887
-3.623907
-2.830688
-4.268456
-3.564032
-2.071237
-1.608557
-1.706831
-1.846585
-1.000180
-0.694889
-0.978517
-0.397214
-0.542369
-0.855005
