1.060186
0.222742
0.426289
0.656925
0.885352
2.628398
2.764433
2.623076
1.860596
3.620928
2.672464
3.514389
4.300061
4.716492
5.131684
3.909556
5.436583
5.292401
4.681124
6.584659
6.591483
6.528114
6.313757
7.577888
7.851129
6.325718
6.973812
7.779706
7.430225
8.434858
7.988644
8.224822
8.101281
8.091041
8.890468
9.068988
10.075272
9.914094
9.947265
9.337994
10.239399
9.955236
9.233649
9.576805
9.748856
9.440970
10.903872
9.839078
10.134274
9.785256
9.007084
10.482387
10.775533
9.328519
10.726368
10.419463
9.460922
10.147628
10.414750
8.588652
9.745415
9.852912
8.244295
8.110322
8.691186
8.166010
8.481970
8.608928
9.075693
7.528585
7.578798
8.042412
6.954866
7.311112
6.672099
6.891174
5.939129
6.421692
5.435431
5.671537
6.174182
6.199153
4.739871
5.237434
4.365490
3.913274
3.150595
4.265382
2.769824
2.118883
3.264925
2.430464
2.950646
2.031020
1.345608
0.864584
0.533915
1.287932
0.722234
0.188379
0.025484
0.006774
-0.457917
-0.933486
-1.960660
-1.637074
-1.591229
-3.149753
-2.894201
-4.039682
-3.475585
-4.294074
-4.652386
-3.998919
-3.975545
-4.184754
-4.387481
-4.865689
-5.631272
-5.182613
-6.772979
-5.404031
-6.739158
-6.923317
-6.886720
-6.317301
-7.513842
-8.645630
-7.492155
-8.069316
-8.999421
-8.638726
-9.210995
-9.483349
-9.373732
-8.387848
-9.314500
-9.573478
-9.420571
-8.964330
-10.242522
-9.792177
-10.723524
-10.271835
-10.454998
-9.878410
-10.379234
-10.038640
-10.856437
-9.394496
-10.168945
-9.074631
-9.101893
-9.400726
-9.430105
-9.840951
-8.899124
-9.629430
-9.733910
-9.381773
-9.472253
-9.630806
-9.403877
-9.916916
-8.318904
-8.170316
-9.456843
-9.008936
-7.444294
-8.983444
-8.610433
-7.659529
-7.511583
-7.280520
-6.761199
-6.759546
-6.593812
-6.317543
-5.654328
-5.231649
-5.674862
-5.352673
-4.921336
-5.769651
-4.813757
-3.709712
-4.306399
-3.935505
-3.379439
-3.774435
-2.653442
-2.082301
-2.649306
-0.998113
-1.377838
-1.368636
-0.508207
-0.614752
0.562099
-0.398467
