1.162921
0.248328
0.095309
1.583304
1.599087
1.380193
2.656485
2.634375
2.552884
3.210473
3.483581
4.368600
3.436578
4.923349
4.497827
3.829063
5.928813
6.150593
5.139869
5.657403
5.605048
7.183400
6.732032
6.551114
6.759502
6.704880
6.685418
7.586187
7.561265
8.373925
7.738602
8.948148
9.189367
9.273361
8.068175
9.369474
8.802366
8.948766
8.555622
9.238587
10.259950
9.635225
8.897299
10.187861
9.302372
10.680854
9.781772
9.944041
9.969110
9.205385
10.002313
9.506272
9.118836
10.308546
10.787432
10.341889
9.951438
8.940708
9.654052
9.859265
9.309476
9.081658
9.481857
8.360203
9.253398
9.497783
8.523382
7.693125
9.090672
7.443909
7.851485
8.160465
8.112829
6.506326
7.690971
7.461935
6.395687
5.650315
6.118608
5.101369
6.144159
4.501538
4.258699
3.980436
5.082660
4.855007
3.752084
4.620636
2.971610
4.077195
2.409641
1.723602
2.470204
2.861844
2.067353
1.582237
0.796540
-0.246387
-0.018204
-0.481177
0.089907
-0.618972
-0.804064
-1.130801
-0.713066
-2.845585
-2.318427
-2.185633
-2.461011
-2.246757
-2.795786
-3.948216
-3.985356
-3.428656
-3.869846
-4.254672
-5.201420
-5.860772
-4.872678
-4.980136
-7.113799
-7.107841
-7.580390
-6.634356
-6.476677
-7.600828
-7.775383
-7.400520
-6.968940
-7.567457
-7.716968
-7.646564
-7.613989
-8.172048
-9.009631
-9.135788
-10.170576
-9.676708
-9.535138
-9.939239
-9.083541
-10.216166
-9.651873
-10.634584
-8.936108
-10.621485
-9.338980
-10.677431
-10.130544
-9.853414
-10.376119
-10.513171
-10.246874
-9.496546
-9.987434
-9.346211
-8.790577
-9.262024
-9.510142
-10.204576
-10.100627
-10.212181
-9.182075
-8.809455
-9.008442
-8.135934
-8.209120
-7.713151
-8.961953
-8.352634
-7.784145
-8.117800
-6.783082
-8.267008
-7.488568
-7.108068
-5.997302
-7.215730
-6.276571
-5.953101
-5.285101
-5.003125
-5.096629
-4.547074
-3.941209
-3.949619
-4.591759
-3.610715
-4.297287
-3.414330
-2.692700
-2.845721
-3.117960
-1.128940
-1.525414
-1.588945
-0.051136
-1.255256
-0.639323
-0.526032
