1.049847
0.381573
0.035992
2.153932
1.597050
2.790659
2.849246
3.400417
3.678820
2.413101
4.032925
3.838338
4.396812
4.064032
3.900326
5.250959
4.347160
6.354300
6.436526
5.560327
5.491217
7.329236
6.703510
6.957188
7.618565
6.585575
8.449095
7.277817
7.554648
8.810121
7.399561
9.260017
9.144645
8.346770
8.939432
9.885780
9.611067
9.230085
9.998080
10.321615
9.253124
9.517523
9.895085
10.597433
10.679500
9.653671
9.510244
9.363458
9.666937
10.609399
9.832518
10.628201
9.578246
10.029598
10.754761
10.118693
8.813394
9.413354
9.708456
9.508029
10.132094
8.824850
9.768000
10.029308
8.463628
9.083317
9.182829
7.490253
7.419890
8.748178
8.621416
8.507319
6.554128
6.981179
6.636677
6.933403
6.771155
5.867521
5.493031
5.292198
5.728130
4.457603
4.747098
5.021520
5.178093
4.590722
4.682931
2.705036
3.193354
3.925606
2.543793
3.160200
2.445358
2.355884
2.066139
1.399546
1.779142
0.286623
0.809678
0.330553
0.285200
-0.943287
-0.323774
-0.970334
-2.203606
-1.426668
-1.326927
-1.861904
-3.594630
-2.626171
-3.066177
-3.358717
-4.215247
-4.925345
-5.379581
-5.370518
-5.171434
-6.183777
-4.908125
-5.841434
-5.771196
-6.531517
-6.887309
-7.658016
-7.793034
-8.273513
-6.746061
-7.927460
-8.025453
-8.739844
-8.000926
-8.681723
-9.241349
-9.001654
-8.408105
-8.903061
-9.193414
-9.622344
-9.087796
-9.457067
-9.715535
-10.232437
-9.230420
-9.124059
-9.241909
-8.968349
-9.003406
-9.389573
-9.171811
-9.629304
-9.214954
-10.388579
-10.799322
-9.387279
-9.545848
-10.161716
-9.620181
-10.163629
-10.598232
-8.790393
-8.510342
-9.191294
-9.126925
-9.586664
-7.910656
-8.724629
-8.005678
-7.500154
-7.827081
-8.743102
-8.131395
-7.579760
-7.534392
-8.009665
-7.201722
-6.858103
-5.673433
-7.320855
-6.315403
-6.050127
-5.264138
-6.195819
-5.881947
-5.600853
-4.020155
-4.578598
-3.802478
-2.729167
-4.218022
-2.924582
-2.981838
-2.830934
-2.812495
-1.485925
-1.862331
-1.522842
-1.400702
-1.591886
0.460652
-0.254525
