-0.579511
0.451389
0.864717
1.348346
2.444811
2.714564
2.524363
1.496182
2.639827
3.658617
3.233794
4.350088
3.528563
5.233897
4.174318
4.644432
6.004220
5.689448
5.285324
5.256299
6.910517
7.044258
6.496136
7.233531
7.066542
7.538888
7.466986
7.578443
7.077613
8.441967
7.818345
9.339089
9.495956
8.447301
9.344792
8.901831
8.603659
9.720225
9.142088
9.007812
9.839644
10.490498
8.903067
9.807845
9.955706
9.215016
9.405066
9.276230
10.959049
10.192937
10.916488
10.087575
9.627135
10.044849
8.977588
9.247711
9.298466
10.324176
8.966611
8.859740
9.599949
9.529098
8.268793
9.542702
9.207325
8.813605
8.747167
7.936576
9.214299
8.295184
7.651692
7.836712
7.534215
7.144452
6.272785
7.191752
5.779041
6.902333
5.812349
5.838928
6.087682
6.147851
4.406117
5.027837
4.258735
5.044166
4.833852
3.562081
2.596861
3.851308
3.700681
2.571384
1.556307
1.448611
1.627958
1.308302
1.850706
0.216608
0.314493
-0.931290
0.025508
-0.101378
-0.732746
-0.527236
-0.612256
-1.771343
-1.609402
-2.272085
-2.562579
-3.893441
-2.870223
-4.174698
-3.716981
-3.499109
-5.504429
-5.225522
-4.892869
-5.844005
-5.036001
-6.855607
-6.477341
-6.801766
-7.259813
-6.113547
-7.056733
-6.576803
-6.617920
-7.198325
-7.726831
-7.423668
-7.531422
-8.712981
-8.601086
-8.859042
-7.992030
-9.149677
-8.200697
-8.426299
-8.442013
-10.435019
-10.470666
-9.555766
-9.370743
-9.042776
-9.618825
-10.421456
-9.239053
-10.928842
-9.339874
-9.764084
-9.811403
-10.080189
-10.924213
-9.902272
-9.497095
-10.615776
-10.722713
-9.637340
-9.154403
-8.664284
-9.992971
-10.036887
-10.004852
-9.058434
-9.163792
-9.425646
-8.781027
-7.567089
-8.218299
-7.248215
-7.137338
-7.095979
-6.671047
-7.111588
-6.259155
-7.631396
-6.554341
-6.676320
-7.102400
-5.871152
-5.165010
-4.963688
-4.952586
-4.071719
-4.144117
-3.616875
-3.029815
-2.940805
-3.532003
-3.278093
-1.797176
-2.305586
-2.400989
-1.485666
-1.765797
-1.833869
-0.313154
0.193328
-1.229747
-0.542705
