-0.457722
-0.138933
1.131316
1.877676
1.430407
1.142728
3.017922
2.766955
2.446725
2.898223
3.177679
3.872720
4.277724
4.945813
4.243015
5.492559
4.827340
6.050688
5.599650
5.840930
5.937271
6.736687
5.683299
7.236168
7.683757
6.505150
8.092656
7.868831
7.869585
7.658869
8.599582
8.119364
7.980189
9.003514
8.874864
8.237511
8.212167
8.972642
8.438627
9.315289
10.549144
9.255089
10.502278
9.172414
8.883545
10.858530
9.229422
9.588669
10.678007
9.572588
10.141562
10.883461
10.573294
9.305777
8.980315
9.146952
8.867428
8.889033
9.148113
9.197404
9.811257
9.075447
8.225684
9.456831
8.933676
7.854941
9.347605
8.192593
8.737956
8.202984
7.023372
8.382669
7.192500
6.742069
7.454292
7.345329
7.382223
5.438005
5.465019
6.612047
6.418725
5.157996
5.008869
5.125562
4.154934
4.871089
4.236308
3.386834
3.833087
3.259556
3.249617
1.587497
2.388236
1.901538
2.413032
0.417543
0.858365
1.466097
0.247296
0.453575
-0.158816
-0.862754
-1.277010
-1.213559
-1.832094
-2.331668
-1.357299
-2.613831
-2.582374
-3.253524
-3.216074
-4.006660
-3.575498
-4.619745
-4.305521
-3.872154
-4.796869
-5.321027
-5.290550
-6.411377
-5.521668
-5.439014
-5.687951
-7.744437
-7.251234
-7.340316
-6.576884
-8.059415
-7.664858
-7.601122
-7.578911
-8.613395
-7.644635
-9.305499
-9.416401
-8.903885
-9.104491
-8.667368
-8.479224
-8.802747
-9.932825
-10.335294
-10.244586
-9.079657
-9.715697
-9.738408
-9.356416
-10.302739
-10.490422
-9.493478
-10.783547
-10.860698
-9.326481
-10.884209
-10.326031
-10.264440
-9.574514
-10.171489
-9.384164
-9.480500
-9.037857
-9.241219
-8.451159
-8.958989
-8.269973
-9.755364
-8.818743
-8.896569
-7.818396
-8.793455
-6.946253
-7.959560
-8.114496
-7.973007
-7.488529
-6.426384
-5.837186
-5.850442
-6.379076
-6.273313
-5.928756
-4.534299
-5.726687
-3.885499
-3.930124
-5.182306
-3.017268
-2.815545
-4.214243
-3.552387
-3.040328
-2.404859
-1.996593
-2.624482
-1.956328
-1.023814
-0.422397
-1.370781
-0.006311
0.949231
