-0.063237
1.593007
1.782744
1.933712
1.140699
2.396811
1.832628
2.982220
2.132994
2.112397
3.098509
3.462904
3.735594
4.824478
5.502567
5.134654
5.500178
6.202547
5.027347
5.043783
6.681205
5.561926
6.735280
7.351251
6.489215
7.823636
6.719624
7.351618
8.858333
7.942824
8.761088
7.982637
8.060314
8.485669
9.591788
8.804586
8.382733
10.193904
8.544946
9.197648
9.564130
9.465953
9.909154
10.448637
9.672919
9.359867
9.930438
9.508886
10.337452
9.857659
9.413090
10.454244
9.228627
10.799175
8.963765
9.771305
9.111445
10.358332
9.868644
9.015875
10.144058
8.845675
9.102265
9.763997
8.258836
8.977699
7.862885
9.190293
9.098303
8.822843
8.008693
7.811159
7.071082
7.350502
7.418034
6.400533
6.168125
7.354552
6.286128
5.598825
6.156900
5.277765
4.235315
5.764354
5.093007
5.144515
3.826028
3.761382
2.432686
2.151382
2.433378
1.830750
2.487819
1.426522
1.114466
1.863299
0.900495
1.298060
-0.564652
0.059939
-1.051841
-0.815603
-1.554116
-0.518408
-2.017027
-1.309101
-1.460423
-2.940086
-2.560159
-3.992040
-2.899928
-4.012593
-3.870571
-4.124766
-4.504513
-5.384626
-5.375043
-4.696201
-6.303346
-6.478551
-6.267478
-5.868922
-6.617715
-6.440246
-7.458412
-6.649645
-7.169301
-8.692119
-7.579641
-7.737902
-7.597951
-7.492690
-8.787521
-9.096060
-9.010695
-9.438946
-9.468417
-9.738553
-8.736195
-9.345785
-8.931554
-9.480816
-9.954967
-9.208841
-10.086807
-10.301493
-9.429534
-10.909387
-9.503877
-9.637865
-10.947436
-9.947588
-8.992334
-9.296574
-10.553278
-10.249493
-9.837835
-9.897066
-8.641893
-9.551442
-8.620883
-9.972516
-8.781203
-8.612313
-8.771051
-9.537564
-8.934757
-9.151650
-7.931647
-8.364694
-7.703877
-8.200285
-6.888614
-7.949578
-7.989239
-7.218480
-6.878712
-5.765661
-6.818244
-5.744383
-4.649712
-5.990151
-5.197576
-4.797960
-4.075069
-4.754830
-3.681433
-3.340727
-3.125581
-3.900529
-3.732106
-3.052655
-1.417030
-2.718552
-0.697268
-0.523835
-1.772153
0.066869
-0.166828
0.195064
