0.950067
0.391933
1.543428
1.363445
1.887608
1.736925
3.029728
3.350304
3.664233
3.143153
3.100716
3.190346
3.928341
4.016306
5.064183
4.266040
4.980785
5.592506
5.954531
5.737482
5.406684
6.584331
6.951293
6.636311
7.136214
7.673426
7.704508
8.446215
7.193398
8.642161
8.840953
8.033479
8.497242
8.027946
8.855039
8.234390
9.763681
8.455916
9.713778
8.713723
8.700509
8.969924
9.133100
9.208375
9.776462
9.998739
10.856935
10.688507
9.682707
9.706305
10.585264
9.637768
10.921778
9.479526
9.945267
9.013129
10.714437
9.150344
9.886885
10.169115
8.585982
10.043337
8.839362
9.772402
9.171536
8.421730
8.640869
9.320633
7.412907
8.461232
8.369163
6.916073
6.998210
6.391370
7.707567
6.183365
6.253456
6.432095
5.477751
6.690337
5.764432
5.586096
5.995768
4.351379
3.959987
5.067576
3.261654
3.312560
3.024507
3.615168
3.729940
2.377076
1.879174
1.370435
0.911701
1.116934
1.772808
-0.018265
0.959774
0.541766
-1.049387
-1.179518
-1.828426
-1.572911
-1.509771
-1.246474
-3.087105
-3.132850
-2.067125
-3.079965
-4.265942
-2.907018
-3.771815
-3.823970
-5.258611
-4.488955
-5.331879
-5.099605
-5.266666
-6.096356
-5.572154
-5.929628
-7.029878
-6.843183
-6.754486
-7.870602
-6.787729
-6.759625
-7.124821
-7.096272
-8.887235
-9.016922
-8.087763
-7.893744
-8.442137
-8.418968
-10.032122
-10.248214
-9.397923
-10.331037
-9.813970
-10.603074
-10.081480
-9.001421
-8.923427
-9.134197
-9.021820
-10.218077
-10.947015
-9.316510
-10.563154
-9.952842
-8.996016
-9.433281
-9.752242
-9.201796
-9.583910
-9.303866
-10.006907
-10.104132
-9.239446
-9.395525
-8.535637
-8.529483
-9.562870
-8.688211
-9.202258
-8.631557
-8.141550
-8.748000
-8.032636
-7.571862
-7.619291
-7.038222
-6.975911
-5.910337
-7.332835
-6.107787
-6.037080
-4.992336
-5.075771
-5.458718
-4.861971
-4.783894
-4.376913
-4.369491
-3.036035
-3.389417
-3.852335
-2.611499
-2.563774
-2.784761
-2.283981
-1.685646
-2.241546
-2.129039
-0.870961
-0.822444
-1.013789
0.758953
