0.638651
-0.197037
1.623279
0.645996
2.462070
2.737314
1.193952
3.212139
2.540006
2.303186
2.388237
3.350109
4.253036
3.478770
4.238769
3.847692
5.691238
5.427604
6.551941
6.482924
6.413499
6.012768
7.066144
7.562687
6.196812
6.707273
6.996375
8.668133
7.621840
7.135746
9.176445
9.098934
7.807196
7.920936
8.684908
8.929610
8.619834
9.829875
8.786270
9.019147
9.861274
9.924613
10.340838
10.795778
9.657543
10.903576
10.305438
9.273078
9.929967
9.186132
9.290800
9.270977
10.286421
9.848840
9.863028
10.796709
10.108003
9.770575
10.401529
9.003174
9.092725
9.058453
8.701698
9.040077
8.490991
9.289785
7.960610
7.689023
8.843336
7.478916
7.932033
8.377675
7.244969
7.033548
6.964587
7.727334
7.607685
5.437087
6.651209
5.672886
6.270190
5.508455
5.749727
4.159799
4.166855
4.600765
3.974660
3.182355
3.129152
2.988454
2.248853
3.272502
2.432876
2.535997
2.181484
0.485728
1.498473
0.528414
-0.425934
0.981994
0.060315
-0.440694
-0.008233
-0.352301
-1.511410
-2.233443
-1.868630
-1.543723
-2.456828
-3.071174
-3.212998
-4.246666
-3.247779
-3.475269
-3.758501
-3.976554
-4.467795
-5.165815
-5.469505
-6.328975
-6.639230
-6.514735
-7.190044
-6.653980
-7.211024
-6.589496
-7.033402
-7.881309
-8.722938
-7.385564
-7.362313
-8.094818
-8.810648
-8.595022
-9.571379
-9.191273
-8.394761
-9.636992
-9.445777
-9.004899
-10.331932
-9.092105
-9.013764
-8.969298
-9.978461
-9.112557
-9.943465
-10.831465
-10.129537
-9.424657
-9.969828
-10.770778
-10.226883
-10.823860
-10.847004
-9.085012
-10.655850
-9.908119
-10.114304
-10.033279
-9.438893
-9.019686
-10.050582
-10.031013
-8.010370
-8.673316
-8.976190
-8.919100
-8.473909
-8.841375
-7.665618
-7.968937
-8.383206
-7.761010
-6.508183
-6.998419
-5.848861
-5.991315
-6.669548
-6.367123
-5.758966
-5.166156
-5.270417
-5.278587
-3.767569
-4.055475
-4.636467
-3.649859
-3.741193
-4.083475
-2.718476
-2.814176
-2.271580
-1.023603
-1.698593
-0.453772
-1.809482
0.369671
-0.900419
-0.549024
