0.317081
0.762927
0.189305
0.475283
1.265062
2.302568
1.720047
2.813850
1.869314
2.193793
2.554620
3.572418
3.290658
5.042778
4.981055
5.090009
4.574765
6.163180
5.073915
5.105758
6.706270
5.736777
5.623947
6.316635
7.844489
6.599411
6.580293
8.376418
8.011287
8.152145
8.827468
7.791584
7.830266
7.807643
8.845554
8.379508
8.465987
9.283660
9.322934
8.899254
8.936328
9.189881
10.377274
8.998869
10.575558
10.608051
10.016593
10.038230
9.242853
10.946503
10.641989
9.685871
10.785406
9.041784
9.952758
10.749146
10.592613
9.118598
10.265139
8.639543
9.114798
9.642419
8.483221
8.206535
8.963677
9.755372
7.773029
8.188857
8.523572
8.558474
7.405756
8.371916
7.490144
7.679309
6.171722
7.756965
6.002225
7.005128
5.432068
6.852983
5.753644
4.520435
5.035150
4.732878
5.147893
4.707029
4.632574
2.683350
2.649299
2.408331
2.661441
1.708248
1.910603
1.284784
1.362804
1.987410
0.676954
-0.162442
0.254476
0.812452
-0.075241
-1.098347
-0.835815
-1.184018
-2.191049
-1.285339
-1.673462
-3.205592
-3.160919
-3.992369
-2.809228
-4.373298
-4.255239
-3.728323
-3.999390
-4.694004
-4.647922
-4.729112
-5.987524
-5.280975
-6.511004
-7.293786
-6.904926
-6.108865
-7.791855
-7.363228
-7.915994
-8.615391
-7.329811
-8.164208
-7.605435
-8.894942
-8.158275
-8.759151
-9.448901
-9.907060
-8.449075
-9.102153
-10.131960
-9.864934
-9.814191
-9.514511
-10.292051
-9.081451
-10.583311
-10.291276
-9.337740
-10.051020
-10.915012
-10.933159
-9.039919
-9.957082
-9.205776
-9.466923
-9.048684
-10.732160
-8.766624
-10.456196
-8.662585
-10.144113
-9.343950
-8.563041
-10.101578
-8.485681
-8.384722
-9.051000
-8.890812
-7.729844
-8.913420
-8.568752
-8.059356
-7.770717
-6.816203
-8.015377
-6.294783
-5.866610
-5.828266
-6.439123
-5.611815
-6.131978
-6.486164
-4.549265
-6.023856
-5.532464
-4.449873
-4.388850
-2.989576
-4.287012
-3.270300
-2.435692
-3.508536
-3.019052
-2.045411
-1.651533
-1.134090
-1.321922
-0.700260
-0.952051
0.031075
-0.841087
