0.266462
0.963906
1.718125
0.827174
2.054023
1.460302
2.804391
2.833623
2.361277
3.600867
3.707678
4.246521
4.121555
3.828189
4.973552
5.037303
5.244494
6.132305
6.412359
6.098354
5.741003
6.714229
7.270108
7.193471
6.972559
6.627962
7.204847
7.558450
8.007504
8.365746
8.242176
7.835048
7.633929
9.500981
8.344394
9.466115
9.042326
10.218117
9.199383
9.027108
10.487891
10.144149
9.122300
9.259118
10.437812
9.185108
10.013914
10.152650
9.827344
10.440988
9.200934
9.091954
10.043669
9.005127
9.054550
8.919756
9.270026
10.544889
9.066606
8.872222
9.714580
9.626604
8.923632
9.214000
8.341451
7.794930
8.631336
7.471438
7.659975
8.794749
8.447735
7.163721
7.380070
6.835500
6.699700
7.823212
7.298491
5.433854
6.181702
5.674723
6.306428
6.050990
5.524730
4.844083
4.645420
5.225648
4.247384
3.603468
2.568426
2.173255
3.239871
2.868893
2.559158
1.514929
2.148859
1.197922
0.435919
0.732747
-0.128926
0.874313
-0.238860
-1.264430
-1.110365
-0.469655
-0.867441
-1.502447
-1.812229
-2.207110
-3.495025
-2.813423
-4.374993
-4.626602
-4.085713
-3.982647
-4.281111
-4.305294
-5.765808
-5.861043
-4.621075
-6.558273
-5.353360
-6.959291
-5.669765
-7.729642
-7.354750
-7.800912
-7.647424
-7.970687
-7.849526
-7.493289
-8.007160
-9.303525
-8.390378
-9.095482
-9.035856
-9.887994
-9.077231
-9.277397
-8.530454
-10.386070
-9.388239
-8.848892
-9.970911
-9.933408
-10.469120
-10.263328
-8.963684
-10.654620
-10.258761
-9.688540
-9.287984
-9.755127
-9.617577
-9.318268
-9.480591
-9.320232
-9.693922
-9.683111
-8.674827
-9.553215
-8.735351
-9.421381
-10.052226
-8.058371
-8.749503
-9.040398
-8.509400
-7.562495
-7.445451
-8.737709
-6.959144
-7.406976
-8.128499
-7.876480
-6.506513
-6.748553
-7.198426
-7.113348
-7.075088
-5.707395
-6.509409
-5.840145
-5.336464
-5.621884
-4.565472
-4.645069
-3.734867
-4.568363
-2.753790
-3.386513
-2.151566
-3.066242
-2.369785
-2.566742
-0.654398
-1.991081
-0.513093
0.105769
-0.926465
0.686689
