0.078938
1.093223
1.191489
1.895418
1.491638
1.928494
2.359886
3.264174
2.481403
2.776667
2.737768
3.573161
3.153043
3.567638
4.277316
4.067177
5.620351
4.948838
6.186616
5.882706
5.854312
7.184527
6.981836
7.135018
7.442587
6.603399
7.568037
7.418302
8.728199
8.577898
7.385681
7.918785
7.698853
8.743180
8.868739
8.672694
8.332424
10.065382
8.742233
9.680529
8.961597
10.257427
10.375833
10.774802
9.958162
9.045476
10.079003
9.918422
10.124321
10.071171
9.588920
10.752401
8.974996
10.531168
10.116604
9.552204
8.844602
8.706179
9.445054
9.305273
8.467415
9.263347
10.104590
8.081631
8.923989
8.949858
8.058730
8.714442
8.612651
7.481229
8.707430
7.238535
7.237568
6.820520
6.224197
7.517930
5.877091
5.768019
6.451082
5.906331
5.713755
4.598431
6.076693
4.047242
4.668992
4.727293
3.706661
4.075831
4.182952
2.831696
3.622348
2.440316
2.623213
2.648250
1.713032
0.812703
0.122785
0.580760
0.728927
-0.500245
-0.690547
0.366108
-0.048939
-1.847843
-1.234155
-1.807462
-2.614291
-3.123753
-3.422668
-2.359463
-3.728886
-3.313407
-3.815239
-4.104588
-3.767085
-4.184132
-4.604596
-5.774080
-4.719729
-5.001339
-6.450579
-5.897766
-6.206842
-6.229003
-7.168232
-6.960762
-7.958823
-7.381361
-6.980103
-8.073440
-8.307203
-7.516893
-9.584725
-9.733131
-8.254655
-8.501280
-9.096627
-9.423699
-9.105710
-8.884743
-9.481668
-10.663799
-10.294997
-9.505012
-9.490526
-9.096321
-9.534260
-9.617070
-9.889884
-10.577068
-10.949297
-9.313695
-10.735088
-10.776496
-9.549471
-10.576906
-10.654623
-10.385300
-9.030905
-9.954817
-9.936104
-8.761016
-10.177263
-8.050410
-8.014724
-9.175606
-8.883918
-8.022014
-8.198957
-8.364962
-8.626891
-8.097427
-8.182887
-7.311663
-7.145629
-6.227541
-5.942518
-6.128038
-6.382171
-5.893790
-5.164202
-6.127489
-4.947756
-4.370645
-3.584842
-3.641304
-2.990950
-3.485726
-3.712862
-2.134540
-2.833803
-2.994212
-1.333780
-2.487784
-1.482710
-1.449829
-0.921361
-0.188596
-0.415878
0.741642
