0.061563
0.972940
0.027199
0.889198
2.321728
1.841434
3.114360
2.862372
2.049197
3.527157
2.853853
3.557203
4.836654
3.416601
4.815987
5.305848
4.521748
6.342641
5.602906
5.281859
5.658161
5.376672
7.389532
7.407790
7.962715
7.930931
7.857839
7.791718
7.054465
8.461598
8.108949
9.265152
8.175261
9.457511
8.204179
9.698579
9.458221
9.890729
8.415055
8.609958
9.590391
9.210909
9.155858
9.882595
10.583156
10.253277
10.050670
10.252888
10.314975
10.989402
10.119009
9.139748
9.457145
9.450538
9.799514
10.044283
9.944414
9.299989
9.120372
9.815054
9.492422
8.735860
8.845369
9.184257
8.166838
9.158724
9.087368
9.055682
7.380409
7.111281
8.744751
7.295805
8.487828
8.033356
6.823418
6.067877
6.257087
7.016909
6.950723
6.462063
6.059860
5.845773
5.780854
4.249968
5.031721
4.423401
4.722199
3.668177
4.347203
2.823002
3.030278
1.872015
3.161370
1.605392
1.137752
2.236155
0.385989
0.276849
-0.418967
-0.149904
-1.142628
-1.469699
-0.865587
-0.465570
-2.310245
-1.780681
-3.015801
-1.758972
-3.388373
-4.043487
-3.932913
-4.188243
-4.105915
-4.882699
-5.285001
-4.673302
-6.077934
-5.998221
-5.303313
-5.936463
-6.932112
-6.581346
-7.453405
-6.579691
-6.520575
-6.351409
-8.266999
-8.157808
-6.950575
-9.070880
-9.225912
-8.107896
-8.146549
-8.647725
-8.385670
-9.905938
-9.851537
-9.558242
-9.848063
-9.609028
-8.698113
-9.095882
-10.596586
-10.063185
-9.197632
-10.478308
-10.658865
-10.704490
-9.771582
-9.051630
-9.722305
-10.559660
-10.584519
-9.655155
-10.186408
-9.131363
-8.789550
-9.433144
-9.236482
-9.269632
-10.020674
-9.631596
-9.409538
-9.434079
-8.388476
-9.395176
-9.519291
-8.723009
-8.482378
-7.150963
-8.588135
-8.024648
-6.517550
-6.304396
-7.707411
-6.256519
-7.070640
-6.248604
-7.030142
-5.583264
-5.729047
-4.488367
-4.128415
-4.676177
-4.950741
-5.083012
-3.113039
-4.524936
-2.828259
-3.939671
-1.942465
-2.933564
-1.927561
-2.337523
-1.168992
-2.135068
-0.071229
-1.596366
0.489985
0.532222
