0.587052
-0.128050
1.107986
0.261237
0.602993
1.637817
2.243612
1.666037
3.262016
3.097107
4.116210
3.100617
3.239415
4.999044
4.820127
5.159819
4.407517
4.979883
6.374326
5.789296
6.422306
6.539727
7.510921
6.156203
7.217624
7.442735
7.802999
7.515187
8.726174
9.031132
7.512769
8.278493
8.029176
9.372707
8.349623
8.924999
10.037699
8.552188
8.896525
8.888865
9.886558
10.173386
9.611494
9.549488
10.103283
10.214475
9.073444
9.217720
10.872635
9.156634
10.161386
10.085699
9.679441
9.021313
9.375845
10.186718
10.396661
9.884534
9.806914
9.631050
9.869895
9.276839
10.069259
9.808423
8.780605
8.708227
8.079827
8.570576
8.883213
8.091904
8.441751
8.442511
8.473719
7.191058
7.338211
7.062765
6.395787
6.027683
5.690257
6.579483
4.850625
4.630744
5.511888
5.521787
4.564497
4.137863
4.769988
3.430180
3.794682
2.539232
2.101794
1.558503
2.678003
2.050670
1.911307
0.329604
0.984173
1.027814
0.457724
-0.280545
-0.652381
-0.343483
-0.457781
-1.878349
-1.880044
-1.463917
-2.253015
-2.015795
-3.652094
-2.949018
-2.643970
-3.262014
-4.186399
-3.315360
-4.227591
-5.328976
-4.340021
-5.214519
-5.243255
-5.546346
-5.960341
-5.524015
-7.263753
-6.820828
-7.225037
-6.871368
-8.114275
-8.064187
-8.762933
-8.191862
-7.500295
-9.184699
-9.500358
-8.197461
-9.821812
-8.197065
-8.492091
-9.456115
-9.193181
-9.135607
-9.820676
-9.166309
-10.089210
-9.851824
-10.258017
-10.648726
-10.472957
-9.021084
-10.691531
-10.508040
-10.326632
-9.898617
-10.118081
-10.646191
-10.558354
-10.270589
-10.269993
-9.955624
-9.659850
-9.096518
-8.655500
-10.221233
-8.297116
-8.353662
-8.392169
-9.481791
-9.246335
-7.610611
-7.576320
-8.639364
-7.786714
-7.432986
-8.206596
-6.406856
-7.529701
-6.730640
-5.877111
-5.602120
-5.955961
-5.338652
-5.244552
-5.488779
-4.608162
-5.534613
-4.205661
-4.044120
-4.450692
-3.221565
-3.649494
-2.894980
-2.792400
-2.951397
-1.379864
-1.132740
-1.034392
-0.461630
-0.020428
-1.081158
0.183292
0.267036
