-0.354848
-0.208599
1.129680
0.502842
0.751267
1.918214
1.866143
3.474885
2.707687
2.227798
3.136175
3.434065
3.654408
5.244849
3.944599
4.680692
5.056147
4.584218
4.685985
6.714369
6.994172
6.772734
6.040388
6.135988
7.801828
6.972807
8.473155
8.499787
6.947066
7.251693
9.026297
8.300777
7.826891
8.502900
8.659433
8.159183
8.922358
8.995135
9.631287
9.282284
8.989442
8.843794
9.214125
10.392760
9.047434
9.694002
10.847177
9.748572
9.909661
9.818265
9.249428
10.149654
9.692603
10.732592
9.254750
10.692016
9.927684
9.120262
9.511792
8.803385
9.004438
8.785188
9.746453
9.186820
8.507207
9.540454
9.288371
9.278483
8.705093
8.835236
7.667245
8.430436
6.559982
7.714638
6.173141
7.678117
7.288780
5.375899
6.233987
6.077326
5.267842
4.477034
4.845821
5.320775
5.009691
3.753633
3.355650
3.651486
4.130673
3.161000
2.194503
1.518812
3.169369
2.268524
1.792709
1.496623
0.385650
0.356169
-0.186260
-0.263015
-0.806456
0.370894
-1.303348
-1.372109
-2.498253
-1.913841
-2.368525
-1.493913
-2.452954
-3.571209
-4.201917
-4.348026
-3.131002
-4.677680
-3.786083
-4.434489
-4.622205
-4.641738
-6.303438
-6.060531
-5.833570
-6.874502
-5.666898
-6.990364
-6.794552
-7.186237
-6.532323
-7.513109
-8.116045
-7.977538
-9.030411
-8.996965
-7.799498
-8.721736
-8.971325
-10.006574
-9.935711
-8.954714
-8.772515
-9.615408
-10.447600
-10.378255
-9.182642
-9.238342
-9.864687
-9.578824
-10.850565
-9.818918
-9.388917
-10.125340
-10.451775
-10.479618
-9.155182
-9.512253
-10.456552
-10.070603
-10.557678
-9.509077
-9.778215
-8.697385
-9.139567
-9.039691
-9.499404
-9.133327
-7.959949
-9.168247
-8.679992
-7.632000
-8.657410
-7.496630
-8.890381
-7.419852
-7.994715
-6.440460
-8.032503
-6.447286
-6.072138
-6.916743
-6.598036
-5.237727
-5.045939
-5.121575
-5.435254
-5.554119
-4.802106
-4.117002
-3.874743
-3.860394
-2.530147
-3.987728
-2.223132
-3.295929
-3.056438
-2.650292
-2.169019
-1.802941
-1.753441
0.076610
0.094355
-0.951997
