0.867746
1.026408
1.705219
0.357515
0.635634
2.596766
1.467457
2.804519
2.167503
3.925354
3.802577
2.920379
4.601983
5.167518
4.014236
4.698917
4.343306
5.872964
5.200166
4.910074
6.705510
5.828532
7.461493
7.280926
6.150055
7.168780
7.129457
7.837643
7.213768
8.633399
7.551754
9.061019
8.522982
8.065135
9.553003
9.322408
9.967708
9.786743
9.670205
8.606219
8.724392
9.477212
10.248532
10.757778
9.704235
9.831200
9.798676
9.666774
9.662436
9.085356
9.579771
10.257887
10.179781
10.705046
9.328056
8.877666
9.736834
9.547189
9.490030
9.413583
9.457013
8.833890
9.091868
9.865897
8.117169
9.187291
8.573630
7.746735
8.233484
8.624667
7.399300
7.863427
6.812753
6.835466
6.154863
6.572767
5.963395
7.351332
5.971783
5.626858
4.870215
4.567708
4.247165
4.198865
4.961292
4.869028
3.031183
2.915706
3.213159
2.226377
2.567548
3.400159
2.273823
1.405332
1.456368
0.795532
0.031869
1.179391
-0.297496
0.367419
-1.281941
-0.031411
-1.467137
-0.468379
-1.853522
-2.809288
-1.326604
-2.882644
-3.476633
-2.606388
-2.907416
-2.912078
-4.280276
-4.942865
-5.212103
-5.546942
-5.244199
-5.335206
-6.019163
-6.044950
-5.916927
-6.770800
-6.598024
-7.699128
-6.781479
-7.900386
-8.013944
-8.262075
-7.897398
-7.563316
-8.613148
-7.699828
-9.262209
-8.409847
-9.216474
-9.012821
-9.765658
-8.321934
-10.334960
-10.058276
-8.634705
-10.468722
-10.191124
-10.353451
-9.484313
-9.697789
-9.772308
-9.417709
-9.146830
-9.198986
-10.240232
-10.387150
-10.106627
-9.388178
-10.481409
-9.699294
-9.182612
-10.149731
-9.814166
-8.650267
-9.288090
-9.190599
-8.431157
-8.417013
-9.430666
-8.213494
-8.613542
-8.784086
-8.070473
-8.033118
-8.148291
-8.187330
-7.072477
-7.816998
-7.867815
-6.434804
-6.191048
-6.787571
-5.130914
-5.095586
-5.413447
-4.961375
-5.915944
-5.052523
-4.119309
-4.726585
-3.289569
-3.324675
-2.620589
-3.701498
-2.341335
-3.388402
-2.921381
-1.727711
-0.907980
-0.450997
-0.878721
-1.090096
-0.694418
-0.617660
