0.017424
0.342660
0.721234
1.487003
2.248081
1.213341
1.940300
1.758574
3.540360
3.306339
3.258302
2.803005
4.615137
3.468726
4.268639
3.843670
5.746890
6.068466
5.127106
5.546042
6.631785
6.443404
6.492292
6.713882
7.768008
7.382780
6.919181
7.135239
8.689381
7.121891
7.301664
7.479167
8.958063
9.207655
9.029234
9.716980
9.334897
10.150788
9.120504
9.663258
9.754244
9.772206
8.951608
10.522415
10.265601
9.225235
10.037170
10.647457
9.287380
10.153088
9.461521
10.349519
9.662096
8.967826
10.677021
9.648943
10.035580
9.016657
9.897422
9.309981
9.047899
10.063461
9.458065
8.603919
8.370470
8.333522
9.256521
8.782687
9.121346
8.932783
8.364723
8.598824
8.082411
7.197230
7.795038
7.553305
7.606681
5.740844
5.540376
6.403943
5.710124
5.712708
5.377465
5.245545
5.477637
4.507191
3.434195
2.771721
2.996626
3.811474
1.871235
1.709770
2.920272
1.561420
2.016434
1.814899
-0.049332
-0.249401
0.711765
0.953268
-0.612057
-0.442350
-0.415056
-1.554890
-1.258291
-2.175669
-2.205197
-3.044985
-2.020123
-2.188131
-4.013095
-4.151438
-3.315591
-5.186019
-5.539471
-4.781702
-5.424398
-4.709404
-6.589421
-5.454272
-5.475877
-6.176930
-5.953495
-7.673724
-7.163941
-6.938807
-6.530429
-7.077659
-7.678748
-7.184342
-8.827660
-7.637814
-8.310116
-9.322521
-9.336048
-9.674922
-8.995715
-9.406624
-10.008752
-9.499821
-9.009166
-10.681943
-9.361097
-10.580243
-10.073276
-9.723781
-9.029397
-10.622522
-9.917958
-10.884159
-9.145207
-10.587269
-9.481393
-10.232916
-9.245637
-10.342153
-9.288806
-8.754093
-8.868309
-9.093355
-9.837298
-8.378908
-8.730546
-8.810693
-8.422259
-7.828091
-8.489507
-9.261415
-8.522198
-7.184387
-8.635081
-7.978057
-8.062561
-6.787446
-7.460401
-5.848717
-6.980902
-6.891108
-6.566884
-5.582498
-5.371274
-5.713889
-5.490163
-5.651540
-3.662987
-4.317604
-3.378399
-3.991162
-4.321269
-3.196862
-2.918459
-3.299006
-2.488604
-2.492583
-1.093176
-0.353793
-0.826831
-1.244492
0.282409
0.465361
