-0.614383
0.985203
1.074455
2.166860
0.603465
1.146055
2.485631
1.676981
2.868032
3.652720
2.811448
2.761853
3.099270
3.996634
4.785060
5.511955
4.828242
4.534944
6.537671
5.148880
5.461103
5.845515
7.008130
6.634713
7.725860
7.387175
8.296507
6.829503
7.557017
7.227466
7.517240
9.097347
8.667151
9.341408
8.681308
9.095188
9.132289
9.115261
9.824365
9.421805
9.929460
10.506910
10.611048
9.166113
10.655960
9.726503
10.048478
9.103318
9.840819
10.372403
10.500552
9.470539
9.512450
10.859408
9.309031
10.007180
9.102699
9.657689
10.404884
9.327496
9.435992
8.765445
8.509615
9.539075
8.184246
8.453992
8.974347
8.357776
8.782733
7.620465
7.182292
7.399632
6.807476
6.590771
7.625126
7.374091
6.002201
5.509728
5.722250
4.968760
5.357706
5.412298
4.152794
4.434819
4.684383
3.760694
3.370411
4.181790
4.305278
3.891409
2.735738
2.187213
1.844606
1.056278
1.276524
1.399677
0.476891
-0.161358
-0.523598
0.832705
-0.363577
-0.515831
-0.354508
-0.859334
-1.434483
-1.229463
-1.617569
-2.954495
-2.040327
-3.049934
-2.667998
-3.309853
-4.427474
-4.722322
-4.377639
-5.772070
-4.334745
-5.681653
-5.039671
-6.218575
-6.900566
-6.160044
-7.276968
-6.078069
-7.462867
-8.153394
-6.572137
-6.951459
-7.011694
-8.851462
-7.884002
-8.464436
-8.107691
-8.446719
-9.489606
-10.007645
-8.459217
-8.447313
-9.005971
-9.865456
-9.962149
-9.540915
-10.054923
-9.730417
-9.558887
-9.215338
-9.987343
-9.630825
-10.251174
-10.518053
-9.672372
-9.076799
-8.997146
-10.356012
-10.431482
-9.878919
-8.775089
-10.520135
-10.212284
-10.057986
-9.694419
-9.148032
-9.829576
-8.717749
-9.175741
-8.310871
-7.970385
-7.977214
-8.609652
-7.541146
-8.543841
-8.384125
-7.731593
-6.368934
-6.655780
-6.226309
-7.374836
-7.364296
-6.075201
-6.342881
-6.162421
-6.252021
-4.444400
-4.855590
-5.067009
-3.649347
-4.127529
-2.822497
-2.929553
-3.535820
-1.866841
-2.672437
-3.146647
-2.139490
-0.750446
-1.924586
-0.558198
-0.100187
0.045067
0.904133
