-0.076686
-0.107657
0.403085
1.565812
1.947696
2.823696
1.389571
2.313404
2.702168
3.707812
3.509259
4.135967
4.165428
3.970179
4.637070
5.390007
4.805229
5.905751
6.091411
6.778661
6.956604
6.041633
6.108487
7.731546
7.235511
7.581822
8.031762
7.048920
7.551722
7.866435
8.054279
8.627129
8.699246
9.169235
8.466339
9.904987
9.844553
9.477191
8.559429
8.931356
10.098850
9.943729
9.833552
9.049989
10.620580
10.611796
9.499886
10.544861
9.055116
9.841976
9.735993
10.420834
10.613755
10.040683
9.617430
9.720879
9.720667
9.150189
8.939011
9.007478
10.215839
9.433163
8.583001
9.695685
9.796266
8.383174
9.158991
9.184606
8.685742
8.977938
7.776046
7.318760
7.819477
7.341071
7.126500
7.750973
6.672422
7.038659
6.023425
5.294429
5.507414
4.959723
4.568827
3.966719
4.511680
4.087612
3.426518
2.915050
4.191573
2.377866
2.252245
1.649836
2.409607
2.596641
2.041516
0.350018
0.497548
0.035121
-0.342781
0.280453
-0.977642
-0.435272
-0.883608
-1.304727
-0.900913
-1.075572
-1.497386
-3.144707
-1.917785
-2.500206
-3.482999
-4.522001
-4.387193
-4.299672
-3.795121
-3.919685
-4.136635
-4.495052
-5.785377
-5.149776
-5.508594
-6.297267
-6.064338
-7.575821
-7.704108
-6.717504
-8.036891
-8.039957
-7.935606
-7.961725
-8.181026
-8.622951
-8.397189
-8.169312
-7.932166
-8.325700
-9.961603
-8.792022
-10.003089
-9.840722
-9.233852
-10.594972
-9.194821
-9.848370
-10.091910
-10.882448
-9.956331
-10.885081
-9.378858
-9.328772
-9.728442
-9.419906
-9.343608
-9.549274
-9.500507
-10.205614
-8.959564
-9.524528
-9.369363
-9.449446
-10.154931
-9.414857
-8.424993
-9.489018
-8.157922
-9.051577
-8.079776
-8.706126
-8.957032
-8.302356
-8.839200
-8.219439
-8.073512
-7.116647
-6.981666
-6.220300
-6.320950
-5.636062
-7.021199
-5.292646
-6.293064
-4.550446
-4.853553
-5.513810
-4.465617
-3.366999
-4.522890
-4.333538
-3.556389
-3.598208
-2.397846
-1.500506
-2.701049
-1.811104
-1.910047
-2.064573
-0.863049
0.273629
-0.753336
0.695613
