-0.353742
0.945406
1.864200
0.684660
2.032420
1.283606
1.566013
2.689405
2.621755
4.005958
3.359859
3.383730
3.572966
4.729764
3.578190
3.858100
5.593457
5.718144
5.893749
5.974734
5.587640
6.322870
7.172297
6.669445
7.121098
7.691502
7.786758
8.255894
7.967152
7.773769
9.260945
8.969482
9.435603
9.324341
8.596996
9.788148
9.773849
8.363725
9.278759
10.081360
9.622406
10.677689
9.588228
10.308640
9.163337
10.511485
9.864884
9.900907
10.751510
10.639200
9.982649
9.598602
9.180437
9.615693
8.879886
9.593975
10.435535
8.901889
10.043782
9.716503
8.675658
10.053322
9.922553
9.456167
9.400159
7.993451
8.506702
8.794740
8.414245
8.210502
8.265460
8.199120
8.082503
7.899814
6.597349
6.572284
7.557889
6.937206
6.819396
5.015237
5.372178
5.920076
5.871917
4.812340
5.124091
4.288285
3.955849
3.982661
4.062723
3.401657
3.681256
2.107639
2.196250
1.372618
1.985564
1.141485
0.005760
0.547907
0.147764
0.607807
0.081049
-0.720290
-0.245536
-2.150249
-2.042015
-2.308395
-2.312651
-1.572101
-3.432872
-3.097935
-3.334564
-3.962143
-4.757784
-3.894341
-4.738018
-5.761829
-4.610076
-5.758873
-5.146342
-6.370123
-6.129971
-6.422911
-7.196714
-6.470193
-6.991953
-7.279384
-7.776224
-8.463679
-7.909816
-8.295830
-8.219747
-9.192621
-8.423005
-8.482610
-8.524264
-8.563716
-8.745903
-8.607883
-10.090627
-9.248366
-9.964840
-10.060210
-10.400713
-10.096305
-9.738057
-10.582262
-9.386402
-9.100005
-9.413986
-9.948329
-10.973823
-10.497410
-9.802106
-9.825771
-9.583535
-10.658626
-10.498462
-10.401173
-9.302909
-10.025738
-10.130246
-8.891595
-8.412659
-8.103734
-9.012905
-8.667462
-7.772410
-8.329619
-7.779584
-7.950545
-6.904556
-6.705532
-6.795965
-7.492961
-7.606433
-5.898216
-5.645962
-5.506720
-6.389032
-5.012245
-4.707831
-5.592855
-4.529433
-5.535889
-4.098988
-3.984084
-3.909132
-3.964155
-2.482296
-2.500470
-2.136490
-2.388468
-2.426615
-2.041756
-1.074667
-0.457035
-0.789930
-1.218649
-0.188186
0.817444
