1.083049
0.103895
0.240245
0.862777
1.193082
2.737465
2.469553
2.938674
1.982330
3.431497
3.148879
3.541529
3.677721
3.289833
4.094247
5.697223
5.085984
5.277915
4.729977
6.715658
6.038290
6.355232
7.612313
7.332001
6.132556
6.987320
7.558191
6.944620
7.376791
8.468687
7.637654
8.663963
8.378061
9.397585
8.325828
8.274152
8.383995
9.797978
10.028826
9.706820
9.864355
9.471971
10.306343
8.909001
9.355561
9.621421
9.714298
9.964670
10.607421
10.794146
9.386839
10.396540
9.604868
10.113418
9.823150
9.379028
10.606857
9.323048
10.345296
8.622765
9.954351
8.888904
9.952934
8.922558
9.429903
9.482398
8.134858
9.220692
8.037744
8.438977
7.472554
7.267768
8.067070
7.852182
6.135494
6.317251
7.266625
5.621786
6.447553
4.930948
5.698291
6.044879
4.918707
4.379286
5.208087
4.908943
4.291059
3.923188
3.540368
2.166166
2.354985
2.363957
1.939874
1.895035
2.076276
1.964182
0.687373
0.858765
0.048542
-0.008755
0.460798
0.140604
-0.774640
-2.094887
-1.345030
-2.432959
-1.384606
-2.279451
-3.741423
-3.259894
-3.437087
-3.132283
-3.745292
-4.249530
-5.276372
-5.740108
-4.574504
-5.633731
-5.357095
-6.661336
-7.127154
-6.792083
-6.752828
-6.337422
-6.082630
-6.519082
-8.373244
-7.116776
-8.247185
-7.517136
-7.351319
-7.883446
-7.822853
-8.094876
-9.493758
-8.694912
-9.316672
-9.580803
-9.661674
-9.123185
-9.900586
-9.567933
-10.743559
-10.332353
-9.318284
-10.857527
-10.719352
-10.093997
-9.574647
-9.781542
-10.941223
-10.250166
-10.644780
-10.141112
-10.377076
-10.307352
-10.725720
-8.884849
-10.376870
-10.345689
-10.241351
-9.532722
-8.256933
-9.870289
-8.756743
-7.943646
-8.727032
-8.293963
-8.763005
-7.287614
-6.919268
-8.198204
-8.007644
-7.135783
-7.879102
-6.719572
-7.462767
-5.666258
-6.022169
-4.925290
-4.895262
-4.819739
-5.777514
-3.909078
-5.333802
-4.152288
-4.003102
-2.998491
-3.721106
-2.474978
-3.049366
-2.035962
-1.932436
-1.943989
-2.506953
-0.905872
-0.865256
-0.081331
0.429860
-0.218282
