1.247444
1.202640
0.495667
0.681617
0.710166
0.886992
1.292491
2.336247
3.126377
4.070490
3.067727
3.567739
3.996132
5.061584
3.782275
4.548410
5.253011
5.161597
6.530991
5.697218
5.927351
7.351588
6.092685
6.094006
6.520818
8.244151
7.711223
8.573489
7.550916
8.611552
9.249713
8.925665
8.364275
9.064362
9.184852
9.937299
9.317473
8.807485
9.075594
9.926829
10.104467
10.599142
9.706033
10.644249
10.503906
10.525769
10.399488
10.183089
10.493927
10.140879
9.232602
10.426568
9.050810
9.770224
9.311777
9.485248
10.100214
9.283020
8.605610
9.663189
9.000754
8.722191
8.588690
9.490417
8.783450
7.910951
8.087534
7.550552
8.727001
7.105936
7.813441
6.804904
7.017980
7.647375
7.114089
6.500403
7.480878
6.194434
6.706611
6.849669
6.461736
5.182580
4.507889
4.480514
5.120859
3.873697
4.223217
3.628786
2.773287
4.065438
2.832266
2.543816
1.440035
2.615547
1.830013
0.781589
1.214939
0.859056
-0.636521
-0.537723
-0.141094
-1.535797
-1.189361
-2.231969
-1.623414
-0.969836
-2.824559
-1.946916
-3.448074
-2.818186
-3.921812
-4.463995
-4.405909
-4.576849
-4.661789
-5.319460
-4.546184
-4.410806
-4.731052
-6.657636
-6.460035
-6.250634
-7.167350
-7.480360
-7.947881
-7.452232
-7.277406
-7.564022
-8.795389
-8.968255
-8.199937
-7.857953
-8.264551
-8.706037
-8.878610
-9.661797
-8.193229
-9.141191
-9.457393
-9.370068
-9.101693
-9.614693
-9.125378
-8.903572
-9.128292
-9.007280
-9.933703
-10.762694
-9.612575
-9.868019
-10.799834
-10.041603
-9.805151
-10.359195
-9.998412
-9.075278
-9.210134
-10.576281
-9.194585
-10.073805
-10.025707
-10.078420
-9.450526
-9.712295
-9.569196
-8.559460
-8.598411
-7.554180
-8.925914
-7.324063
-8.164320
-7.365396
-8.397276
-7.241960
-6.838963
-6.153925
-6.023791
-6.074198
-6.045824
-6.226746
-5.143271
-4.890408
-5.834892
-4.497252
-4.262840
-4.764463
-3.325573
-3.236730
-2.428929
-2.903998
-2.879153
-2.719309
-1.551302
-1.598969
-0.689380
-1.036828
-1.366413
-1.539318
-0.699385
0.875522
