-0.264003
0.795702
1.545700
2.015825
0.784570
1.277314
1.513933
3.281142
2.574232
3.493897
4.237360
2.817973
3.368075
4.493165
4.145298
4.755652
5.606743
4.413848
5.535920
6.475513
6.052197
6.604447
5.965622
6.346533
7.102126
8.202459
8.031468
6.909898
7.782714
7.814222
8.209039
8.261566
8.896329
9.472289
9.182931
9.112645
9.881743
9.697832
9.471927
10.115373
10.239048
10.058028
9.599316
8.902986
9.020436
10.037778
9.488386
9.404646
10.619487
9.978064
10.837761
10.375067
9.362397
9.646920
9.926130
9.943449
9.524028
9.056036
9.286763
9.334023
9.368368
9.214093
10.090873
9.260891
9.236612
9.647705
9.384865
7.932728
9.088717
7.744587
8.049949
6.714723
7.930166
7.941674
7.395742
6.190909
5.796294
6.956185
5.653812
5.610335
6.579569
4.791567
5.250378
5.377078
4.293433
4.173584
4.464809
2.942382
4.154949
3.145487
2.396921
3.077817
2.866698
2.480341
1.800496
0.316786
0.331407
1.062551
-0.486586
-0.596730
-0.009925
-0.550106
-0.403806
-1.758435
-2.454276
-1.388960
-1.568672
-1.853898
-3.050442
-2.874111
-3.920256
-2.714651
-3.812275
-4.148702
-4.974277
-4.838436
-4.903980
-4.903003
-6.294562
-5.227006
-6.560926
-5.831235
-7.097708
-6.429030
-7.440144
-7.019931
-6.977834
-7.480753
-7.166183
-7.769184
-9.032146
-9.025078
-8.752188
-8.832357
-9.077283
-9.173230
-8.350537
-8.348380
-10.194672
-9.534602
-8.870059
-9.041051
-9.929670
-9.621097
-9.169832
-10.284695
-10.022359
-10.829637
-9.642418
-10.682529
-9.699673
-10.220593
-10.125417
-9.033824
-9.108788
-9.153717
-10.422752
-10.025878
-10.437464
-10.180930
-10.254852
-8.333390
-8.640624
-8.898051
-8.396850
-8.807744
-8.620310
-7.919809
-8.653719
-8.542363
-7.672017
-8.367898
-6.640678
-8.015059
-6.363547
-6.639590
-7.408209
-6.332628
-5.983862
-6.468063
-6.006970
-5.518485
-4.607243
-3.982585
-4.740930
-5.101968
-4.026554
-4.181602
-4.216706
-2.303836
-2.221530
-1.709404
-3.149599
-2.706670
-1.138040
-1.670701
-1.066962
0.277783
-0.484156
-0.142526
