-0.565574
1.267713
0.477478
0.296648
1.216277
1.153728
2.828225
2.271285
2.381820
2.636873
2.691653
4.671482
4.041632
4.635833
4.866900
3.927157
4.570998
4.562260
5.715052
5.103622
6.945110
6.200697
6.638517
6.624562
6.484801
7.952472
7.169720
8.655334
6.908681
7.672328
7.906180
9.282325
8.048238
9.441739
9.316687
8.703677
9.574320
10.225770
8.562504
10.298156
9.556608
8.696126
10.351197
9.418877
10.866989
10.251034
9.015146
10.215427
10.079937
9.968794
10.920849
9.753666
9.760815
10.434017
9.369072
9.471466
8.808273
8.732739
9.877631
10.110078
9.352322
8.647447
8.363498
9.673961
8.413084
8.528318
7.619008
8.909324
8.376047
7.168189
6.967859
8.042744
7.244556
7.345111
7.291798
7.472013
7.518517
7.180494
5.452279
6.103968
5.416139
5.222928
5.669195
5.532163
5.464053
3.870905
4.013103
3.214610
3.015611
2.331984
3.034042
2.415136
1.208797
2.736562
1.729644
0.542786
1.761477
0.614201
0.104696
0.897369
-0.866786
-0.842054
-1.115161
-0.431809
-1.125434
-1.182232
-2.814491
-2.910319
-2.753456
-2.516014
-3.521571
-4.543130
-3.514445
-4.277310
-5.073271
-5.197609
-4.986463
-4.669412
-5.165733
-6.851645
-6.672769
-6.235733
-7.170567
-6.902083
-6.354004
-7.539564
-6.642795
-8.295265
-8.121024
-8.222812
-8.739005
-8.251338
-9.581341
-8.908051
-9.832756
-8.830306
-9.557287
-8.299910
-9.726556
-8.582512
-8.892193
-10.398863
-9.625931
-10.051962
-10.577549
-10.732874
-9.530943
-10.813156
-10.645841
-10.440352
-9.670890
-10.913721
-10.937231
-9.741611
-10.153555
-10.155852
-9.557213
-9.003841
-10.497485
-10.007075
-9.702789
-9.062104
-9.211619
-8.084538
-8.151831
-9.643974
-9.288708
-8.921249
-8.083997
-8.887916
-7.353223
-7.322218
-7.329614
-7.611636
-7.180067
-6.699066
-6.308796
-5.959733
-5.811624
-5.088137
-4.821825
-5.366939
-4.531380
-4.342679
-4.098712
-3.264446
-3.793878
-4.189033
-2.455586
-3.838880
-2.203092
-3.304073
-1.259096
-1.109956
-2.164150
-1.888363
-0.677015
-1.154872
0.367536
0.482973
