0.408107
1.465204
1.880388
1.633897
2.187517
2.492196
1.767648
3.450448
3.439074
2.785183
2.806109
3.112174
3.591179
3.348760
4.625104
4.845299
5.841387
4.754571
5.350855
5.606293
5.605060
5.957002
6.635199
6.889453
7.159250
6.992113
7.935171
7.705065
7.844881
8.136248
8.539271
8.583747
8.523756
7.950850
8.118387
8.407801
8.888209
10.131329
8.957805
8.957869
10.565404
10.606326
10.428660
10.821273
10.048243
9.111773
9.751669
9.172169
10.650344
10.291209
10.895822
9.166484
9.972070
10.698103
10.292679
10.612525
10.015966
8.694889
8.883930
10.348483
9.387929
8.505346
8.810387
8.952263
8.946239
7.821861
9.324827
7.508576
7.386521
8.648570
7.261150
7.824707
7.957386
7.806777
7.901100
6.093127
6.831636
6.508174
5.358519
6.403605
6.460518
6.327816
5.680116
4.850717
5.151428
4.304862
4.670591
3.261479
2.945228
3.926580
1.882664
3.364411
2.598232
2.543112
2.450321
1.242027
0.768409
1.120096
0.706516
-0.825674
0.660673
0.252817
-0.859852
-1.922374
-2.032953
-2.857718
-2.460007
-3.181626
-2.791208
-3.058415
-2.483668
-4.585506
-4.064982
-5.168281
-5.451714
-5.549358
-5.905090
-4.776140
-6.218579
-6.431721
-5.336651
-6.909925
-6.032811
-7.599742
-6.326243
-7.565057
-7.262056
-7.266067
-8.386383
-7.876595
-8.571037
-8.984580
-7.713595
-9.649047
-9.572148
-8.155632
-9.990709
-8.672748
-9.434297
-8.573057
-9.143041
-8.802322
-10.504152
-9.519313
-10.480448
-10.176676
-10.290561
-10.040887
-9.861114
-9.938152
-9.571822
-10.534228
-10.016847
-9.501619
-9.445535
-10.754877
-10.473953
-10.365859
-10.542145
-9.101339
-9.017380
-9.589312
-9.711935
-9.723249
-7.974312
-8.629071
-9.418258
-9.284173
-7.645305
-8.013872
-7.419050
-6.878447
-6.533356
-7.881490
-6.076087
-5.860363
-5.868173
-6.371532
-5.755496
-6.045758
-6.138544
-4.994279
-5.334813
-5.302406
-4.188739
-5.207529
-3.184898
-3.848024
-3.741057
-2.348073
-3.201001
-2.457110
-1.738320
-1.671952
-1.912100
-1.203770
-1.539805
-0.690169
-0.320568
-0.201683
