0.012278
-0.105523
1.625158
1.431908
1.360498
2.219377
1.676316
2.926963
2.635664
3.252822
2.676435
3.288244
4.775588
4.391477
4.141654
4.649108
5.380198
5.518360
5.275873
5.722555
6.110166
5.844116
7.513911
7.784526
7.394145
7.512992
7.597566
7.367633
7.789873
7.606532
7.845285
9.231331
7.936163
7.893187
9.907118
8.325708
8.950853
8.872298
9.492906
8.938242
9.756290
9.342006
10.284632
9.930491
10.371712
9.961878
10.395686
9.422545
10.731750
10.927281
10.385225
10.713149
10.226219
10.680353
10.581246
9.781362
9.077938
9.390012
10.279077
8.836881
10.147793
9.215444
9.470078
9.922256
8.283344
7.914015
8.202227
8.455559
8.139833
7.532687
8.782210
8.118921
7.572518
6.691674
7.988455
6.786811
6.405442
6.277765
5.753437
4.917370
4.673428
4.688659
5.268687
5.081541
3.634690
4.353122
3.288026
3.322665
3.607035
3.528651
2.340415
1.783836
2.144040
1.049924
1.879998
1.467814
0.097674
1.144980
-0.684624
0.579837
-0.713862
-0.455182
-0.779367
-1.938146
-2.008383
-1.687866
-2.463196
-2.833737
-3.570771
-3.037584
-3.192326
-4.371450
-3.530683
-4.025812
-5.067740
-4.009458
-5.975367
-6.064026
-4.807909
-5.171238
-6.422933
-5.558866
-6.365914
-6.798466
-7.922236
-6.647010
-6.947221
-8.292552
-7.979222
-8.160784
-7.337772
-8.832597
-9.441675
-9.098100
-9.436824
-8.943776
-8.913685
-8.975639
-9.280953
-9.724828
-10.358553
-9.514937
-9.987531
-10.552638
-10.326489
-9.869808
-9.038204
-10.330847
-9.759878
-10.680538
-9.161944
-10.688620
-9.446419
-9.200226
-10.580356
-9.332698
-9.056241
-9.669236
-10.335588
-9.060671
-8.635908
-10.205181
-9.387902
-9.612463
-9.524861
-8.207289
-7.870958
-9.047943
-8.490861
-7.629487
-7.207971
-7.351673
-7.275022
-6.709503
-6.970620
-6.064647
-6.087662
-6.947297
-6.079389
-5.412073
-5.230142
-6.097163
-4.572031
-5.359399
-4.994363
-3.818668
-3.832586
-3.037816
-3.478575
-3.100543
-2.561553
-2.334884
-2.100970
-2.081671
-2.328807
-0.309567
-1.367375
-0.309670
-0.425913
0.889723
