1.069972
0.672400
1.446667
0.262464
2.198997
2.744631
1.389066
3.057523
3.544116
2.970250
3.655871
4.475093
4.662083
4.716669
4.628981
4.761760
4.789368
5.851667
4.926903
5.842421
6.884301
6.677187
6.272732
5.999134
7.832915
7.693861
7.082648
8.162955
7.154581
7.112213
8.204544
9.015063
8.551012
9.355881
8.349591
8.749522
9.003246
9.671772
8.601927
8.755499
10.045405
10.197152
10.572661
9.792665
9.715232
9.374686
9.496211
10.810428
9.665772
9.283231
9.816586
9.385565
9.386296
10.753981
9.299929
10.789189
9.039205
10.608372
9.430412
10.031205
9.323479
9.853799
8.779716
9.654386
9.165636
8.274904
7.742302
8.206476
7.561770
8.746893
7.100677
8.364355
6.640220
6.597827
6.794079
6.986025
5.991399
6.497243
6.739704
6.745027
6.162031
5.766980
4.985748
4.944421
3.963012
4.575294
3.175840
4.264280
4.019954
2.443338
3.325546
2.066573
2.032895
1.014239
2.080631
0.589546
1.035306
1.212666
1.223433
0.423985
-0.531967
-0.254062
-0.052272
-1.015440
-2.186109
-1.098926
-3.026267
-3.160464
-2.925400
-2.732180
-4.177600
-4.217418
-4.038260
-5.116120
-4.819341
-5.512585
-5.497249
-5.389280
-5.487089
-5.350463
-5.805676
-5.929141
-6.148861
-6.612213
-6.741055
-8.017910
-6.948074
-7.459418
-8.585701
-7.327901
-7.665635
-7.768205
-9.216294
-9.444949
-9.350133
-9.197159
-9.323183
-8.535921
-10.150279
-10.223679
-9.086707
-10.585415
-9.535512
-10.418039
-10.616992
-10.425501
-10.612114
-10.577862
-9.577786
-9.227662
-10.791611
-9.530179
-9.978281
-9.278807
-10.290902
-9.831843
-10.431843
-8.976224
-9.305510
-9.567549
-8.438063
-8.865331
-9.484603
-8.100213
-8.055834
-8.987984
-7.695487
-8.293721
-7.648254
-8.724700
-7.227181
-7.464982
-7.506263
-7.013942
-7.366995
-7.478800
-6.489865
-6.734904
-5.281297
-5.972421
-6.317403
-5.588711
-5.287478
-5.254055
-4.587272
-3.660144
-4.552228
-3.801164
-2.771373
-2.153840
-2.306915
-3.131239
-1.579465
-1.793362
-1.804864
-2.122649
-1.549989
-0.225645
-1.123661
-0.537811
