1.286917
0.720740
0.743614
0.875935
0.814352
2.212351
1.875565
3.390168
2.413963
2.148690
3.294084
3.293999
4.179660
5.111992
5.059771
4.467653
5.034607
4.475805
5.142628
5.588206
5.134810
7.099244
6.331440
7.470337
6.093213
7.401835
6.925383
6.722738
7.699612
7.577931
8.671283
7.834468
8.404913
8.884071
8.635684
9.136937
9.251666
10.038298
8.583039
8.912623
9.688198
9.566128
10.739693
9.224077
10.178554
9.648941
9.069574
9.760301
10.950145
10.010103
10.494803
10.192524
9.779391
9.648996
8.961218
9.451539
10.228903
10.485982
8.813278
10.230918
10.234370
9.810179
9.788091
9.539610
8.472210
9.291187
8.849720
8.393163
7.439364
9.031857
8.086484
6.939466
8.453445
8.064833
6.339114
7.833772
6.363026
6.385905
5.556631
5.698068
6.599079
5.219947
5.360890
5.778701
4.699126
3.306997
3.401654
3.097420
3.712729
3.952767
2.788239
2.131856
1.421160
1.484748
1.137368
2.137823
0.803346
-0.277372
1.259319
-0.202920
-1.009870
-1.160109
-1.763926
-1.771990
-0.856025
-2.454243
-2.612121
-2.071617
-2.118328
-3.154331
-2.786814
-4.009879
-3.930016
-3.323666
-3.683248
-3.929705
-5.211949
-5.188724
-5.303836
-6.789885
-7.017718
-5.566076
-6.776161
-7.678084
-6.716097
-7.293554
-6.771032
-8.628431
-7.179461
-7.094711
-9.133098
-8.202921
-7.927826
-8.660468
-9.440590
-8.332644
-9.956704
-9.572633
-8.776488
-10.365035
-9.820804
-9.231767
-10.634780
-9.629968
-9.869166
-9.925676
-9.354909
-10.657979
-9.854096
-10.097997
-9.992097
-10.817221
-10.935198
-10.592138
-9.688865
-8.856562
-9.476548
-9.605993
-8.895313
-10.451950
-9.369538
-8.594140
-8.643224
-8.429845
-9.332441
-9.387930
-9.139331
-8.114225
-8.659123
-8.699491
-7.857246
-8.214095
-6.839579
-6.460763
-6.728495
-5.845718
-6.213700
-6.221133
-6.435255
-5.154818
-6.619670
-6.278754
-5.355348
-5.796622
-4.003617
-4.960942
-3.073744
-3.611450
-3.446666
-2.493210
-2.820437
-2.294352
-1.805258
-1.924915
-2.548740
-2.028983
-0.286794
-1.076637
0.372434
0.063156
