0.873688
1.050619
1.060617
1.316071
1.582543
2.420355
2.569925
2.876495
2.569965
3.872522
3.036893
4.107700
4.830318
4.297621
3.977025
4.407577
4.550265
6.195822
6.505945
6.596611
7.126410
5.888119
5.848607
6.020257
7.760424
6.927177
6.624583
7.173883
6.945787
8.385228
9.200281
9.248587
7.915589
9.360516
9.597270
9.072404
8.952388
8.669890
9.857054
10.366500
10.508353
9.795197
9.664127
10.029879
9.286148
9.713129
10.683610
9.690544
10.430051
9.886451
9.196781
9.771980
9.262030
10.631413
10.771182
10.636402
10.208751
10.646208
8.647455
10.420942
8.806931
10.047812
8.364926
8.944954
9.521200
8.459623
7.864278
9.285045
8.125580
8.852705
7.301458
8.140996
8.290959
7.601893
7.553627
5.900787
7.454841
5.431468
5.135113
6.325371
5.119764
5.206391
4.472048
5.668441
4.515028
3.859302
3.581160
2.969623
3.440424
2.352442
3.694552
2.654646
2.046290
2.344154
1.259579
1.245974
1.426108
0.143331
0.907937
0.286692
-1.211758
-1.441868
-1.146502
-0.838408
-1.838524
-1.581802
-2.666480
-3.458403
-2.208514
-4.025512
-3.466591
-3.707724
-4.785584
-4.506969
-4.736616
-5.683534
-4.734482
-5.961247
-6.570594
-5.758526
-5.236280
-6.635127
-6.169595
-6.791492
-7.806056
-6.647132
-7.410556
-8.280724
-6.986809
-7.675412
-7.819981
-9.297609
-8.726496
-8.096606
-9.319816
-9.912187
-8.385807
-9.108771
-10.345621
-8.751016
-10.598865
-9.436442
-8.894032
-9.958887
-10.018243
-9.169609
-9.114286
-10.200340
-10.491789
-9.825168
-10.507754
-10.662109
-10.653003
-10.206680
-9.359968
-9.369105
-9.249880
-8.987088
-9.251232
-10.504976
-9.909443
-8.454993
-9.351871
-8.870024
-9.354903
-8.040136
-8.549453
-7.477161
-8.641638
-8.177772
-7.614109
-7.899338
-6.552830
-6.956098
-7.246872
-7.470085
-6.608695
-5.865373
-5.380232
-5.072410
-5.062816
-5.934044
-4.895831
-3.855185
-5.519060
-3.383315
-2.985735
-3.635402
-3.030253
-3.132538
-2.285013
-3.451143
-2.686718
-1.643114
-1.049377
-2.030166
-0.568454
0.178233
-0.554496
-0.553698
