0.855872
0.581034
1.811188
1.465102
1.753108
1.943015
1.955073
2.067890
1.952395
3.689597
4.178357
4.276359
4.003651
4.943904
5.010184
5.226853
5.342685
6.159279
4.879496
6.460034
7.108401
6.259974
7.385028
6.334391
6.692311
7.744768
8.116590
8.170962
8.195284
7.660022
7.803066
8.781410
8.991378
7.935093
8.080146
9.396739
9.963858
10.223436
9.797266
8.701676
10.540683
9.557642
9.748491
9.722941
10.459384
10.143755
9.700654
10.120308
10.612897
10.256849
10.456734
9.637970
9.491208
10.004961
10.019858
9.495292
10.564296
10.638738
8.904128
10.420835
10.003439
8.731562
9.595458
9.704429
8.418489
7.864757
8.998101
9.302124
7.563289
9.070700
8.625908
7.463323
8.400376
6.291320
7.792618
7.610237
6.954899
7.056328
5.702876
6.179091
6.399595
5.512113
5.620981
4.155861
4.589252
3.349463
3.038217
2.974634
2.604933
3.337733
2.543096
2.079570
1.204427
1.408593
1.040944
0.527489
0.767655
0.512245
-0.265775
-0.409797
0.491996
-0.697379
-0.103628
-2.234635
-1.189933
-2.771189
-1.918070
-1.530068
-3.681167
-4.038693
-2.691564
-3.599049
-4.226966
-5.231209
-3.730480
-4.797345
-6.056566
-5.552180
-5.346358
-5.177219
-6.752781
-6.992648
-7.440083
-7.614639
-7.249606
-6.494457
-8.134868
-8.190609
-8.680038
-7.275670
-8.253438
-7.743165
-8.844068
-9.268229
-8.352892
-9.155119
-9.013679
-9.124972
-10.310944
-8.741869
-10.278663
-8.843192
-9.524989
-9.797020
-9.385525
-10.851243
-10.900506
-9.447388
-9.776669
-10.331299
-10.372288
-9.930670
-10.213008
-10.190590
-10.215702
-9.115694
-9.116859
-10.638136
-8.630864
-8.872016
-8.787247
-10.293723
-8.831214
-8.672986
-9.570585
-9.029801
-8.520878
-8.739590
-8.936558
-8.772222
-7.288320
-7.595225
-8.231204
-6.950544
-7.315341
-6.655227
-5.791330
-5.706286
-6.929257
-6.016687
-5.671938
-5.854103
-4.164974
-4.696309
-5.278776
-3.682116
-4.680578
-2.952678
-2.399668
-3.547438
-2.130719
-1.726637
-1.320837
-1.087859
-0.992772
-1.837808
-0.043086
-1.500353
-0.742134
0.627790
