0.484209
-0.094332
1.810436
1.355858
1.997813
0.991635
2.194027
2.538320
2.675489
2.792312
3.286455
2.905292
3.598044
3.523139
4.884529
5.655963
5.679115
5.511652
4.982801
6.188623
5.848094
7.292551
6.263892
7.766301
8.051102
6.779143
6.711407
8.139756
8.069438
7.409625
8.894887
7.580058
7.617864
8.032981
7.999693
9.903942
8.435202
9.655176
8.967444
8.975288
9.310461
8.925824
10.657777
10.642767
9.849640
9.838640
10.700598
10.239238
9.647556
9.912813
10.782775
10.600337
10.711871
9.287873
10.651672
9.211001
10.645311
9.283595
9.030943
8.902160
8.597556
8.862351
8.894865
9.706872
9.603458
8.289952
7.907662
9.345035
7.916742
8.761653
8.164513
6.785945
7.897898
8.130896
7.412791
6.464169
7.595773
6.908608
6.820796
6.708740
5.045539
5.145947
4.192840
5.258208
4.999967
4.901562
3.925477
4.452523
2.644615
3.255173
3.675869
1.724708
1.775685
1.687295
2.172151
0.768196
0.872974
0.671074
1.268408
-0.420293
-1.271854
0.016271
-0.049539
-1.634984
-2.288443
-1.287504
-3.117183
-1.584129
-1.963211
-2.979772
-4.201322
-4.185244
-4.397616
-5.171911
-4.014767
-4.986856
-4.459934
-4.687735
-5.872038
-5.897350
-5.679297
-7.071474
-7.091991
-7.335553
-6.695629
-6.635480
-6.506267
-7.829793
-8.645247
-8.497112
-7.431748
-8.985273
-8.112609
-9.753114
-9.269651
-9.285279
-9.933862
-10.015830
-8.473750
-8.827139
-10.476489
-9.963377
-10.734124
-10.181716
-10.049235
-9.644293
-9.422181
-9.595448
-9.523686
-10.024579
-10.386564
-9.180238
-9.171510
-10.409977
-9.434931
-9.620024
-10.547529
-10.107495
-10.305017
-9.458683
-10.296511
-9.676536
-8.767928
-9.126466
-8.367834
-9.377317
-7.854698
-7.614656
-9.184223
-7.816156
-7.131923
-8.634262
-7.843636
-6.386919
-6.897639
-6.291779
-7.572102
-7.220404
-6.985085
-6.344682
-4.780013
-6.028476
-5.917027
-4.581627
-4.078116
-4.780435
-3.821163
-3.615103
-3.267793
-3.226389
-2.096905
-1.667122
-2.650701
-1.434573
-1.820061
-1.220159
-0.477946
-0.336417
-1.162206
0.587873
