0.385395
0.684833
0.958831
1.077666
1.117990
2.788270
1.507737
2.111196
1.984999
4.012042
2.497574
3.271731
3.222487
4.419178
5.347562
4.352361
5.852151
6.277717
6.294813
5.698988
5.643879
6.114441
6.014070
7.645553
7.182601
7.230392
8.307828
8.062284
7.724840
7.703940
8.528251
8.471893
7.722275
9.717596
8.018033
8.992905
9.586502
9.032110
8.651995
8.689074
9.906971
10.052667
10.366258
9.964199
10.326486
9.970835
8.966765
9.683059
9.587302
10.040209
10.221195
9.412859
10.053982
9.525989
9.783746
8.922473
9.108872
9.861974
10.358073
10.220825
9.295944
8.322143
9.269904
9.428676
9.160609
8.047303
7.832460
7.504454
7.310616
7.944273
8.443297
7.996156
8.352590
6.788912
7.938552
7.596199
6.166798
6.608513
6.946559
5.987216
4.695277
5.674933
5.198798
4.071984
4.310925
4.373768
3.164625
3.275627
3.897918
2.736469
3.752026
2.795805
2.877083
2.206864
1.729024
1.342222
1.624448
1.504797
0.265604
0.200459
-0.401494
-0.991098
-1.646119
-2.241436
-0.672116
-1.295573
-1.996800
-1.615606
-2.377560
-2.536906
-3.334427
-4.375680
-4.919739
-5.176079
-3.930090
-5.768420
-5.542654
-4.374200
-6.410745
-5.074326
-6.803947
-6.857796
-6.995957
-6.108114
-7.898985
-6.696563
-7.190381
-7.146076
-7.435621
-8.777093
-8.742862
-8.118133
-8.472798
-9.500792
-7.921394
-8.571361
-9.493348
-8.915722
-9.375546
-10.023083
-9.866804
-10.267791
-9.551921
-10.590324
-10.123855
-10.333733
-10.642620
-9.575893
-9.330468
-10.551569
-9.177414
-9.093401
-10.902778
-9.287128
-9.950204
-10.413711
-10.376941
-9.493354
-10.522429
-9.943903
-9.175911
-9.524090
-9.564610
-10.036953
-8.178350
-8.759879
-9.293485
-8.802709
-8.588568
-9.076508
-8.466209
-7.913544
-8.451475
-7.643403
-6.215575
-6.490028
-5.671474
-7.240878
-6.980672
-5.230982
-4.679946
-5.606895
-5.111045
-4.647387
-4.690032
-4.259103
-4.240316
-4.623911
-4.232311
-3.049697
-3.096009
-2.550886
-2.966428
-2.182811
-1.670266
-0.885331
-0.716500
-0.018619
-0.465433
-0.297989
