0.769324
0.478295
0.589201
2.158349
2.454202
1.276606
2.903170
1.607078
2.877710
2.792952
3.967293
3.297090
4.246379
4.893196
3.879009
5.010222
4.927762
5.433240
4.794995
6.697937
6.903116
6.136609
5.984643
7.008836
8.012850
7.541719
7.443749
6.975137
8.794301
7.884638
7.601210
8.754956
8.265723
9.719020
9.286947
9.857848
8.798604
8.819723
9.663000
9.394379
9.751772
8.806146
9.059049
8.897163
10.723933
9.722733
10.911839
10.299406
10.177919
9.789353
9.045701
10.537585
9.775635
9.157269
10.384690
10.345757
9.206150
8.875394
9.981505
9.128917
8.595535
10.246148
10.066290
9.032305
9.087720
8.926267
7.636680
9.079252
8.304809
8.129595
7.326317
6.734453
6.576977
8.072290
7.963025
6.639395
5.939889
6.196803
5.368546
6.328910
6.283207
4.414946
5.813330
3.939515
5.317559
5.038864
4.703759
3.633917
3.022234
2.333766
3.425486
2.176077
2.483163
2.860510
2.197559
0.795839
0.928428
0.239216
0.413479
-0.546836
-0.949796
-1.088942
-1.056141
-2.135460
-1.426677
-2.813672
-2.465341
-2.859871
-2.618535
-2.095653
-3.549547
-4.320984
-3.640960
-4.253822
-3.952425
-4.187538
-4.106865
-4.538818
-5.729584
-5.614436
-5.656479
-6.001338
-6.028638
-7.764705
-6.306293
-7.546790
-7.183438
-8.348121
-7.070294
-7.339547
-8.620327
-8.017427
-7.701581
-8.692218
-9.104648
-9.535559
-8.569688
-10.079594
-9.116449
-10.469133
-9.188528
-9.802673
-9.572265
-9.439561
-10.316440
-9.324085
-9.026444
-10.510468
-10.824272
-10.432075
-9.649915
-10.395148
-9.238459
-9.663619
-9.708743
-9.172032
-9.102969
-10.586444
-10.208815
-9.129040
-10.039440
-8.828200
-8.991783
-8.378023
-8.086307
-8.772760
-8.493635
-8.207330
-8.181122
-7.225511
-7.673280
-7.496202
-7.108987
-8.049634
-6.416449
-7.742863
-7.155760
-6.191244
-5.681112
-4.893401
-6.442749
-5.939513
-5.546373
-4.167493
-4.506918
-4.705641
-4.260762
-3.345376
-2.517923
-3.346288
-3.728612
-2.317884
-2.247598
-1.330210
-1.496687
-1.669854
-0.626249
-0.610746
-1.262686
0.561292
