-0.580756
1.136344
0.991822
0.504688
0.824952
0.935671
2.751611
2.318087
2.952265
3.443588
3.536704
3.587196
3.231176
4.674257
4.102981
4.380499
5.209076
5.985327
5.094133
5.117817
6.604785
5.861125
7.007792
7.379980
7.040930
6.652398
6.690019
7.129462
8.865831
7.217985
7.576636
8.628305
9.030844
8.683562
9.377431
8.687844
8.270531
8.673708
10.355520
8.963769
10.155314
10.567224
10.009534
10.187309
10.250692
9.086935
10.880104
9.818123
10.864328
9.420869
9.972011
10.381791
9.654787
9.444455
10.784624
10.772422
10.548445
9.182124
9.210166
8.912393
9.324920
9.168056
8.890135
8.661291
9.670510
9.015036
9.351928
8.971900
8.204856
7.177242
7.533237
8.516854
7.042150
6.859214
7.859685
7.348256
5.893255
6.713444
6.143553
6.122051
5.393179
5.740731
4.568654
5.245496
4.174165
3.286918
4.244415
4.262529
2.674509
2.310686
3.134345
2.711559
2.874103
1.171938
1.412107
2.054104
1.215412
-0.292994
-0.335410
0.081698
-0.214255
-1.166657
-0.726596
-0.890582
-1.442485
-1.042151
-2.116801
-2.042468
-3.736879
-2.555253
-2.528244
-3.574807
-4.531423
-3.533109
-5.502949
-5.328936
-4.260289
-6.111599
-4.896058
-6.856323
-5.258258
-5.557469
-7.535379
-6.424584
-7.790325
-7.736254
-7.187106
-6.845844
-8.754373
-7.763817
-7.431469
-8.560738
-8.590558
-7.778265
-8.002672
-8.738982
-8.458194
-9.858955
-9.399600
-9.935739
-10.121187
-8.816818
-10.729385
-9.792842
-10.013798
-10.580256
-9.396786
-10.150755
-9.203543
-9.604568
-10.506850
-10.387629
-9.386958
-9.122862
-9.070016
-10.030134
-10.580935
-9.469401
-10.064608
-9.980434
-9.472387
-10.026147
-9.810252
-9.703491
-9.088545
-9.640936
-8.937165
-8.883455
-7.446275
-8.932274
-7.936513
-7.021241
-7.886166
-7.289176
-6.371798
-5.914883
-7.453272
-6.565841
-5.911367
-5.030456
-5.904936
-6.315004
-5.810430
-4.767084
-4.876581
-5.148463
-4.515524
-3.866052
-3.756763
-2.893580
-1.854053
-2.703481
-2.537488
-1.959033
-1.456477
-2.030362
-0.290286
-0.014726
0.532044
0.051339
