0.010150
-0.324400
0.503406
1.779893
2.507245
2.352597
1.882124
2.098918
2.418651
3.654679
2.857986
4.164485
3.244827
3.980405
4.571502
4.429089
5.265150
4.435535
6.612104
6.547953
5.433997
6.866360
7.037981
7.255764
7.779870
7.537495
6.566885
8.458358
7.401447
7.788795
7.790623
9.074028
8.579283
9.134517
9.222526
9.928555
9.108363
8.739847
8.917120
9.348230
10.249467
10.574407
9.209266
8.969033
10.708226
10.752363
9.640961
9.214548
10.379445
10.930092
9.996353
10.046044
10.428912
8.983840
9.187481
10.163428
9.197780
10.016320
9.704224
10.478923
9.633153
8.912303
8.788408
8.662889
9.655723
8.309378
8.248976
8.505952
9.109579
7.619925
7.521263
7.896268
6.842397
6.424340
7.583685
7.743711
6.578155
5.416800
6.019307
5.378249
6.340243
5.395661
6.074857
4.677855
4.036177
3.561394
3.928000
2.711184
4.282635
3.173225
2.390324
2.137836
1.510890
2.242888
0.825930
1.968086
1.209770
1.206154
0.890709
-0.778475
0.453892
-0.948270
-0.667543
-0.336690
-1.776689
-2.009690
-2.816001
-2.601108
-1.987456
-2.447630
-2.989447
-4.334563
-3.779346
-3.962658
-4.567872
-3.864024
-4.400328
-4.796442
-4.890898
-6.815698
-6.444694
-7.021654
-5.967793
-7.617448
-7.150234
-6.729287
-7.406132
-8.171491
-8.737921
-8.174727
-8.335611
-8.746465
-8.426487
-8.353407
-8.532648
-8.623784
-8.971607
-10.225439
-8.880511
-8.684241
-10.568504
-9.289464
-10.196985
-10.804961
-9.763241
-9.057313
-10.869399
-9.455663
-10.343642
-9.216181
-9.881865
-10.897529
-9.229267
-10.651776
-9.517327
-9.640636
-10.176372
-10.222406
-10.474462
-8.934167
-10.119331
-9.734081
-9.517490
-9.024632
-9.330149
-8.484263
-8.381614
-8.258111
-7.580495
-7.632670
-8.358231
-6.965022
-6.596113
-7.695446
-7.626483
-7.144438
-6.628135
-5.850442
-5.447523
-6.267303
-4.771783
-6.328000
-4.584057
-5.276777
-4.895288
-5.233427
-4.103551
-3.437848
-3.603995
-3.137207
-2.120326
-2.753709
-3.142918
-2.289801
-0.741279
-0.538754
-0.419486
-1.041044
-0.712450
-0.931023
