1.184557
1.163985
0.054723
0.770622
2.275370
1.426378
1.235613
2.721879
3.123751
2.264191
3.116274
2.714809
4.345313
4.457917
4.660582
4.121451
5.062217
4.520942
5.344951
5.505798
5.846541
6.946944
5.661293
6.124474
7.863722
6.798548
6.736593
8.441976
8.102042
8.760099
7.821156
9.057282
8.938945
8.270129
8.723314
9.094749
9.143274
8.725434
8.878747
10.448108
8.607017
9.260647
9.189326
9.884657
10.455583
10.276148
9.567576
9.863699
9.657935
9.589772
10.870138
10.176932
9.371707
9.038496
10.024479
10.124504
10.534813
10.144346
9.748093
9.013986
9.801033
9.548161
9.505635
8.488441
9.613721
8.465753
8.059227
8.414507
8.740879
8.322678
7.800804
7.587358
7.931567
7.510383
6.407421
6.642321
5.801187
6.049172
6.697743
5.860445
5.617767
4.975348
4.795098
5.791929
3.910147
3.968688
4.036379
4.009571
3.782759
3.014387
2.962681
1.552184
1.969707
2.189356
1.108938
2.203885
0.198386
1.579403
0.261068
0.872761
-0.641285
-0.578467
-0.965730
-0.645705
-2.506859
-1.775155
-1.540802
-2.139428
-3.602037
-2.789318
-3.057753
-2.714056
-3.248119
-4.931937
-4.554695
-4.232720
-5.546356
-5.714698
-5.824851
-5.530058
-6.620748
-6.458892
-7.262005
-7.046474
-7.454958
-7.387189
-7.925857
-7.155335
-8.074039
-8.135927
-8.217000
-9.014929
-7.770225
-8.220862
-9.073864
-8.668040
-8.447034
-10.224288
-9.918472
-9.680390
-8.822164
-9.633173
-9.883068
-10.276328
-9.237684
-10.889823
-10.047538
-10.247263
-10.356584
-10.448019
-10.987020
-9.956938
-10.159160
-10.758972
-9.424751
-9.389914
-9.867886
-8.824240
-10.155719
-10.352193
-8.657503
-8.972423
-8.525650
-9.091344
-8.800806
-8.999638
-7.627450
-8.615607
-7.549978
-7.292625
-7.442350
-7.084506
-7.142271
-7.242607
-7.883672
-6.950142
-6.773204
-5.474457
-5.949344
-5.496260
-6.297422
-5.292895
-4.639097
-5.224091
-4.767857
-4.690904
-3.880940
-2.799074
-3.546156
-2.987424
-3.173126
-2.290764
-3.052274
-1.195028
-0.714540
-0.417559
-0.322323
0.246235
0.042542
0.791996
