0.159481
0.600643
0.398861
1.329582
2.456062
2.629557
1.975973
1.730110
3.094138
3.518355
3.669184
2.956340
4.223440
3.489924
4.976033
5.583515
5.115138
4.999471
6.529460
6.514721
5.734421
5.478623
6.415978
6.052402
6.361793
6.640936
7.523980
8.165764
7.736347
9.081172
8.769620
9.034732
8.617064
9.623158
9.863787
9.504848
9.616365
9.544504
8.787626
10.400432
9.673837
10.139218
9.425321
9.237246
9.546782
10.601065
9.119562
10.514342
10.483255
10.939875
10.352401
10.097939
10.402165
10.498501
10.726371
10.586009
10.641261
10.476350
9.295021
8.791343
9.713510
9.502269
10.042862
9.908451
8.535857
8.515064
9.019356
7.608421
9.187513
8.836760
8.699228
7.637509
7.197986
6.761017
7.074126
6.609839
6.139284
6.020139
6.628951
6.769641
6.328222
5.830941
5.742107
4.185180
3.847229
4.504162
4.706404
4.640440
3.896330
3.498581
3.240772
3.082212
2.868914
1.013425
2.007146
1.195825
0.902660
0.225059
0.588009
-0.205299
0.237370
-0.987271
-1.521028
-2.033531
-1.031602
-1.149759
-2.196249
-2.778197
-3.064346
-2.549949
-3.406510
-4.118562
-3.890595
-4.323628
-3.848329
-5.511695
-4.645497
-5.658471
-6.116518
-6.688005
-5.829334
-7.044936
-7.578958
-6.448342
-7.342438
-7.546814
-7.439386
-8.564324
-7.570495
-7.295180
-7.896246
-9.030593
-9.426210
-7.883231
-9.368695
-9.400447
-8.540117
-10.148407
-9.710209
-9.740333
-10.351658
-10.578435
-8.985579
-9.825074
-10.033076
-9.906527
-10.741834
-9.712678
-9.287632
-9.324862
-10.044831
-10.365151
-10.468501
-9.888226
-9.387359
-10.614000
-9.870822
-10.139653
-9.484062
-8.868021
-10.274067
-10.262330
-8.704348
-8.929842
-8.007846
-8.702794
-8.067435
-8.578469
-8.985654
-7.794472
-8.277407
-7.614225
-6.822434
-7.960841
-7.894736
-7.243094
-7.404703
-5.891688
-6.471695
-5.163987
-6.551800
-6.117534
-5.119479
-3.995649
-5.503486
-4.078015
-4.500332
-3.059878
-2.430326
-4.068169
-1.810510
-2.931308
-1.918621
-2.083229
-2.081098
-1.307044
-1.375428
0.185864
-0.416186
0.780180
