0.619118
0.060440
0.599648
1.116846
1.691957
2.123951
1.402988
2.025299
2.575265
3.324250
3.492578
4.611685
3.770937
4.172482
4.102458
4.987708
4.786959
5.345934
6.417498
6.458148
6.090738
6.183035
6.208305
6.950532
6.855411
7.386329
6.540719
7.275545
7.673877
8.835814
8.445566
7.640322
7.794863
7.811542
9.542715
8.788857
9.002325
9.165774
9.982553
10.329596
10.091061
9.996462
9.915577
9.611367
9.458750
10.403719
9.261275
9.660391
10.471059
9.496378
9.928365
9.675942
9.599035
10.846305
9.106882
8.876311
10.425734
10.356864
10.003983
8.704165
9.951866
9.212512
8.983903
8.487144
9.902794
8.127602
8.115246
7.596171
8.854007
8.849545
7.711038
6.828415
6.574225
8.128454
7.821303
7.429103
6.571022
6.077511
5.455011
6.265056
6.419852
4.664188
5.310174
4.305151
5.445260
4.969098
4.729814
3.707798
3.644883
3.219413
2.971562
1.823620
2.828558
1.513952
1.227313
1.759349
1.177236
0.759468
-0.564662
0.068934
0.080488
-1.007389
-0.407327
-0.837346
-1.229950
-2.728264
-2.455651
-2.851260
-3.206273
-3.509871
-3.487223
-3.742042
-4.047294
-3.443450
-4.307177
-3.885429
-5.157520
-4.855906
-5.575384
-5.508375
-6.001080
-7.320153
-5.719803
-6.119469
-7.987348
-8.244467
-7.952257
-8.628795
-7.852981
-7.618893
-8.687913
-9.388157
-7.973525
-9.384579
-8.705532
-8.516674
-10.031493
-10.068333
-10.296887
-10.409031
-9.036013
-9.278308
-10.496493
-8.846106
-9.441042
-9.494504
-9.440759
-9.472800
-10.360976
-10.213963
-9.649395
-10.075357
-10.177302
-9.481571
-9.801179
-9.569248
-9.602508
-8.788516
-8.869834
-10.406404
-8.643134
-9.857347
-9.044633
-8.987599
-8.491621
-8.216651
-8.065439
-8.800920
-9.192980
-7.656347
-8.333879
-8.401332
-7.385299
-8.014515
-7.668859
-7.441133
-5.894125
-5.544986
-5.442654
-5.393929
-5.381851
-5.221564
-4.594107
-5.523333
-3.585612
-3.586229
-4.750695
-3.320573
-3.977830
-2.254372
-2.264842
-1.842060
-2.606670
-1.833699
-2.020547
-1.960692
-0.615385
-1.077176
-0.122360
0.770356
