-0.341390
-0.339750
0.247667
1.077894
1.024951
1.312863
1.813025
3.386069
3.343280
3.436444
3.070791
4.273629
3.009897
3.403355
4.039574
4.167083
5.414515
6.063688
6.382550
5.848921
6.698432
6.529527
6.786066
7.466478
7.650611
8.235992
6.857972
8.682545
7.646271
8.152182
7.400604
8.615509
8.276768
9.319670
9.733930
8.728621
10.017175
9.340728
9.393766
10.508314
8.816553
10.526233
9.965360
10.384489
9.197485
9.911942
10.407171
9.247709
9.179257
10.953784
10.894111
10.570231
9.088226
10.500080
9.908784
10.172899
10.256983
8.730463
9.585538
10.153565
10.019360
9.470766
9.097530
8.785128
9.690139
9.567093
8.635189
7.944676
8.469644
8.092684
7.155818
6.799653
8.150040
6.587518
7.095132
7.635152
7.264977
5.957057
5.265745
5.579946
6.147137
4.420494
5.500931
4.749008
5.247860
3.465183
4.678135
3.700435
3.782511
3.389103
2.878503
2.889328
2.076951
1.890614
2.365245
1.773184
0.495989
-0.280883
-0.572844
-0.313659
-0.361707
-0.180709
-0.213153
-0.893086
-0.814444
-1.651852
-3.018606
-3.031754
-2.647216
-3.235476
-3.629452
-4.205519
-3.003158
-3.895634
-4.609613
-4.527531
-5.992137
-6.215860
-4.928587
-6.518247
-5.725594
-5.977060
-6.241746
-6.827973
-7.434734
-7.251771
-8.352636
-7.879079
-7.448808
-7.343872
-8.774621
-8.824620
-7.916605
-9.175992
-9.481780
-9.300231
-10.087359
-9.802930
-9.123441
-9.747821
-9.345107
-9.991975
-9.317529
-9.767007
-9.928540
-10.295054
-9.501573
-9.178252
-10.234091
-9.000736
-9.878492
-10.542690
-10.478012
-10.594211
-9.899787
-9.065859
-10.576664
-9.178747
-8.996385
-9.152819
-10.085896
-9.043833
-8.954585
-8.465484
-9.252237
-9.260640
-8.927156
-9.096746
-7.307687
-8.763402
-8.485032
-7.757402
-7.964381
-6.919938
-6.652197
-7.214223
-7.300398
-7.298037
-6.727673
-5.531191
-6.513400
-4.597025
-5.102294
-5.198743
-5.086216
-4.347412
-3.679076
-2.925834
-3.083223
-3.369093
-2.472369
-2.686568
-3.113657
-2.429140
-1.172387
-1.534934
-1.440640
-0.633687
-0.771993
-0.346895
