0.707366
0.427305
1.432083
1.092506
1.654607
1.198071
3.044664
1.487422
2.147569
3.573727
3.048909
4.537954
4.661938
4.108802
5.173414
5.015210
4.339046
4.361607
6.070531
6.730671
7.046022
5.807804
6.546841
7.009798
7.662965
6.581948
6.749137
7.672712
7.053253
8.053743
7.383137
8.558915
8.732287
9.518393
9.138905
9.719110
9.971895
9.194164
9.676922
8.866373
10.022390
9.202937
9.991671
10.067188
9.141958
9.978423
10.239501
9.169965
9.007845
10.451026
9.001422
10.366709
10.004270
9.000977
10.867796
9.617277
8.966075
8.746006
10.056888
9.324416
10.008266
10.277058
9.702062
9.156901
8.203742
9.556042
9.314889
8.284533
8.985074
7.511596
7.049550
7.563595
7.071089
7.599832
7.328931
6.582095
5.934430
6.076389
5.371163
5.755176
5.981262
5.094832
5.918827
3.894490
4.231564
5.006067
4.548254
2.745683
2.456923
2.950648
3.722821
3.182563
1.639052
1.173441
1.202503
1.487464
1.892897
0.847794
-0.619502
-0.661167
-0.192038
-1.557028
-1.683466
-1.335576
-1.653893
-1.168909
-1.747049
-3.162546
-3.219192
-3.841490
-3.222757
-3.005793
-4.667941
-4.012824
-4.892059
-4.868894
-5.681334
-6.162847
-6.227348
-6.259294
-5.582541
-6.384085
-6.500910
-6.892824
-6.967972
-6.848623
-8.140270
-8.289405
-8.734084
-8.682519
-8.285518
-9.087538
-7.749050
-8.353036
-9.180055
-8.108700
-9.884228
-8.688998
-9.317696
-9.587850
-10.499293
-9.459406
-10.000041
-10.729436
-10.599488
-8.999934
-10.797811
-10.174441
-9.805974
-9.845806
-10.971890
-9.020549
-10.255038
-10.130267
-9.467017
-10.809496
-9.389422
-8.726766
-10.114016
-9.461093
-8.958513
-8.319170
-9.121877
-9.950293
-7.990300
-9.630200
-9.530930
-8.474147
-7.976861
-7.111077
-7.657266
-7.666811
-7.223517
-7.167651
-6.675616
-6.037423
-7.002515
-7.268796
-5.644908
-6.869893
-5.564845
-5.552538
-4.969698
-4.383682
-4.029183
-4.338448
-3.670810
-4.229826
-3.827920
-3.755986
-2.544998
-2.750821
-1.751394
-0.925023
-2.114153
-1.481855
-0.093801
-0.661481
-0.887126
-0.087905
