-0.256834
0.116395
1.497315
1.680106
1.415752
1.188831
2.692607
2.891372
3.188095
2.878407
4.051787
3.067501
4.144751
3.439485
4.965604
5.672849
5.424838
4.830778
4.737373
6.404404
5.713001
6.209292
7.043840
6.354505
6.485533
7.731295
7.069088
6.712659
7.028436
7.174944
8.919277
7.864549
8.118857
8.313579
9.029497
8.921215
9.654335
8.910795
9.758847
8.522284
10.558772
8.954379
9.885862
9.052676
9.144948
9.538650
9.847588
10.611746
9.563435
9.939343
9.836326
9.502864
10.429289
9.332152
10.352154
8.978832
10.396101
10.145534
9.745400
9.116846
8.980002
8.722938
9.084122
8.358648
8.388351
7.853518
9.445062
7.575288
8.887694
8.605234
8.653706
7.100262
7.828443
8.202358
7.443179
7.111036
7.252766
5.516612
6.468898
6.346289
5.632593
4.528841
5.443742
5.247823
3.586260
5.025818
4.627653
3.994837
3.894040
3.025758
3.300181
1.514033
1.715855
0.904853
1.223345
2.248289
-0.011602
0.002726
0.499138
-0.970478
-0.248436
-0.277080
-1.741417
-1.417708
-0.607279
-1.441930
-1.945238
-1.584820
-3.397447
-3.197927
-3.318042
-2.860135
-4.031024
-4.723944
-3.638371
-5.050291
-4.958539
-4.562037
-6.143983
-4.926005
-5.577170
-6.188179
-6.805511
-6.333558
-6.542523
-7.386653
-7.389958
-8.362285
-8.683108
-7.596948
-8.999744
-9.071791
-9.121658
-8.928814
-8.152222
-8.978615
-8.824405
-9.773139
-9.184221
-8.598136
-10.063383
-9.215038
-10.213086
-9.729234
-9.495197
-9.909448
-9.511703
-9.685584
-10.684551
-9.457684
-10.549532
-10.382320
-10.322470
-9.320109
-8.956034
-10.589840
-9.178020
-8.844899
-9.838926
-8.844260
-9.844568
-9.856489
-8.896372
-8.090752
-8.318305
-8.825617
-8.816101
-8.494412
-8.080623
-7.474316
-8.499093
-7.613871
-7.098508
-8.093457
-7.759275
-6.376236
-6.419345
-6.888241
-6.161294
-5.770124
-5.900681
-5.403658
-6.089936
-4.781224
-4.769127
-3.590886
-4.591354
-3.559333
-3.851318
-3.206389
-3.330547
-3.157155
-2.686149
-0.931517
-0.989390
-1.316155
-1.167287
-1.162376
-0.305284
-0.557677
