0.080874
0.768622
0.583407
0.411208
1.752287
1.908415
2.518955
3.255336
3.267398
3.035141
3.492157
2.741492
4.017025
3.480857
4.161128
4.426937
6.014673
5.526852
5.249838
5.691728
6.199611
7.303152
6.538505
7.368926
7.406328
6.324346
7.030620
7.432230
7.151269
8.907515
7.983475
8.865907
8.091624
8.406939
9.443408
8.174105
9.539893
8.987528
9.980311
9.746458
9.866086
8.766930
10.323327
10.227582
10.397132
8.970113
9.933478
9.817363
9.419037
9.343231
9.335836
10.186356
9.204683
9.359496
10.813963
10.434339
10.142720
9.285270
9.998579
8.540792
9.578079
9.436696
9.491295
8.857076
8.374861
9.010370
8.828139
7.487582
8.054192
7.609216
8.740623
8.265509
6.657504
7.130107
6.313904
7.215304
7.593601
7.371553
6.322467
6.818752
4.902312
5.977347
4.890060
4.844251
3.672410
4.293091
3.880603
3.107440
2.785435
3.716722
2.208484
1.999861
2.143965
1.558217
1.107834
1.856454
0.511279
0.198696
-0.444522
-0.927677
0.566287
-0.807529
-0.130880
-0.335641
-1.163768
-1.990204
-2.269126
-2.208323
-2.643852
-3.714671
-2.905850
-3.909125
-4.951978
-3.357864
-4.716576
-5.494055
-4.257168
-5.585967
-6.024498
-5.105144
-6.032309
-6.140424
-6.663906
-6.406140
-7.795002
-6.733133
-8.127318
-7.202158
-8.139813
-8.168290
-8.888595
-7.891066
-9.145686
-8.269957
-9.296071
-9.716725
-9.438884
-9.779647
-9.309778
-10.297672
-8.853976
-10.474501
-9.851154
-10.563799
-9.974607
-9.404899
-10.776424
-10.513351
-9.108258
-10.665962
-10.183077
-9.536465
-9.260537
-10.352094
-9.519332
-10.615519
-8.762429
-10.635406
-9.628945
-10.197297
-10.131159
-9.611269
-10.072016
-9.161826
-8.726715
-9.261603
-8.363104
-8.446032
-7.540981
-7.589062
-8.524670
-8.383675
-7.413730
-7.388291
-6.643239
-6.705677
-7.348399
-6.895286
-6.655264
-5.656014
-6.251665
-4.780021
-5.706520
-5.287530
-4.302480
-3.661101
-4.729453
-3.622744
-4.003873
-2.401473
-2.563349
-1.732705
-1.217738
-1.212417
-1.847618
-1.892845
-1.932987
-0.378858
-0.190591
0.922155
