-0.054701
1.323651
1.521533
1.556386
2.357955
1.131063
2.443133
3.410744
2.179365
3.584904
3.844903
3.070068
4.884827
3.585721
4.008822
5.085503
5.660181
6.024062
4.868482
5.585516
7.022421
5.404927
6.711185
5.893617
6.673910
6.706527
8.081336
8.557593
7.897529
7.567740
8.605937
8.358768
9.488238
8.965802
9.212215
8.879137
9.744774
8.838369
8.464601
10.232877
10.323618
9.827543
8.859257
8.922546
10.588314
10.837080
10.813802
10.705643
10.043040
10.329425
9.487119
9.725408
9.905521
10.264102
9.508933
8.864084
9.318728
10.657436
8.939963
10.363322
9.636082
10.104513
8.738535
8.287418
8.900555
7.860233
8.176518
8.402745
7.775128
8.858678
7.817042
7.626878
8.052672
7.013718
6.892100
6.027328
7.481974
5.637251
6.245062
6.863068
6.610645
4.525367
5.431243
4.074730
5.329447
4.541786
4.955497
3.193398
3.352800
2.573821
3.507170
3.150273
1.751190
0.914234
1.060442
1.773272
0.870726
0.302609
0.231570
-0.239827
0.544138
0.049462
-0.036638
-1.971321
-1.602562
-2.532671
-3.139002
-3.306058
-3.127765
-3.578311
-3.688855
-3.558325
-3.113946
-3.809488
-4.806297
-5.335905
-5.378809
-5.239371
-5.309611
-5.490247
-6.565908
-5.502685
-6.285610
-7.689463
-6.618709
-8.039014
-6.740745
-6.824685
-7.273239
-7.110793
-8.139570
-7.766880
-8.985711
-9.443124
-8.281478
-8.740835
-10.054962
-8.343712
-9.854642
-9.256212
-9.893442
-9.897752
-9.840217
-8.852636
-10.876031
-9.371447
-9.771233
-10.632568
-9.870091
-9.038483
-9.471966
-9.730809
-10.310373
-9.978498
-9.119778
-9.852767
-9.370757
-9.779622
-8.903957
-9.854600
-8.457488
-9.701912
-9.963371
-9.938653
-8.748246
-8.214735
-7.687833
-8.433676
-8.997142
-8.996087
-7.845839
-6.751663
-6.707234
-6.369825
-6.226672
-6.548992
-6.246867
-5.385449
-6.571906
-6.486054
-4.767040
-5.149867
-4.472718
-4.598360
-3.812985
-4.416182
-3.256739
-3.936249
-2.644503
-3.881456
-3.035475
-3.268290
-3.080908
-1.303515
-1.815577
-1.280253
-1.654048
-1.385220
-0.911216
-0.491561
