0.272984
1.617344
1.886454
1.900377
0.864636
2.807900
2.582599
2.645562
3.482503
2.172253
3.099246
4.324231
4.432064
3.875456
3.665662
5.662868
4.109320
5.212070
4.992830
5.139081
6.882525
6.900775
5.769759
7.463892
7.500998
7.192326
8.461065
7.499087
8.349981
8.726994
8.891379
8.735925
7.619153
8.613210
9.799894
9.866182
8.247240
9.049495
8.437025
10.078024
10.158788
10.207432
10.135186
9.072854
9.471662
9.157960
10.924408
9.441703
9.183129
10.158196
10.651130
9.889650
10.115361
10.549603
8.978329
9.714826
10.380314
9.070386
9.798318
9.555411
9.436994
8.903560
8.597404
8.348146
9.172635
9.285838
8.163746
7.943522
8.457909
8.895516
8.897474
6.880847
8.410846
7.504646
6.666101
6.980886
7.421924
6.299964
6.768935
5.140753
5.631387
5.434388
5.586874
5.196245
3.567067
3.303565
3.729874
4.538659
3.196670
3.281429
3.336700
2.916675
3.070787
2.464531
1.026869
1.884118
0.253561
0.168551
0.598321
0.992438
0.516533
-0.851220
-0.590702
-1.035529
-1.641317
-0.993739
-1.779926
-1.570636
-2.821743
-3.226857
-3.607370
-4.476356
-4.495111
-4.077329
-4.494603
-4.639650
-5.159991
-5.006218
-5.045617
-6.749458
-6.939285
-7.066501
-6.424064
-6.063310
-7.852645
-7.978885
-7.101290
-6.926227
-8.100106
-8.090188
-8.800554
-8.223086
-7.993599
-8.526688
-8.757159
-9.290766
-8.480794
-8.411320
-8.752713
-9.758609
-8.648165
-10.162848
-9.048485
-9.095226
-10.471440
-10.493819
-9.177722
-9.299364
-10.654819
-10.179801
-10.564737
-10.208037
-9.723048
-9.134253
-9.750489
-10.006647
-9.353127
-8.730850
-10.000880
-9.984271
-10.011252
-8.994911
-9.436136
-9.902056
-9.713435
-9.179597
-7.697606
-8.531878
-7.723741
-7.480096
-8.335792
-8.149857
-7.104258
-6.451581
-6.527500
-7.304510
-6.259908
-6.046826
-5.281376
-5.098649
-5.409874
-4.705285
-5.067473
-4.522765
-4.430346
-4.326212
-4.079289
-4.096600
-4.320213
-2.291705
-3.684195
-1.598565
-2.070384
-1.109978
-1.048723
-1.799108
-0.432074
-0.944234
-1.075191
0.656027
