-0.324224
1.225169
1.205203
1.370112
1.603655
1.898595
2.669670
2.035257
3.521731
3.738182
2.768292
3.546808
4.906463
5.244454
4.558975
4.323253
5.313057
5.673088
6.090789
5.450873
6.626060
6.694060
7.084048
6.006845
7.058944
7.627072
8.452897
7.987171
8.408900
8.075891
7.851973
9.005902
9.104281
7.899202
8.874734
9.720276
9.010230
9.025471
10.260553
9.913705
9.033875
9.003452
9.744826
9.445487
10.802003
10.795623
10.293358
9.751042
10.822222
9.871367
9.739033
10.449377
9.849215
10.390932
10.768194
8.840576
9.445041
9.930333
10.157416
10.377305
10.397262
8.476151
9.924757
8.885239
9.580707
9.708374
7.646478
8.114529
7.375999
9.011732
8.746661
7.780411
7.859513
7.812742
7.700260
6.351113
6.189903
6.790085
6.647097
5.173865
4.852491
5.527793
4.542114
5.038899
5.368452
4.218016
3.299435
4.077414
4.052862
3.223000
2.858079
2.061076
1.730168
2.344923
1.543240
1.550766
0.612684
0.163782
0.314946
-0.970269
0.060026
0.244265
-1.200123
-0.818049
-2.256201
-1.706280
-2.283558
-3.185893
-2.205315
-3.085782
-2.520214
-2.715240
-3.867463
-3.280567
-4.820271
-5.217231
-6.010634
-5.603131
-6.399847
-5.707709
-6.406071
-7.202690
-6.518826
-6.888485
-6.844128
-7.905641
-8.410419
-6.951654
-8.324206
-8.190222
-8.051816
-8.800562
-8.719644
-8.938693
-8.169745
-9.818950
-8.780787
-10.079274
-9.065136
-9.457460
-9.218007
-9.678046
-9.916054
-10.112227
-10.040880
-10.173778
-9.818601
-10.071702
-9.284063
-10.510712
-9.536013
-9.494130
-9.781154
-9.942013
-10.513750
-10.513665
-9.676238
-8.908898
-9.956432
-10.169777
-10.397307
-10.140419
-9.775425
-9.622906
-8.189075
-7.874923
-8.270322
-7.792286
-9.067866
-8.471812
-8.262810
-7.209189
-6.656290
-6.796974
-6.559085
-6.769582
-7.356000
-6.420219
-7.010051
-6.175003
-5.190940
-5.418316
-4.283216
-5.389320
-4.689972
-3.893232
-3.246033
-3.188207
-3.249396
-2.628065
-2.138179
-2.290208
-2.910307
-1.385329
-2.326451
-0.743919
-0.681462
-0.385617
0.104345
0.776829
