0.724130
0.344147
0.271701
1.240532
0.634777
2.231693
2.971179
2.877725
3.713618
2.741869
4.208799
4.613730
3.365595
3.566912
3.644989
5.200949
5.571170
5.731929
5.650372
6.150319
6.630402
5.518587
6.360275
6.031503
6.233435
6.725268
6.857110
7.731241
8.511638
8.461351
7.818931
7.567338
9.205820
8.725675
8.785468
9.729442
9.447374
9.084594
9.178440
9.545294
9.316336
10.447860
9.290789
9.311625
9.445895
10.612941
10.095526
10.529276
9.193012
10.291751
9.596362
10.250403
9.005382
9.886973
10.811287
10.116944
9.377815
8.895036
9.071865
8.551174
9.037672
8.347586
9.257399
9.913401
8.837552
9.085145
9.208708
7.821189
7.832858
7.847253
7.718628
7.091685
7.198008
7.458166
7.527511
7.677217
7.175979
7.270958
6.026746
6.726243
5.479823
4.969844
5.644286
4.165528
4.110482
3.366777
3.569619
4.362937
3.702394
4.078703
2.495546
2.973049
2.713729
1.234469
1.296261
1.755727
1.238209
1.272976
1.283158
-0.507774
-0.932982
-1.337471
-1.793427
-0.745487
-0.721674
-1.651520
-1.350104
-1.551399
-2.288055
-2.937777
-3.001199
-4.012015
-4.444178
-3.473594
-4.986684
-5.027368
-5.128475
-4.418382
-5.563525
-6.235110
-5.426740
-6.181705
-5.980900
-7.552752
-6.402610
-7.432594
-6.932568
-7.086589
-7.612457
-7.743034
-8.785129
-8.616858
-8.988642
-9.509283
-8.209254
-9.688336
-8.184160
-9.197503
-9.314390
-8.749710
-8.847166
-9.879512
-10.085389
-9.392999
-10.086227
-10.152754
-9.014528
-10.837039
-10.125989
-10.215002
-10.679417
-10.642465
-9.595038
-9.904963
-10.647853
-10.250774
-10.316483
-9.224795
-9.423080
-8.868344
-9.582932
-9.699523
-8.196930
-9.334846
-8.446529
-9.654513
-8.420842
-7.871510
-7.344803
-7.750470
-7.326936
-8.363176
-8.155656
-6.784279
-7.015378
-7.049123
-6.813810
-7.285858
-5.801688
-6.552997
-5.965036
-5.113103
-5.282436
-5.753292
-4.949743
-5.049881
-3.643666
-3.605542
-3.265554
-3.272753
-3.054733
-2.009413
-2.279846
-2.206272
-1.460230
-1.234902
-0.688855
-0.573475
-1.075596
-0.187385
