0.598202
-0.051413
1.715449
1.338525
1.791896
1.305927
1.291924
2.521071
2.368815
3.069671
3.977375
2.768830
4.212227
4.410811
4.036751
5.148812
5.295375
5.823983
5.991538
4.937444
7.024554
6.976002
5.830422
6.464818
6.709656
7.872438
8.169190
7.004916
7.686888
7.915257
8.098063
8.304728
8.444309
7.829779
8.421772
8.785674
9.964585
8.421528
10.315700
8.862991
10.100416
8.973226
10.116067
10.123732
10.402872
9.680140
10.609450
10.339654
10.992442
9.669433
9.683513
10.177417
10.801323
9.619025
9.443828
10.154759
9.788751
10.058118
10.125899
9.676422
10.035424
9.043317
8.927884
9.922069
9.879920
7.804733
7.765181
8.538016
8.274726
8.533007
7.897997
7.005396
7.909948
6.520096
7.601850
7.064566
7.460427
5.734906
5.845113
6.634865
6.212467
6.298242
5.292342
4.208929
4.030946
4.045981
4.125793
4.004321
3.558188
3.065806
2.342680
1.593811
1.782942
1.218702
1.850714
0.687280
0.705254
1.479391
-0.359527
0.029453
0.534435
-0.671943
-1.859746
-1.970071
-1.336926
-1.957789
-2.557675
-3.192987
-3.208628
-2.627036
-3.048860
-4.085103
-4.382194
-5.178988
-5.393718
-4.171465
-4.947099
-5.626720
-5.443218
-5.344428
-5.468426
-5.429995
-6.812486
-5.961605
-6.908153
-7.425684
-8.190725
-8.006237
-8.189620
-9.059558
-8.729562
-7.967909
-9.368064
-9.752440
-9.320203
-10.004975
-9.772515
-8.353796
-10.079327
-8.774033
-10.087319
-9.018567
-10.754667
-10.097243
-9.836701
-10.541531
-10.001589
-9.259226
-10.599144
-10.233983
-10.591615
-9.220184
-10.720542
-9.634060
-9.700995
-9.407377
-10.092179
-10.088751
-10.028150
-9.768571
-10.214770
-9.239158
-8.707751
-8.805999
-8.411148
-9.300862
-9.135424
-8.500687
-7.899860
-8.838137
-7.267531
-7.452128
-7.932042
-7.451131
-7.621219
-7.319418
-7.382182
-6.386835
-6.338789
-5.970627
-6.463375
-5.747918
-4.652924
-4.287207
-5.106819
-4.543074
-4.775911
-3.771039
-2.582212
-3.594714
-3.268060
-3.401064
-1.786898
-1.787153
-1.493299
-0.328267
-0.320707
-1.334179
-0.257017
-0.632223
