0.413882
0.822016
0.779813
1.263310
0.973416
1.403686
2.193326
2.867807
2.691898
2.734878
4.247107
3.534045
4.167477
4.844921
5.136589
5.334692
4.592381
5.374803
5.047291
6.534592
5.640305
6.395216
6.890441
7.305824
6.349569
6.388787
8.411055
8.647185
7.889622
7.559966
9.269040
7.682859
8.675630
9.658215
9.385825
8.673640
8.440790
9.102721
9.137676
9.813553
8.617321
9.359751
9.496786
9.485638
10.398512
9.182966
10.442710
9.281228
9.234894
9.263124
10.575155
9.219512
9.335023
10.457027
10.299801
9.950473
10.527838
9.524232
9.408869
10.106030
8.421655
10.189268
9.224447
8.777328
9.173947
8.984218
9.401699
8.244612
9.025347
8.574983
8.695226
8.669946
6.508563
8.152932
6.830612
6.613204
6.591668
5.975711
6.472710
5.570310
5.593336
5.227856
5.774027
4.017792
4.337106
3.502020
3.618336
2.961520
2.527947
4.080847
2.336908
1.822056
3.001164
1.519882
1.882889
1.098966
1.161114
0.344789
1.276294
-0.565958
-1.244104
-1.090168
-0.607442
-0.488506
-2.301711
-2.812576
-1.787707
-1.789359
-2.198892
-3.235415
-4.190546
-3.535171
-3.836866
-4.419210
-4.630042
-5.495295
-4.127945
-5.604488
-4.783820
-5.427431
-5.321458
-6.904031
-6.609136
-6.372403
-7.850924
-7.262215
-8.349331
-7.382779
-6.934454
-7.272214
-7.448995
-7.686365
-9.537683
-8.818046
-9.611442
-8.691490
-10.091204
-9.110055
-9.939731
-8.800679
-9.899755
-9.527135
-8.968319
-10.211886
-10.800970
-9.551533
-10.242339
-9.811120
-10.489246
-10.840061
-10.344628
-10.665241
-10.686051
-10.764903
-9.084663
-10.309113
-8.974716
-9.503789
-9.520953
-10.404538
-9.547253
-8.321857
-8.870333
-9.415504
-8.181354
-8.562285
-8.537983
-7.579552
-8.871718
-8.359660
-7.020310
-8.148260
-7.531487
-7.697352
-7.611876
-6.934117
-7.562886
-5.975404
-6.507636
-5.435456
-4.628303
-6.127282
-5.976307
-4.667951
-5.116456
-5.193949
-3.211526
-2.918714
-4.126225
-3.193946
-2.819286
-2.136435
-2.828652
-1.827489
-1.578529
-1.393640
-0.622705
-0.196581
-0.048877
-0.427901
