-0.362258
0.142772
0.594136
1.147979
1.212380
2.137087
1.824371
3.125527
3.060367
2.711316
4.292995
2.780340
4.195787
4.331172
4.611682
4.702857
4.570870
5.224108
5.338702
6.136908
6.236863
6.119720
7.116838
7.514707
6.705820
6.399882
7.963544
7.435845
8.110976
8.038054
8.264717
7.519304
9.049298
9.593593
8.842029
8.477921
8.599051
8.650805
8.631183
8.830854
9.566381
10.375297
9.033142
10.220393
8.921744
9.079672
10.404212
10.606603
10.587762
9.809364
9.054152
9.482241
10.334649
9.933121
10.813483
9.825953
9.004843
8.772230
9.385434
8.787181
10.334136
8.978396
10.013625
8.924202
8.545462
9.321101
8.618773
8.326308
7.406201
9.051825
7.521679
6.854957
7.287550
8.278318
7.448774
6.336783
6.682876
5.544710
5.436178
5.877412
4.808600
4.436546
6.036062
5.673569
3.651077
4.461352
3.117212
4.123869
2.797287
2.405230
3.011852
3.197075
2.809796
2.383114
1.804348
0.317425
0.793309
1.200464
-0.632087
-0.794233
0.597047
-0.100009
-0.088814
-0.925554
-0.830952
-1.775238
-1.430458
-3.000661
-3.644313
-2.720810
-2.420787
-2.907417
-3.121641
-4.742874
-3.666314
-5.320156
-5.143392
-5.963417
-5.820424
-6.120343
-5.581518
-5.635037
-7.446846
-6.945180
-6.241902
-6.810582
-8.205196
-8.355112
-7.504502
-7.685573
-8.745630
-9.040624
-7.805056
-8.868861
-8.090619
-9.771488
-10.154695
-10.222648
-8.586027
-9.106018
-8.726371
-9.465664
-10.326278
-10.030119
-9.417306
-9.937989
-10.206816
-9.306063
-10.480787
-10.769971
-9.201435
-10.454458
-9.298460
-9.772167
-9.837493
-10.181937
-10.274970
-10.213735
-8.662384
-9.852482
-9.535477
-9.704686
-8.352524
-9.879228
-9.791285
-9.564800
-9.140442
-7.743604
-9.047323
-8.534373
-7.895751
-8.561502
-6.688861
-7.259290
-6.198122
-6.938167
-6.391528
-5.585677
-5.924074
-5.158401
-6.379048
-5.269284
-4.411144
-3.858953
-4.617181
-4.369663
-3.026844
-3.983520
-2.860472
-2.806358
-1.908885
-1.899073
-2.676592
-1.481992
-1.769107
-1.016504
-0.155508
-0.723344
-0.245280
0.115359
