0.444541
1.622543
1.413070
1.741264
1.550329
2.258415
2.797223
2.683899
3.474155
2.094536
2.569276
3.663795
3.345202
3.816110
4.697378
5.609241
4.333226
4.627345
5.397309
5.390450
5.771903
6.318007
7.046709
7.222253
7.015679
7.616129
7.349014
8.263971
8.360865
8.349244
8.537118
9.032334
9.415253
7.918439
9.132469
8.830074
8.909870
10.116453
8.773089
9.249004
9.676496
9.426701
9.911674
10.666038
9.458106
9.665530
9.331978
10.264954
10.713905
10.945533
9.720059
10.181526
9.745700
10.065504
10.690516
9.902840
9.002515
9.658150
10.219890
10.196852
9.877209
8.961191
8.738208
9.910745
9.778990
8.097826
8.825256
8.432376
8.386531
8.393966
8.370374
6.764097
8.233678
6.455469
7.844646
5.936962
5.672035
6.258548
5.364757
4.920734
5.062475
6.208463
5.432189
3.914929
5.502982
4.594078
3.884330
4.425335
2.643742
4.039671
3.148657
2.493634
2.753734
1.906886
1.203178
1.018923
1.620427
1.415865
0.152866
-0.850172
0.145001
-1.534775
-1.731818
-1.020167
-2.491273
-2.029753
-2.691466
-2.271625
-2.967489
-3.893861
-3.155031
-3.692117
-3.716512
-4.304801
-5.186107
-4.811746
-4.628551
-4.594408
-5.786335
-6.741158
-6.035880
-5.842739
-7.301649
-6.885180
-7.764692
-7.988519
-6.639627
-7.479302
-8.424629
-8.753784
-9.270622
-9.333298
-8.706163
-9.325029
-9.618430
-8.675502
-9.195436
-10.010680
-9.087061
-10.400102
-9.857270
-10.440561
-9.920961
-8.900210
-10.468075
-9.597900
-9.509091
-9.671349
-10.318459
-10.061058
-10.036696
-9.182707
-10.886302
-9.719893
-10.581863
-10.491225
-9.437756
-10.194157
-10.212509
-9.605345
-9.797382
-10.236950
-9.963240
-8.684544
-8.164722
-7.768536
-9.588503
-8.322190
-7.337178
-7.205884
-7.062708
-8.317223
-7.509680
-6.665620
-6.578143
-7.297206
-6.539720
-5.658875
-6.378766
-5.306699
-4.859867
-4.590048
-4.655142
-5.444037
-5.376748
-4.472527
-3.758222
-3.021056
-2.843181
-4.081982
-2.943412
-3.106786
-2.699455
-2.471867
-1.154192
-1.773579
-0.329584
-0.768901
-0.586916
-0.417911
