-0.298050
0.172147
0.598521
1.870000
2.374099
1.682268
3.080591
1.993082
2.460908
4.017307
4.062911
2.775509
3.586016
3.687145
5.516882
4.305402
4.262816
5.348713
4.735772
6.303931
5.767537
6.081278
6.267097
7.457870
7.265141
6.540024
7.816984
7.617553
8.767595
8.064850
7.926428
9.021161
8.793681
7.768014
9.407804
9.891272
9.127476
10.238985
8.939977
8.533641
10.149555
10.099408
9.294647
9.402238
10.651032
10.829746
10.276412
9.585945
9.360879
9.086654
9.106787
9.278038
9.248711
10.833619
9.787387
9.077506
9.252469
9.211312
9.265848
8.564384
9.127918
8.781826
8.302464
8.597362
8.044266
8.483104
8.556371
8.053837
8.451026
8.030691
8.762205
8.482382
6.894885
7.196797
6.789110
6.000478
6.772676
7.015665
5.829262
6.454229
5.134589
4.577536
4.210366
4.215133
5.518572
3.822428
4.261408
3.369958
3.847196
3.826649
2.834833
3.163334
2.820085
1.893896
1.582383
2.040619
0.337552
1.237655
0.647787
0.065415
0.596861
-1.454691
-1.165835
-1.240684
-2.012977
-1.654046
-1.719348
-2.476913
-2.784961
-3.107631
-4.100433
-3.912355
-4.159857
-4.626630
-4.599720
-5.359490
-4.770899
-4.437422
-5.939732
-5.851618
-5.768831
-6.498125
-6.849305
-7.633370
-6.977783
-6.390269
-7.879624
-8.200498
-8.314606
-8.066044
-8.488240
-8.902519
-8.400958
-8.015797
-9.661211
-8.707191
-8.368282
-8.787181
-10.115653
-10.348601
-8.990946
-10.037189
-10.618836
-10.716881
-10.282348
-9.288714
-9.038681
-9.998720
-9.450778
-9.060923
-10.201102
-10.158666
-9.183892
-9.798909
-10.205805
-10.583143
-10.696940
-10.339605
-8.879107
-9.837661
-10.139403
-9.206621
-8.402021
-9.051901
-8.252191
-7.825797
-8.928274
-7.463904
-7.314613
-8.133711
-8.310284
-7.575841
-7.179151
-7.344900
-7.675344
-6.698144
-6.815657
-7.299797
-5.360918
-5.401046
-5.126255
-6.315786
-4.552854
-5.350554
-5.328637
-3.516626
-4.816732
-3.897045
-3.563874
-2.910799
-2.313830
-1.867004
-1.323594
-1.623890
-0.782956
-0.713089
-0.245965
-1.025861
0.232254
-0.788066
