0.860765
1.065403
0.320884
0.254430
2.339306
2.763802
1.841019
3.102398
3.011328
3.877904
3.552246
2.961365
4.880774
3.448726
4.410741
4.396214
4.830756
5.014683
6.399476
4.896826
6.017041
7.318972
7.037975
6.664748
7.520395
6.496789
6.870343
7.050233
8.006478
8.647170
7.764661
8.701557
8.810762
9.727756
9.866180
8.980863
9.002531
9.346832
9.793967
8.925127
8.792854
9.822019
9.977494
9.454794
9.276118
10.355711
10.832208
10.600291
9.724782
9.256213
9.747493
9.461137
10.775056
10.618112
9.050271
10.693262
9.443009
10.122701
10.089809
8.565817
9.959515
8.427803
8.844269
8.538541
9.264232
9.130480
8.372055
8.273609
8.123320
8.587245
7.679433
7.368159
7.567152
6.979765
7.539562
6.583975
7.164295
6.724596
5.857043
4.989663
5.976945
4.615433
5.739293
5.179288
4.409292
5.173883
3.426002
4.215425
3.482342
2.579831
3.081415
2.368844
3.132341
1.628917
2.316688
0.823620
-0.035086
-0.292279
-0.262805
-0.948685
0.658992
-1.552811
-0.683995
-1.932501
-1.910157
-1.690352
-2.151586
-3.024375
-3.317489
-3.648195
-3.879864
-4.432688
-4.135205
-5.051788
-4.425035
-5.688325
-4.140759
-6.006980
-5.319812
-5.024834
-6.940472
-5.908684
-6.779107
-6.686484
-6.312364
-6.685691
-8.366126
-7.440346
-7.566532
-8.829408
-7.688096
-8.551029
-8.440215
-8.592960
-9.155698
-9.147285
-9.291950
-9.733410
-8.550798
-9.893946
-8.825730
-8.902616
-9.370102
-10.482489
-8.990235
-8.935914
-9.116665
-10.945111
-9.950566
-10.040357
-10.518531
-10.226710
-9.851699
-8.933351
-8.896948
-9.342976
-9.012789
-9.725473
-8.840044
-9.850272
-9.417688
-10.160696
-9.799751
-8.389046
-8.287678
-8.227563
-9.474286
-7.545623
-7.586679
-8.690770
-6.917443
-6.892098
-7.721394
-6.920000
-6.762517
-6.848100
-6.401552
-5.550085
-6.636593
-6.295879
-5.614696
-5.715332
-4.598517
-5.752843
-5.102500
-3.298239
-3.109805
-4.361420
-2.739335
-2.856403
-2.393517
-2.366770
-2.562346
-2.202694
-2.304312
-1.701693
-0.737450
-0.468107
-0.184161
0.019875
