0.940087
0.859716
1.669188
0.605911
1.034915
2.176090
3.152937
2.527482
2.725614
3.189967
4.329267
2.820043
3.627653
4.345114
4.497689
5.008912
4.278586
6.115998
5.162321
6.146486
5.257296
5.482735
7.024848
6.463215
7.690626
6.509484
6.558176
8.045048
6.993895
8.470032
7.616000
8.704324
8.287363
7.908823
7.915186
8.472319
8.404085
9.249440
9.392535
9.399547
10.056836
10.418139
9.806730
10.579918
10.419874
10.307655
9.848582
9.714695
10.709882
9.478585
9.562938
10.745697
9.324608
9.310723
9.607287
10.566923
9.258342
9.785338
8.915595
9.950786
9.432835
9.723943
8.441710
9.673043
8.535816
8.877827
7.675165
8.443820
7.766320
7.515772
7.951907
7.041008
7.578560
7.397132
7.390374
6.611569
5.683091
6.160287
6.494842
6.124698
6.503756
4.787385
5.413465
5.529418
4.962899
3.945093
3.522320
2.852575
2.980129
2.469057
3.431148
1.659220
2.116009
2.468784
1.666006
1.169788
0.531442
0.586916
-0.014330
0.296275
-0.418996
-0.671463
-1.648710
-1.113172
-1.327817
-1.406513
-2.317796
-2.886959
-2.814636
-2.656090
-3.964706
-3.517574
-3.266924
-3.314694
-3.946005
-4.703413
-5.008161
-6.064912
-4.928406
-5.060432
-6.637431
-6.776471
-6.643219
-5.931355
-6.355482
-7.976170
-7.811179
-7.258816
-7.944131
-8.791128
-8.273457
-9.297428
-7.637430
-8.780838
-8.524733
-9.459160
-8.444873
-10.256573
-9.065285
-9.644281
-10.172239
-9.308399
-9.230760
-9.870337
-9.571298
-9.487734
-9.317200
-9.382350
-9.799804
-10.060346
-10.184032
-9.609370
-9.565022
-9.969182
-9.827188
-9.858309
-9.836626
-9.955389
-10.233659
-9.863446
-8.525316
-8.973455
-8.292651
-8.766765
-7.950901
-8.132202
-9.304679
-8.345854
-8.791255
-8.578848
-7.246358
-6.864507
-8.373051
-6.360445
-6.531807
-7.387586
-6.143641
-6.839039
-6.866357
-5.095093
-6.339027
-5.339289
-5.067659
-4.267446
-3.818082
-4.170753
-3.709871
-3.455077
-2.428717
-2.417919
-3.107978
-1.605931
-3.015752
-2.530402
-2.361974
-1.555080
-1.814509
-1.581161
0.122623
0.883665
