0.398789
-0.213006
0.902616
0.921385
1.147384
1.992311
1.781936
1.830636
2.801040
2.834809
3.770891
3.267762
4.328199
3.492725
4.927091
5.779235
4.452539
5.379243
4.951165
6.361296
5.222127
5.439822
6.882752
6.464367
6.098447
7.047614
7.304337
6.874096
7.849592
8.382198
8.906628
7.782792
8.690611
9.748649
8.453015
8.064309
8.502272
8.424263
8.663233
8.828868
9.191566
10.001176
8.906498
9.420708
10.713324
9.170446
10.874886
9.656273
10.826926
9.599180
10.001299
9.808371
9.019429
9.943683
9.363929
9.864793
8.901503
9.179316
8.843091
9.356338
8.829540
9.651425
9.332948
8.674621
8.263021
8.784630
8.577622
7.531776
7.793324
8.185031
8.657542
7.192535
8.456779
7.944948
6.670770
6.510167
6.283613
7.086436
5.662598
5.769891
5.818811
5.722427
5.461066
3.943630
5.189001
3.629288
3.648282
4.100567
4.225870
3.197698
3.584867
3.039466
2.917151
2.271712
2.103395
1.345812
1.890821
0.034011
0.559287
0.726870
0.423266
-1.482385
-0.217231
-1.589532
-1.228107
-1.057821
-1.471365
-3.092951
-3.141999
-3.729270
-2.572314
-3.961194
-3.470181
-4.033038
-5.079260
-5.547794
-4.860664
-4.949009
-4.876544
-6.150036
-6.370114
-7.312614
-5.816783
-6.035124
-7.756491
-6.945216
-7.952659
-6.881877
-7.072776
-9.086089
-7.786397
-8.225893
-8.867612
-8.429421
-9.139693
-8.450398
-9.273285
-9.176979
-9.905695
-9.988983
-8.603735
-9.634218
-10.427743
-10.071901
-8.934253
-9.022556
-9.314721
-9.776400
-10.200957
-9.542154
-9.967742
-10.903834
-9.095167
-10.784545
-10.810699
-10.752511
-9.297640
-8.746294
-9.918526
-8.807697
-9.410006
-8.305919
-8.670359
-8.986547
-9.842487
-8.722278
-9.331695
-7.664243
-7.314066
-7.940274
-7.370524
-7.835256
-7.217580
-7.905464
-7.360867
-6.326843
-6.378639
-6.856644
-5.310985
-6.797689
-6.492842
-5.914029
-4.724251
-3.927085
-5.533390
-4.583850
-4.085382
-2.826895
-3.820397
-2.464859
-1.836614
-1.802899
-2.490228
-1.889484
-0.756869
-1.950211
-1.506250
0.361975
-1.055684
0.656006
