1.192141
0.016605
0.549652
1.631612
0.884395
2.353962
2.768687
1.514851
3.452812
2.681653
2.636317
3.523680
4.577440
4.444095
4.415201
4.131563
5.654267
5.575132
4.802492
4.930962
5.845882
6.154271
7.448256
7.178553
6.451486
7.749370
6.559800
7.299151
7.616492
8.003951
9.047844
8.360407
7.933583
9.514165
9.757455
9.751074
9.013860
9.138342
10.352248
9.461270
8.822272
10.496966
10.646285
9.798770
9.694601
9.061266
9.661957
10.795573
10.554719
9.269561
10.392948
10.402550
10.674441
10.207701
10.849406
9.809482
9.866028
10.320165
9.455683
8.692190
10.395330
8.756395
8.612885
9.996788
8.723689
8.897368
9.208010
8.160572
7.899244
8.405950
7.668325
8.630801
7.113628
7.808004
7.898261
7.691392
5.794956
6.963010
6.942273
6.735099
4.824356
5.052259
5.113953
5.296109
4.801643
5.004544
3.407844
3.276928
2.497016
3.076320
2.649844
3.056436
1.447297
1.911540
2.548153
0.889179
0.343488
1.553909
0.919731
0.069323
-0.878651
-0.055672
-1.634983
-0.347144
-0.805012
-2.695365
-1.443193
-2.806988
-2.884484
-2.275402
-2.942460
-4.292421
-3.299008
-4.161595
-4.955542
-5.595897
-4.271099
-6.264055
-4.846395
-6.171102
-6.605671
-6.566433
-6.211555
-7.274817
-6.961764
-7.194524
-6.876808
-7.392360
-7.551854
-8.715742
-7.284028
-7.788570
-8.172874
-7.804397
-8.835327
-8.417702
-8.416049
-9.102665
-10.015561
-9.504650
-9.192410
-9.283641
-9.094534
-9.464129
-9.239838
-9.333249
-9.245942
-9.320573
-9.815141
-9.802571
-10.278512
-8.991106
-10.523525
-10.663774
-9.279477
-10.534853
-10.708095
-9.108734
-8.975567
-8.656187
-8.585537
-8.312338
-8.200800
-9.594416
-7.936509
-9.190934
-8.956380
-8.252872
-8.141343
-7.508736
-8.802165
-7.285428
-6.571942
-6.931130
-6.598556
-5.957595
-7.443038
-5.558207
-5.952235
-6.430532
-6.301289
-4.576774
-6.056328
-5.625043
-4.370945
-4.580110
-4.629103
-3.007388
-2.779489
-2.926035
-2.600161
-2.544555
-1.507661
-2.021608
-1.080258
-0.677726
-1.179463
-0.090937
-0.550755
0.616593
