1.250594
1.103544
-0.013285
1.724140
1.977970
1.148728
2.344502
2.291782
2.840813
2.934049
2.404642
4.368516
4.861786
4.849783
4.388970
3.957485
4.766750
4.497368
5.641214
5.798453
5.784823
6.022583
6.600381
6.353186
7.920732
6.544758
7.816751
7.267578
7.015122
7.926878
8.465796
8.110266
9.270930
8.791878
9.895591
8.665781
8.464365
9.398236
9.668834
9.722509
9.171357
9.575402
9.436298
10.134466
9.231164
9.095472
10.424482
10.276895
10.002701
10.597819
10.647451
10.836272
9.870327
10.777259
9.823121
10.105759
10.616182
10.062709
9.785137
8.583505
9.944563
9.995692
9.074013
8.112639
9.722221
8.120062
8.871530
8.599962
7.871238
7.195116
7.367343
7.369890
7.099234
7.346255
7.605669
6.651588
6.767027
5.638678
6.032670
5.183955
6.289226
5.231730
5.696738
5.550435
5.377676
3.700888
4.164314
2.892799
3.582113
2.204161
2.627792
2.848338
2.917289
0.993587
2.266721
1.950936
0.266579
0.360422
1.029088
0.671956
-0.202311
0.259298
-0.631869
-0.316903
-2.018942
-2.688048
-2.775251
-2.065072
-2.899369
-2.304152
-2.806344
-3.743479
-3.723132
-4.503210
-4.545930
-4.577546
-5.131545
-4.574975
-6.507361
-5.268008
-6.439030
-7.328123
-6.080507
-7.147125
-7.426843
-6.825146
-7.508924
-7.226177
-7.033835
-7.714070
-8.422041
-8.279779
-8.061618
-8.316485
-8.706065
-9.526103
-9.602270
-8.650175
-10.088128
-10.400281
-9.199557
-10.612361
-9.241512
-10.151619
-9.380649
-8.991778
-9.583366
-10.142289
-9.547439
-10.025346
-9.839503
-10.735149
-10.831839
-8.993865
-10.811750
-9.592448
-9.362236
-9.462564
-9.263650
-8.667180
-9.503906
-9.479211
-9.889760
-9.550634
-8.525251
-9.700427
-8.701031
-9.151966
-7.479487
-8.690772
-8.006019
-7.003748
-6.704424
-7.961304
-7.068484
-6.532527
-5.814050
-7.270073
-5.263224
-6.440565
-4.855985
-6.007912
-5.855115
-5.126551
-4.342649
-4.731325
-3.232565
-3.147192
-2.480237
-3.516684
-2.760018
-1.794721
-1.558546
-1.577291
-1.083139
-0.336692
-1.612871
-0.094639
-1.055704
-0.949067
