1.112414
1.352075
0.631674
1.901709
0.994201
2.422621
3.039511
2.297564
2.631727
3.209505
3.728971
4.120954
3.439844
5.090984
4.622197
4.336658
5.532532
6.262861
5.107204
5.127174
6.947077
5.400052
7.193484
6.054250
7.554129
7.394637
7.989965
8.433345
6.912602
7.125228
8.571653
9.245566
8.070066
8.118491
9.745223
10.040607
9.975130
8.302199
9.987937
9.505045
9.454724
10.573505
10.628491
8.934403
10.442512
10.082724
9.737433
10.437366
9.177235
10.537210
9.354451
10.655724
9.180997
9.755288
10.061227
10.679264
10.191232
9.933741
9.262361
10.491891
10.109382
8.385751
8.826197
8.900639
7.935184
7.948591
9.263043
8.780487
8.275542
7.408899
7.884508
7.007781
6.642917
6.655624
7.964689
7.333743
7.426061
7.099784
5.935006
5.414082
5.133563
5.034027
5.432035
5.288804
4.237017
5.008401
4.584929
3.242695
2.469629
3.816104
2.811887
2.483473
1.413432
2.320750
0.632485
1.768820
0.193758
1.183580
-0.664085
0.738844
-0.785073
-0.909506
0.021660
-2.013274
-1.762828
-2.718671
-2.041094
-2.753767
-2.612762
-3.842034
-2.864339
-3.583801
-3.063909
-3.312923
-5.080681
-4.005454
-4.455113
-4.580152
-5.897336
-5.828050
-5.547237
-6.827553
-5.901660
-6.431409
-6.259222
-7.400277
-8.383707
-7.946212
-8.076114
-8.486002
-7.591846
-9.220004
-8.074010
-9.218076
-9.393144
-8.623570
-8.179817
-8.832617
-8.583372
-9.797990
-9.897183
-9.873153
-9.489215
-9.404456
-10.733843
-10.108903
-9.156106
-9.801323
-9.485774
-10.031888
-10.868192
-10.312732
-10.466239
-10.337565
-10.654239
-9.765858
-8.814103
-9.029095
-8.709611
-9.120983
-10.155776
-9.287333
-8.892138
-9.294857
-8.310103
-8.534748
-8.521786
-8.898530
-8.452273
-7.784660
-8.801480
-7.405394
-7.668076
-7.899059
-7.792050
-6.616757
-5.657822
-6.600940
-5.426770
-5.298203
-4.701766
-6.247890
-6.010470
-5.299953
-5.149145
-4.856565
-3.295126
-3.415921
-4.307905
-2.899416
-2.338153
-1.821684
-2.713554
-2.314646
-1.530410
-0.703994
-0.051073
-1.087337
0.217599
-0.974149
