-0.178986
1.241960
0.589906
1.909465
2.136610
2.257911
2.941898
2.845438
2.595873
3.324067
3.474756
3.867430
3.026614
3.667357
4.211516
4.769327
5.525338
5.059413
5.383886
5.250173
5.540413
6.260564
6.720023
6.982938
6.400953
6.470256
7.791385
6.968632
8.417169
8.396842
8.344976
9.281806
9.206870
9.670357
8.524714
9.059776
9.971663
8.588443
8.523664
9.415729
8.710289
8.977846
9.716758
8.863876
10.378592
10.136943
10.690504
9.065564
9.547769
10.736997
10.217411
9.456266
10.613789
10.840252
10.807509
10.401851
10.044331
8.810209
8.718872
10.091990
9.770287
10.221071
9.960031
8.794279
9.513710
9.453432
7.694858
8.660373
8.235119
7.531106
7.584774
6.796837
6.606165
7.914474
7.854324
6.893857
7.029646
5.651870
5.870890
5.103239
6.131352
6.345298
5.302596
4.474251
5.311487
5.185252
3.772192
3.499898
2.514342
2.597872
2.358972
2.617129
1.917593
1.888787
0.596558
1.191880
0.173661
1.401966
0.030261
-0.203047
0.400593
-0.174863
-1.417461
-0.661211
-1.896810
-1.627482
-1.612504
-2.259886
-3.002127
-3.050319
-3.283621
-2.967593
-3.608751
-4.333841
-5.065287
-4.198860
-4.655823
-6.314593
-6.408467
-5.864900
-5.491941
-6.851768
-6.257163
-6.633497
-7.292087
-6.889839
-7.628293
-7.117667
-7.153987
-8.786755
-9.175078
-8.564022
-7.771381
-9.071069
-9.441171
-8.423072
-9.619506
-9.176223
-9.084256
-9.872726
-10.327856
-9.376185
-8.824225
-9.006638
-9.395241
-10.418279
-9.333607
-8.992649
-10.678775
-9.161703
-9.903161
-10.798091
-10.199220
-10.849336
-10.614075
-10.368126
-9.164345
-9.448166
-10.219850
-10.253229
-9.323439
-8.747391
-9.954359
-8.550529
-8.542479
-7.880615
-8.970746
-9.054232
-8.105209
-8.339474
-7.529673
-7.107936
-6.837250
-6.982183
-6.365317
-6.557626
-6.158055
-6.302408
-6.339148
-6.821981
-5.748011
-4.769669
-4.191955
-4.706054
-5.400673
-4.665779
-4.546108
-2.722858
-3.888077
-2.746471
-2.896825
-3.216089
-1.277794
-2.808606
-2.333222
-2.160746
-1.239451
-0.763764
-1.164580
0.414886
