-0.400927
0.747472
1.794397
0.366483
1.923919
1.023442
2.316440
3.003771
3.064040
2.275079
3.465627
3.600649
3.463810
4.481117
5.318543
3.878607
4.253539
6.173427
5.653422
6.805274
5.344882
6.795280
6.466778
7.366004
7.448423
7.550364
6.588944
6.843819
7.361100
9.087567
8.656016
9.028731
8.532517
9.718954
8.862076
8.062354
8.547634
8.451747
9.826037
9.166725
8.972384
10.295935
9.265212
9.770751
9.153172
10.147086
10.213585
9.952110
9.225502
10.801511
10.910495
9.270150
10.945150
10.878803
10.222259
9.234735
10.289487
8.831314
8.700484
10.498230
8.841684
9.711319
9.116966
8.527800
8.104450
9.064875
8.214834
8.778966
9.224987
9.053268
7.337373
7.228228
6.991313
6.843031
7.520092
7.236091
5.650164
7.132408
7.020071
6.353112
5.877208
5.692253
5.997601
5.248702
5.482549
4.301593
3.859393
3.503677
3.638040
3.115533
2.915522
2.208092
2.353164
1.180518
1.551624
1.492400
1.337461
0.879715
-0.181282
0.113674
-0.308233
-0.072699
-0.870508
-0.266474
-1.005625
-2.162272
-2.522831
-2.314875
-2.079887
-2.430321
-2.623345
-4.385589
-4.775508
-3.499353
-4.690293
-5.714542
-4.433781
-5.887933
-5.069484
-5.428553
-6.622102
-5.722768
-6.042605
-7.561114
-6.175480
-6.930639
-6.674111
-7.969096
-8.493003
-8.809294
-7.850113
-8.305279
-9.120757
-8.445504
-9.683421
-9.021855
-8.433720
-9.332949
-9.259108
-9.559336
-9.033832
-10.132477
-9.304789
-9.616268
-10.284600
-9.093655
-10.772944
-9.519851
-10.044389
-9.615297
-10.041046
-9.359633
-9.094455
-9.318785
-10.264791
-10.619474
-10.243670
-9.371461
-9.348492
-8.811709
-9.625003
-10.084689
-9.875200
-8.573821
-9.294699
-8.189128
-9.276706
-9.092523
-8.399204
-7.733885
-7.860713
-7.782422
-8.263910
-8.112494
-7.362456
-6.841669
-6.398702
-5.774855
-7.002487
-5.411533
-5.435615
-4.516047
-4.488688
-5.734316
-5.286609
-4.643736
-4.122268
-4.641677
-2.536750
-3.697068
-2.436337
-2.736143
-2.116567
-2.763316
-1.654268
-2.239220
-1.477728
-0.114981
-0.002017
-0.324412
