-0.578740
0.060116
0.607586
1.104502
1.178537
2.536927
1.334315
2.303553
2.053092
2.181347
3.475053
3.116578
4.883722
4.954761
5.514340
4.906030
5.371622
5.004355
4.866923
5.606126
5.300109
6.974056
6.416854
6.626681
6.425634
8.006714
8.226671
8.300256
7.530887
8.329544
8.520003
9.226068
8.156630
8.380759
8.555242
8.072437
8.987088
9.121006
9.171678
9.161240
9.956946
8.896434
10.110596
9.425761
10.141536
10.618243
10.444399
10.327673
9.839820
10.444291
9.886722
9.053507
10.881925
10.044374
10.160668
10.177534
8.856652
8.783441
8.801960
9.093150
9.985406
8.835260
8.404429
9.734569
9.542186
8.113621
9.509056
7.609197
7.983050
7.901665
8.045661
7.602953
7.705389
7.645910
6.714153
6.539206
6.614364
6.702409
5.385707
5.850063
5.076631
6.001766
5.818289
4.799120
4.416580
4.414664
3.625867
3.645046
2.942877
2.468399
2.957616
1.777578
2.605436
1.133676
1.401974
2.217013
1.494212
0.101827
-0.285900
-0.705549
0.233172
-1.134868
-0.188415
-0.279830
-1.767349
-2.518352
-2.718463
-2.183643
-2.830833
-2.441929
-3.991513
-4.675385
-4.054234
-3.466634
-5.045314
-4.172197
-5.935277
-5.311688
-5.492655
-5.515503
-6.411470
-6.116947
-5.874343
-6.967281
-7.323906
-6.790918
-8.002624
-6.788937
-8.769745
-7.409560
-8.936587
-9.241244
-9.604761
-8.332637
-8.961263
-8.580267
-8.985500
-9.025357
-8.593857
-9.358029
-9.692375
-10.548737
-9.503985
-10.647031
-9.165001
-9.316880
-9.321230
-9.242711
-10.343365
-10.378283
-9.719639
-10.274480
-10.629255
-9.523174
-9.008155
-10.244410
-10.441958
-10.160412
-10.206095
-8.689909
-8.469078
-8.550009
-8.621904
-9.430780
-9.719274
-8.838612
-7.855025
-8.325030
-7.555269
-7.539298
-7.271877
-6.742666
-8.480245
-6.627243
-7.506788
-6.048999
-5.786604
-5.803617
-5.793212
-6.608361
-6.243728
-4.752357
-5.159530
-3.872057
-5.144002
-4.384388
-4.793496
-2.834538
-3.353024
-2.211748
-2.666542
-1.962891
-1.640877
-1.428332
-2.547918
-0.486733
-0.145329
-0.256976
-0.343070
0.400153
