1.190683
-0.247965
0.467886
1.294402
1.974499
1.560392
2.023843
1.555048
2.892440
4.050966
2.974679
3.713459
3.580841
3.829160
4.475129
3.857459
4.226161
5.628218
5.725607
6.755270
5.434441
6.302031
7.255187
6.279844
7.058062
7.516911
7.995335
8.348637
7.715216
7.226494
7.440463
9.174272
9.256152
8.487518
9.613805
8.898522
9.709048
9.625259
8.676963
9.096015
9.450380
9.494866
10.399544
9.963870
9.846805
10.230610
9.939374
9.285609
10.282711
9.742532
9.228424
10.188311
10.592022
10.001026
10.097525
9.707576
9.103213
10.409891
10.400433
10.056629
8.605264
9.365011
9.706539
8.474464
7.949466
8.282727
9.562805
7.953902
9.169635
8.820436
7.960339
8.689786
7.138865
8.245278
6.210169
6.968439
6.770284
5.509173
6.302979
5.631265
5.431418
5.184836
4.851367
5.699654
3.852946
5.111668
3.912953
2.852586
2.696549
2.635889
1.988778
2.132283
2.007547
2.857974
2.381987
0.630451
0.529936
1.094321
0.187580
-0.213814
0.007995
-1.327944
-1.904895
-0.447414
-2.524664
-0.906015
-2.719106
-1.539358
-3.146226
-3.117592
-2.563581
-2.934221
-4.160195
-4.681097
-5.491954
-4.733214
-5.341828
-5.825752
-4.771087
-4.945021
-6.176936
-5.599137
-6.440640
-6.611461
-7.555108
-8.045188
-8.226381
-8.432193
-7.195722
-8.150410
-7.452655
-8.961581
-9.509239
-8.297666
-8.729443
-8.600382
-9.234528
-8.507776
-8.722960
-9.056921
-10.502677
-9.516669
-9.655550
-10.576509
-10.400273
-9.957868
-10.704260
-9.794740
-9.439438
-10.972196
-10.700835
-10.883901
-10.719283
-9.622679
-9.962098
-9.978549
-10.300387
-9.952910
-10.479960
-10.437091
-10.107586
-8.704997
-8.370990
-10.002274
-9.227156
-9.028848
-8.269536
-8.809558
-7.405775
-7.297247
-8.701286
-6.869729
-6.741001
-7.235201
-6.557187
-7.405327
-7.606846
-5.640413
-6.940300
-5.040465
-5.203483
-4.740307
-5.397011
-4.471718
-5.302858
-3.753223
-4.773494
-3.211887
-3.893197
-3.007980
-2.292763
-1.656612
-2.361247
-2.764873
-2.159196
-1.162816
-0.110141
-1.122896
-0.557876
0.158193
