-0.485686
-0.235692
1.110733
1.404671
2.169453
1.202723
1.679398
3.365236
2.076640
2.631408
4.115191
4.373898
3.061575
3.310552
4.958489
4.155083
4.245280
5.323695
5.593276
5.821467
5.545946
7.067275
7.202166
5.969658
7.803885
7.167627
8.087662
7.140601
8.340006
7.551397
8.142759
7.564499
7.702888
9.680235
7.991465
8.888594
9.505073
8.685284
10.219137
9.847560
9.718463
10.355086
9.331483
9.423238
10.779654
10.191970
10.750880
9.202622
9.947584
10.802894
10.854069
10.149320
10.038295
10.539539
10.333407
9.362913
10.526781
9.369895
8.760403
9.433418
8.636918
9.670365
9.776515
9.505797
8.001997
8.148540
8.752948
9.107523
8.400565
8.545321
7.070539
7.094966
7.497654
7.952302
6.432736
6.018758
7.171390
6.624928
5.212315
5.629975
4.735063
4.856680
5.649817
5.156768
3.857015
3.983290
4.423841
4.360473
3.049530
4.002127
2.705817
1.686412
2.924678
2.244058
0.980372
0.405271
1.661912
-0.191180
0.782624
0.034012
0.027809
0.315608
-1.378545
-0.749959
-1.288633
-2.325503
-1.734139
-3.234213
-2.018718
-3.394101
-2.504661
-4.465782
-3.866196
-3.411795
-5.300226
-4.152875
-4.172868
-5.464009
-5.309098
-6.696218
-5.581057
-6.482227
-6.823721
-7.068591
-6.113346
-7.630046
-8.465196
-7.287488
-7.006780
-8.117697
-8.464034
-9.211337
-7.780965
-8.431364
-8.968438
-8.546895
-9.750741
-10.172486
-10.076177
-9.992106
-10.062160
-8.892394
-9.999613
-9.378264
-10.329912
-9.632396
-9.997667
-10.302622
-10.798807
-10.355173
-9.726193
-10.708850
-10.410358
-10.265852
-9.808454
-10.077336
-10.445676
-9.091638
-10.011426
-8.944681
-8.567977
-9.339054
-8.889319
-9.458710
-8.126012
-7.809381
-9.217417
-8.787882
-7.601244
-7.153816
-7.569257
-6.966417
-8.000362
-8.196098
-7.008428
-6.190789
-7.101138
-6.722679
-5.130373
-4.900954
-6.494958
-5.855827
-4.225300
-3.859994
-4.220936
-3.707477
-4.542268
-3.194919
-2.413417
-3.742861
-2.920013
-2.673121
-2.973302
-0.953429
-0.797736
-0.317448
-1.373314
-0.197664
-0.149032
-0.369769
