1.118265
0.908696
0.106788
1.206510
0.706918
2.844225
1.393729
2.674405
3.652040
3.640793
2.823443
3.820497
3.774976
5.081930
3.710966
4.558882
4.365120
5.325474
5.319400
6.783561
6.127544
6.158239
7.051450
6.672185
7.031132
8.094498
6.967664
8.670364
8.230087
8.371699
7.977387
8.070256
8.527489
8.530430
9.265537
8.685382
9.493429
9.429450
10.201028
9.587132
9.703067
9.775179
9.686924
10.678936
10.693046
10.849419
9.115810
10.033301
9.493895
10.058020
10.471579
10.276416
9.205961
10.491522
10.451202
9.788263
9.971739
8.728573
10.395020
10.037661
9.964960
9.445725
8.552148
8.953173
9.086394
7.769330
8.496213
8.396384
8.341377
8.461841
6.927751
8.122762
8.216291
7.537452
7.381972
5.899140
6.933834
5.489740
6.040304
5.628679
6.455464
5.643387
5.137963
3.828474
3.975473
4.836115
3.939939
4.307163
3.412457
2.328867
3.034035
3.474673
1.200946
1.948093
1.517325
0.857679
1.694268
0.009878
0.685577
0.008669
-0.545443
-0.416296
0.024352
-1.935576
-1.018278
-1.863690
-1.590167
-1.718325
-2.024656
-3.498267
-2.420353
-4.086664
-4.712186
-4.145108
-5.426606
-3.835395
-5.825696
-5.764181
-6.149870
-6.141991
-6.985904
-6.642500
-5.653650
-7.065380
-6.196778
-8.116690
-8.192312
-7.352500
-7.464447
-8.538677
-8.246670
-8.453730
-8.144325
-8.536803
-7.990150
-8.072278
-9.808702
-10.293693
-10.201326
-9.157561
-9.166852
-9.287962
-10.586600
-9.380696
-8.878309
-9.025601
-10.102823
-10.642752
-10.986217
-10.495405
-10.460090
-10.324899
-10.654481
-10.224890
-10.551410
-10.738761
-10.269575
-10.466610
-9.097149
-8.573356
-9.278089
-8.750573
-8.664971
-8.523802
-9.029189
-9.105249
-9.084943
-8.193914
-7.867829
-8.252505
-8.566951
-8.084148
-8.105759
-6.841688
-7.039626
-6.298461
-7.543343
-6.487564
-6.586780
-4.991519
-6.307710
-5.576688
-5.183695
-5.600457
-5.327313
-4.757595
-3.100328
-3.080236
-2.796396
-2.997007
-3.200678
-2.576833
-2.783125
-0.890149
-2.486559
-0.716966
-0.044900
0.125200
0.568845
0.411747
