1.142011
1.156258
1.444941
1.879005
1.884208
2.326669
2.798302
2.162041
2.829553
2.413556
3.860819
3.365917
3.844721
3.846059
5.155910
4.028927
4.974954
5.078121
5.543547
5.837425
5.230494
5.554902
7.514319
7.761001
6.716218
7.797399
6.684391
6.904257
7.020970
8.007612
7.784472
7.514839
8.560992
9.460577
9.758115
9.190044
9.541493
9.077592
8.723148
9.787234
9.570847
10.327433
9.618092
10.379449
9.053737
9.294779
10.348348
10.421635
10.368392
9.243816
10.020004
10.201549
10.599695
10.510195
10.677487
9.715757
10.251702
10.261685
9.264074
8.707950
10.040311
9.861342
9.772331
9.049183
8.321447
7.777222
8.510899
7.484263
7.666787
8.877290
8.014463
7.491609
8.437572
8.207310
7.690957
5.944346
6.197757
6.678476
5.421180
6.836670
6.256503
6.182000
5.209987
5.518308
5.086932
3.372014
4.147809
4.552110
2.925840
2.099373
1.910151
2.914913
2.772184
1.996938
2.049591
1.061731
0.587617
1.627843
0.717385
-0.473489
-0.003463
-0.700830
-1.343732
-0.765549
-2.449941
-1.180612
-1.560807
-2.015088
-3.296929
-3.311425
-2.532656
-3.683180
-3.563830
-4.832470
-4.813534
-5.272023
-5.388411
-4.976085
-4.949384
-5.834757
-5.536943
-6.939314
-7.571169
-6.612464
-7.032188
-6.877250
-7.193723
-7.559420
-8.156961
-9.089687
-7.505443
-8.398450
-7.608707
-9.701419
-8.035112
-8.341785
-9.650499
-10.080360
-9.227439
-8.594565
-9.801845
-10.308173
-9.066768
-10.150753
-9.664808
-9.757014
-10.839015
-10.796613
-9.732006
-10.750330
-9.557650
-9.163724
-9.383234
-10.153254
-10.794428
-10.770484
-8.759944
-9.712983
-10.367194
-8.876583
-8.859125
-9.167381
-8.215959
-8.385955
-8.103518
-8.316983
-9.195930
-8.686350
-7.826570
-7.879602
-7.058903
-7.466077
-7.162426
-7.973817
-6.843169
-7.197039
-6.035166
-6.027652
-5.514211
-5.191052
-6.123497
-5.586960
-4.119567
-5.340775
-5.040358
-4.252106
-4.792028
-3.089928
-2.388753
-2.903673
-2.442344
-3.022594
-1.684179
-1.409239
-2.427618
-1.426777
-1.297060
0.244083
-0.364809
0.796817
