1.303495
-0.087073
0.416599
1.436238
2.225757
2.084857
3.076588
1.894677
2.530703
2.638005
3.114977
3.064883
2.995656
4.823004
4.022229
4.487166
5.630319
5.184794
5.506432
6.018615
6.584201
5.713124
6.083879
6.129135
7.944201
7.342484
6.857864
8.601393
8.147690
8.226975
8.193086
8.427657
7.997264
9.490964
9.683725
9.405212
8.446461
9.482096
9.744262
9.043995
9.501837
8.770682
8.806345
10.241797
9.087713
10.581770
10.578837
10.453512
10.326898
9.176059
9.042453
9.747408
9.573872
8.984471
9.177287
10.270650
9.514287
9.712089
9.471848
8.630488
9.123983
8.556016
9.045429
9.608375
9.620490
9.545262
8.368064
8.831508
8.972029
8.596132
8.279654
8.341508
7.647462
7.777457
7.535491
7.466699
7.252333
5.513084
5.483967
5.256478
5.293490
4.652169
4.603557
4.950241
3.621413
4.650191
4.484981
3.140247
3.070004
4.048589
1.974680
1.790973
1.211726
1.213449
1.941431
2.067323
0.663305
-0.201294
-0.248522
-0.200527
0.256725
-1.000720
-1.305576
-0.402965
-1.042666
-1.971297
-2.388777
-3.217236
-2.013883
-2.525817
-3.758179
-2.878464
-3.442859
-4.731173
-5.171675
-3.879447
-4.219483
-5.094024
-5.181262
-5.942319
-6.936359
-6.032516
-6.639877
-7.368266
-6.155091
-6.704584
-6.943256
-7.486497
-8.649062
-7.494097
-9.261227
-8.240088
-8.853455
-7.991594
-9.632893
-8.582704
-10.035856
-9.072907
-8.766245
-10.485815
-9.557331
-8.874937
-9.676618
-8.993909
-10.253975
-9.461532
-9.048976
-10.406443
-9.111324
-10.027017
-9.211952
-9.028818
-10.373627
-9.558014
-9.765310
-10.185222
-9.009289
-9.089606
-9.353453
-9.061891
-9.351695
-10.261514
-9.606603
-8.289910
-8.256716
-9.406362
-8.973373
-7.783486
-8.172028
-9.055964
-8.868887
-7.366734
-7.866658
-7.594086
-7.096212
-6.777708
-7.141752
-6.859790
-5.402021
-5.573321
-5.319800
-5.165584
-4.866411
-5.638609
-4.969281
-4.196183
-4.510829
-4.145666
-2.659355
-4.007875
-3.242731
-2.515553
-1.698176
-2.491345
-2.484459
-1.673445
-0.242887
-1.275513
0.667730
0.610966
