0.582744
1.063714
0.473486
1.612547
2.498553
2.325492
1.851403
3.463511
3.314640
2.752396
4.300725
3.564290
3.478701
3.689689
4.481188
4.493581
5.119782
5.442836
6.210248
6.177600
6.223837
6.899790
6.474997
5.994826
6.432348
7.764940
7.112962
7.166675
8.630044
8.444236
8.942999
8.525675
9.135063
9.134052
8.801128
9.269777
9.059547
8.410641
10.198753
9.628379
8.603107
9.024992
9.753155
10.141840
10.271309
10.672976
9.782032
10.833063
10.434211
10.529249
9.006203
9.421813
10.742441
10.737361
9.468595
9.143236
8.807349
9.645224
9.284179
10.054541
9.180750
8.855808
9.792268
9.173028
9.098612
9.248718
9.282153
8.723748
8.682962
7.501005
7.026143
7.569250
7.229386
7.981360
6.824967
5.929669
6.635201
6.348527
6.939343
4.947975
5.345029
5.389249
6.043741
4.455823
4.928028
4.321101
4.264656
3.395524
3.304608
3.602197
2.273735
2.647167
1.386032
2.531897
0.623354
1.519669
0.232790
0.091060
0.978780
0.465858
-1.136617
-1.358253
-0.363090
-1.473138
-1.996874
-1.352093
-2.707867
-2.489262
-3.150100
-3.865078
-2.409455
-3.290694
-4.163862
-3.957974
-5.087550
-5.369589
-4.190372
-6.076337
-5.014022
-6.650117
-6.770917
-5.672543
-7.385873
-6.037230
-7.582825
-7.831645
-8.285216
-6.986288
-7.506520
-7.372791
-7.352697
-8.792429
-8.297583
-7.971564
-8.572459
-10.020331
-9.103206
-8.981898
-10.310227
-9.960708
-9.093432
-10.203389
-8.959041
-10.433286
-10.301962
-9.360962
-8.970797
-9.461104
-9.981582
-9.627133
-9.664694
-8.986935
-10.655489
-10.854870
-9.905003
-10.652753
-9.350250
-9.374000
-9.747897
-9.217294
-10.012880
-9.701912
-9.929984
-9.411092
-9.417662
-8.655931
-8.134747
-8.361029
-7.986700
-7.720113
-8.407979
-7.251003
-7.908746
-7.967416
-6.897872
-6.680716
-6.212562
-5.962767
-6.141873
-6.394040
-5.957813
-5.032532
-4.749557
-4.068236
-5.299042
-4.340875
-4.325165
-4.502238
-2.433397
-2.606573
-1.895238
-2.051183
-2.702909
-1.546053
-2.213703
-2.128753
-0.625516
-0.647197
-1.264290
-0.755930
