-0.387543
1.298078
0.190027
2.222527
1.415475
1.263837
1.484787
2.203511
3.241046
3.785580
3.889014
2.731102
3.852494
4.040390
5.407940
5.519266
4.784549
4.765604
5.826816
6.140990
5.566300
5.651116
6.085323
6.580040
7.705777
7.069499
7.677629
7.868689
7.651229
8.968626
8.705531
7.930763
8.398320
9.418390
8.826816
8.391213
9.332513
9.106742
10.283470
9.092862
9.969554
10.165036
8.778211
10.287255
10.617062
10.022479
10.801925
10.707540
10.587407
9.424677
9.608943
9.323994
8.994271
10.377672
10.416916
9.719549
8.920034
9.308188
9.991787
9.907683
10.265016
9.430787
8.344774
9.645761
8.265339
9.082019
8.174578
9.113625
9.123077
8.714259
8.461896
7.374318
7.395873
8.215772
7.169559
6.509219
7.061264
5.843353
5.249718
5.085761
5.667003
4.812233
4.861013
4.923816
4.194549
3.674431
3.825683
3.943688
3.717612
2.948829
1.821958
2.544232
2.814694
0.927572
1.841473
1.900211
1.328458
1.432799
0.865213
0.209025
-0.481921
-1.321513
-1.007987
-0.694979
-0.926321
-2.380029
-1.919060
-3.385897
-3.260244
-2.263433
-2.639084
-3.834085
-4.643321
-3.926431
-4.591336
-5.611515
-5.506076
-6.212947
-5.234398
-6.254449
-6.435652
-6.092331
-6.568966
-7.796099
-6.322142
-7.145078
-6.609569
-7.522297
-8.320375
-7.556269
-7.893261
-8.558067
-8.463731
-9.110422
-9.674775
-8.691123
-10.173506
-9.240697
-10.110907
-10.344434
-9.980906
-9.172557
-9.995362
-10.399644
-10.348521
-10.646893
-10.610941
-10.104409
-9.756090
-10.741305
-9.146222
-9.615242
-10.007184
-10.625852
-9.689262
-10.527755
-9.100298
-10.335058
-10.228816
-8.753115
-10.118718
-8.985973
-9.003329
-9.340789
-9.484163
-9.167173
-8.479349
-8.991550
-7.946088
-7.903160
-7.157636
-7.520264
-8.485507
-7.666782
-7.761549
-7.590203
-7.561838
-5.516711
-6.721240
-5.938713
-4.829675
-4.812041
-4.396601
-4.041734
-4.561937
-4.529687
-3.762663
-3.478312
-2.719458
-2.121572
-2.509477
-2.329180
-1.406672
-1.092772
-2.220373
-1.195139
-1.859293
-1.186396
0.445780
-0.892773
