1.146483
1.386981
1.167092
2.095644
2.513550
1.482036
2.472784
2.184679
2.035205
3.530686
3.698601
3.721973
4.029529
4.477922
5.414791
4.256154
5.166916
4.381409
5.340740
6.864404
6.002024
5.923529
6.507528
6.712485
7.585751
6.562276
7.083563
7.849725
7.352597
7.465029
8.371959
8.562263
9.184473
9.156568
9.610861
8.442111
8.811773
10.229739
9.439253
9.344024
9.114151
8.957875
9.564959
9.336502
10.421427
9.428230
9.982141
9.251232
9.206187
10.769589
10.734268
10.491010
9.012834
8.979071
10.673610
9.997916
10.338189
9.297736
9.974983
8.567197
9.575199
9.199540
8.218074
8.549141
8.170500
7.998460
8.128160
8.715180
8.569253
7.801931
8.543031
8.292355
8.458532
7.957693
7.874919
6.794960
7.419462
5.403685
6.287664
4.928318
6.210552
5.919737
5.272450
4.434941
3.597929
3.332228
3.260282
4.002742
3.263708
3.503634
2.485772
2.904968
2.934349
1.883925
2.336097
0.827858
1.690474
0.100669
-0.582112
0.237223
-0.495772
-0.321289
-1.740280
-0.936278
-0.802173
-1.656141
-1.827531
-2.988006
-2.121420
-3.532443
-4.303815
-4.326998
-4.913681
-5.141970
-4.159853
-4.178174
-5.423337
-5.121473
-4.633448
-5.241967
-5.655809
-6.946954
-7.612271
-6.619356
-6.554715
-7.553236
-7.624711
-7.057931
-8.190309
-7.311412
-8.369707
-8.096249
-9.223807
-8.846050
-8.323314
-8.358381
-10.046709
-8.769657
-9.467891
-9.482995
-9.673163
-9.512667
-9.468559
-9.584191
-10.787420
-9.865813
-10.876545
-9.324446
-9.421771
-9.451104
-9.484355
-10.115934
-9.345066
-10.882414
-10.115538
-9.796813
-9.914038
-9.819722
-8.607927
-9.827366
-9.793732
-8.688518
-9.663299
-9.726704
-9.691293
-8.278296
-9.430475
-7.843678
-8.502084
-8.630164
-7.761013
-8.652841
-8.296702
-6.409947
-7.994191
-6.082805
-5.860985
-6.506815
-6.018565
-6.111503
-6.167581
-5.832987
-5.128992
-5.277536
-4.540762
-4.992014
-3.703446
-2.891031
-4.127790
-2.784763
-2.876222
-3.399534
-2.590511
-1.308816
-1.881599
-2.220398
-1.458994
-0.245438
-0.053721
0.515540
