-0.274947
-0.189382
1.028149
0.303084
1.649231
1.026972
2.473066
1.622617
3.109844
2.572808
4.095495
4.472685
4.355019
4.334658
4.090515
5.637745
4.233089
4.684935
5.864070
5.846325
6.782240
5.689678
6.035138
6.251980
7.527725
7.079136
6.638049
7.140663
7.707456
8.616103
8.809403
9.014703
9.165345
7.908017
8.501638
8.879467
8.925281
10.262260
9.549847
9.494911
8.963686
10.336333
10.317816
9.142112
10.831944
10.569217
10.313001
10.339824
10.414913
9.148310
9.301734
10.092884
9.568093
10.588204
9.805874
8.881563
8.902036
10.188470
8.816356
8.741232
9.694853
9.299762
8.705100
8.636668
8.055426
8.069603
7.751719
8.903925
8.001795
7.721182
8.876059
8.187581
6.973916
7.123934
6.995310
7.300979
7.509533
5.845413
5.868987
5.301412
6.521825
6.038996
4.843254
4.133495
4.341235
3.698443
4.579012
4.318060
3.034392
3.889535
2.944210
2.489091
2.021395
1.413883
2.227033
1.211098
0.925867
0.921088
1.106007
0.463082
-0.845217
0.298508
0.011617
-1.798539
-2.127173
-1.403204
-2.183190
-1.898039
-1.988283
-2.936712
-2.559308
-3.881975
-3.679283
-3.686527
-4.653739
-4.062550
-5.663047
-5.249223
-5.065675
-5.940197
-7.033432
-6.143509
-6.037024
-5.931534
-6.220005
-6.381048
-7.282962
-7.033665
-7.610959
-8.923263
-8.349116
-8.574548
-8.918786
-9.421395
-9.286382
-9.953562
-9.242532
-9.862024
-8.676729
-9.869823
-9.783561
-10.369333
-10.566432
-9.393697
-9.939491
-9.995950
-9.334881
-9.855748
-9.412865
-9.126402
-9.540899
-9.748678
-9.175621
-9.776614
-9.969854
-9.544773
-9.728939
-9.602591
-10.478936
-8.821748
-10.333040
-9.301751
-9.678785
-9.639914
-9.611790
-8.553682
-9.182194
-8.533187
-7.367813
-8.624370
-7.598375
-7.669394
-8.126764
-6.966592
-7.962841
-6.796125
-5.829960
-5.418490
-6.245153
-5.706873
-5.771042
-4.634511
-5.471480
-3.881307
-5.352765
-3.870062
-4.023861
-2.868936
-4.211424
-3.470688
-3.713421
-2.353366
-3.109784
-2.513333
-1.936296
-0.260548
-1.191887
-1.419430
-1.034681
0.907655
