0.167875
0.910188
0.332992
1.183588
1.098301
2.466768
3.159441
3.026778
2.449468
2.617265
3.198999
2.811350
4.094295
4.158237
5.151812
4.815595
4.257260
4.807445
5.183362
6.125714
5.877803
5.748806
6.820467
7.155693
7.127083
7.654254
6.890488
7.561591
7.211230
8.440203
7.807044
8.833104
8.868017
8.410445
8.957487
8.562136
9.661771
8.530518
8.749640
9.337543
10.367282
10.302314
10.411227
10.060860
10.790701
10.494178
10.924153
9.804815
10.949869
9.916160
9.772991
9.588123
10.021422
10.694292
10.693273
10.746450
10.733783
10.558113
10.020458
8.568322
9.102833
8.549857
9.484823
8.759332
9.337636
8.848892
7.837702
7.828578
8.049287
7.331284
7.337901
7.117856
7.770799
7.947430
7.114135
5.852938
7.314071
6.268179
6.381631
5.048035
4.760307
6.111292
4.642014
4.819869
5.119806
4.785098
3.361430
4.116349
3.005025
3.730143
2.920928
2.208982
2.315624
2.432609
1.976720
0.482638
1.827815
0.776261
-0.381772
0.066506
-1.262870
0.057490
-0.429312
-0.610661
-2.129148
-2.119750
-2.734903
-2.981407
-3.471903
-2.244072
-2.716567
-3.934495
-4.756652
-3.522523
-4.552807
-3.864195
-4.170312
-6.102693
-5.269429
-6.202513
-6.475758
-5.657676
-6.406331
-7.200712
-6.628191
-7.467384
-7.975495
-6.901178
-8.162388
-7.286093
-9.134605
-8.378213
-8.301854
-8.856943
-8.601547
-9.858785
-9.959969
-9.484587
-9.161468
-10.130127
-9.722715
-9.803186
-10.547715
-10.671505
-10.762382
-10.002534
-10.120701
-10.898315
-9.006518
-10.589702
-10.043873
-10.657285
-9.026574
-9.786434
-9.824287
-9.388874
-10.553411
-10.055956
-9.076938
-8.707401
-9.731761
-8.391565
-10.144419
-8.930264
-8.398130
-9.507100
-7.943703
-7.782684
-8.162100
-8.431058
-7.109891
-7.942548
-8.267645
-7.030797
-6.256751
-7.790927
-6.642292
-6.881320
-6.403200
-4.895358
-6.019431
-5.005724
-5.575170
-5.293407
-3.727117
-3.821773
-4.706535
-2.727758
-4.039028
-2.644181
-1.873021
-2.371548
-3.010078
-2.827445
-0.801164
-0.713938
-0.828814
-1.356980
0.481043
0.499431
