0.763564
0.534486
0.736033
0.264229
1.540509
2.837841
2.779940
3.154461
3.156604
2.144386
4.208401
3.740660
4.140583
4.381437
4.457620
5.405624
5.966173
5.233930
5.838245
5.676733
5.406521
7.232396
5.774929
7.438968
6.492513
6.394682
6.764152
7.726592
8.246834
7.708558
8.492858
8.980377
9.475533
8.041854
9.380034
8.727308
8.844627
8.544112
9.329812
9.735475
10.378159
8.931169
9.579992
9.740767
9.107183
10.769609
9.131305
9.491830
10.641965
10.618278
10.782372
9.510404
10.374613
9.734446
9.260742
10.637403
10.756128
10.010211
9.920486
8.853731
9.654536
9.347170
8.593811
8.434811
9.275464
9.157463
9.168993
7.967681
9.235753
7.738291
7.385362
7.621887
6.640401
7.756479
6.738947
7.715971
5.624923
5.517053
5.491859
5.992548
5.231615
5.597864
5.562145
4.725645
4.589538
3.856076
3.176446
3.787096
2.825375
2.304267
3.702647
2.395331
2.496414
1.437944
0.956387
0.584924
1.200961
0.336504
-0.671159
0.933618
-0.048564
0.210418
-1.438176
-2.137099
-1.229097
-2.275732
-2.169675
-2.491149
-2.713862
-2.198280
-2.930887
-2.938296
-3.025515
-4.113559
-4.918762
-4.161565
-5.793546
-5.990336
-6.300712
-6.469570
-6.396258
-6.311359
-6.295696
-6.847751
-7.581179
-8.241054
-6.655038
-8.700152
-6.975866
-8.205524
-8.576463
-8.984726
-8.087238
-9.259644
-9.296202
-8.543885
-9.248580
-9.505960
-9.342349
-9.343145
-8.746043
-10.594496
-10.231174
-9.202660
-9.660321
-9.196010
-9.283733
-10.694243
-10.785546
-9.332730
-10.899241
-9.726870
-10.147504
-9.005021
-10.418844
-8.945753
-9.119117
-10.081529
-9.202825
-10.419622
-10.109473
-9.553911
-9.489759
-8.974551
-9.517420
-8.258181
-8.965384
-7.570658
-8.455808
-8.989911
-8.440780
-7.645165
-7.527883
-7.740915
-7.183516
-6.229371
-7.328878
-5.908097
-5.983642
-5.850712
-5.740065
-5.136118
-5.122472
-4.098905
-4.612216
-5.227936
-3.326554
-4.339222
-2.959223
-3.652179
-3.380862
-2.217584
-2.337664
-0.951778
-1.089722
-1.289005
-1.235605
-0.198639
-0.457364
0.772452
