0.313047
0.399272
0.545405
1.808525
0.813667
1.951107
2.884980
2.228189
2.494661
4.020536
3.008506
3.129202
4.849471
4.582558
4.351588
4.627167
5.069562
5.022335
6.541925
6.631684
6.137412
5.588648
6.749852
6.607712
7.271657
6.392521
7.896383
8.255559
8.537070
8.866213
8.632902
9.247063
9.334695
9.061516
8.714891
9.116061
8.248162
8.541117
9.543155
10.490240
9.320557
10.527049
9.692783
9.726073
10.792578
10.176140
10.665250
9.649023
10.087012
10.247798
10.626870
9.834090
9.046691
10.507026
10.444476
10.181151
10.660488
9.474172
8.858030
9.816677
10.191203
8.619993
9.241238
8.977450
8.465039
9.372010
8.455428
7.582666
7.562096
8.138349
7.473386
7.605646
8.086342
7.940808
7.225661
7.409562
6.324325
5.439718
6.842539
5.557167
5.412341
5.901743
5.980005
4.069072
4.859726
3.410435
3.833253
4.565943
3.594516
2.214844
2.311388
2.896737
3.079392
1.524446
1.392789
1.614008
-0.044368
0.496675
0.526585
0.778103
-0.136368
-0.126145
-1.117223
-0.515821
-1.262530
-1.708704
-3.102669
-2.232689
-2.989541
-3.661784
-3.460990
-3.308206
-4.431696
-3.868685
-3.648898
-4.915465
-5.546161
-4.780258
-5.781818
-5.655548
-6.769105
-6.880531
-5.838552
-7.574199
-7.502068
-7.821799
-7.968702
-8.668394
-8.690197
-7.801364
-7.877767
-7.459861
-7.876100
-9.686325
-8.508910
-9.848475
-8.559814
-10.156879
-9.115920
-9.208387
-9.196610
-9.738509
-10.524151
-9.233263
-9.251282
-9.654033
-10.309640
-9.972215
-10.719317
-10.196533
-9.791944
-9.241062
-10.829512
-9.546147
-9.411679
-10.597703
-8.907911
-10.527219
-10.420705
-8.918607
-10.176570
-10.287589
-10.143620
-8.910027
-7.989807
-9.515598
-9.418960
-8.134937
-8.836882
-8.600042
-8.539388
-6.902856
-7.633463
-7.376569
-7.693526
-5.984434
-6.022987
-7.015110
-6.696932
-5.292790
-5.612060
-5.724295
-5.942212
-4.336301
-3.620733
-5.200375
-4.566599
-4.352261
-3.976718
-3.464090
-2.069664
-2.469206
-2.000964
-1.717585
-1.633408
-2.113277
-1.544085
-0.827637
-0.192716
-0.138270
