1.025994
-0.007378
1.007410
1.975055
1.027637
1.727527
2.301801
2.573101
3.520277
3.452781
2.692826
4.661791
4.273522
3.467308
4.945459
5.210637
6.010659
5.615313
5.483353
5.321436
5.558155
7.337810
6.285142
7.585745
7.923337
7.411022
7.337014
8.024796
7.028357
7.466901
7.920096
7.626830
8.198744
8.919324
8.613322
9.147018
9.478799
10.009774
8.643354
10.030602
9.155579
10.062964
9.130515
9.069807
9.024904
10.051542
9.820023
9.391021
9.223270
10.899941
9.136598
10.171177
10.920190
9.090014
9.133434
10.592610
8.794871
10.359139
10.318938
9.002830
8.656599
9.904210
9.041563
9.973806
9.296126
8.951994
8.728813
9.107419
8.335482
8.354383
8.135029
7.325538
6.833665
6.932724
7.771935
5.992702
6.187597
6.312427
5.528738
6.462795
5.028441
6.164818
4.380904
4.172764
5.408697
3.259580
3.126880
3.811295
3.196953
3.193711
2.880356
3.211416
2.579694
2.060879
0.875080
0.671560
0.692907
0.234551
1.139893
0.482565
-0.403938
-0.650160
-0.233977
-0.827012
-2.219458
-1.187477
-1.989972
-1.971401
-2.488596
-2.311316
-2.994242
-3.023188
-4.868094
-4.055416
-4.131201
-5.253009
-5.139206
-4.427841
-6.364365
-5.894439
-5.988166
-5.631934
-6.287371
-7.828998
-7.554791
-8.064495
-8.377149
-8.407741
-7.714700
-8.988234
-8.068912
-9.092446
-8.958640
-8.702307
-8.316455
-9.577874
-9.731567
-10.072064
-8.666337
-8.838897
-9.047190
-10.073556
-10.584359
-10.471965
-9.405363
-9.293532
-9.806698
-10.524993
-9.131319
-10.968975
-9.173067
-10.396454
-10.384493
-9.021609
-9.963281
-9.597926
-10.555603
-10.106676
-10.574198
-9.747720
-8.958643
-9.892694
-9.488840
-9.264064
-8.245999
-8.341070
-8.597782
-8.609457
-8.612382
-8.749241
-7.393632
-8.179989
-7.439181
-7.009135
-7.506217
-6.928246
-6.774694
-6.409248
-7.084550
-6.498310
-6.478317
-4.743411
-5.668203
-4.928494
-4.773919
-3.305839
-4.524094
-2.867810
-3.590965
-4.055655
-2.496252
-1.981635
-2.016166
-1.756630
-2.106538
-1.241162
-1.661757
-1.358197
-0.974651
-0.528064
