1.069346
-0.210444
0.870140
1.506556
2.055715
2.713279
1.281796
2.868068
2.965600
3.699864
3.873410
4.513712
3.375355
3.956368
3.880295
4.275780
4.647744
5.848580
5.932492
5.134203
7.097076
5.431685
7.302511
7.316232
7.066509
8.235636
7.817766
7.175332
7.700903
7.326331
7.488445
9.415342
8.867443
8.762838
9.857420
9.386859
8.410089
9.900743
9.889621
8.720697
10.006212
10.461122
8.881379
8.859970
10.764987
10.603604
10.333234
10.533209
10.932884
10.071130
10.398510
10.367756
9.204248
10.020399
10.682855
9.862401
9.076342
8.869835
10.552243
9.269794
8.606661
8.921292
9.756080
8.976378
8.284171
7.905546
9.293625
8.764933
8.375166
7.628894
8.576631
8.484668
7.757700
6.323146
6.684306
7.038808
6.477117
5.883342
6.541645
6.119140
5.177459
5.079176
4.818849
4.936283
4.766400
3.270509
4.055398
3.871142
3.760373
3.268128
2.051477
2.788768
2.669188
1.777647
1.319606
1.392765
1.185306
-0.239224
0.291297
-0.336040
0.309837
-0.015969
-1.437474
-0.325845
-0.744957
-1.031084
-2.539021
-1.642366
-2.655113
-3.204949
-3.268983
-3.048431
-3.171582
-3.258043
-4.177962
-4.199860
-5.347266
-6.235068
-6.013523
-5.330209
-5.308989
-6.051221
-6.815445
-7.723520
-7.274113
-8.160025
-8.201249
-8.073524
-8.835504
-8.301443
-8.615136
-7.536122
-8.662612
-9.547327
-9.059975
-9.425648
-8.867075
-9.664952
-10.307934
-9.711969
-9.286491
-9.725736
-9.131609
-10.592382
-9.953872
-8.947318
-10.082808
-9.994157
-9.380696
-10.189949
-10.471300
-10.572438
-9.304572
-9.904950
-10.091421
-9.375420
-9.517994
-10.064044
-10.277436
-10.146511
-10.404789
-9.598945
-9.842383
-8.985961
-9.668745
-8.233787
-8.565332
-8.407159
-8.891526
-9.088979
-7.572686
-7.640245
-6.893282
-7.726280
-8.060856
-7.265459
-7.072743
-5.379238
-6.207388
-4.964166
-5.625825
-5.033735
-5.349754
-4.393506
-3.901321
-4.776169
-4.617557
-4.230929
-2.421717
-2.924932
-2.355022
-2.492840
-1.916640
-1.216783
-2.412669
-2.052877
-0.326469
0.204235
-0.943423
0.264210
