1.177673
1.602912
0.794865
1.496802
1.367229
1.647290
2.551535
1.901194
2.664380
2.894992
4.186235
3.828056
3.413215
4.565571
3.827482
3.882847
4.807257
4.375140
5.703540
6.306521
5.386308
7.255254
6.335101
6.530103
6.167754
7.003715
8.466890
8.081210
8.554653
8.614181
7.390432
9.146263
8.163480
8.075172
9.343782
8.937189
8.692078
8.761916
9.125644
9.835956
9.872649
9.313649
10.266495
9.200416
10.070808
10.447207
9.357469
9.374757
10.317248
9.620027
9.130592
9.205423
10.547977
10.308114
9.436319
9.694016
9.312412
10.197237
8.679395
9.917345
9.943394
8.784605
9.522575
8.355777
9.487095
9.327029
8.176041
7.575380
7.558463
7.575414
8.864762
6.776886
7.694860
7.474722
7.823995
6.818340
5.873837
6.462495
6.036772
6.730292
6.312867
6.351429
4.881273
4.023765
3.540004
3.651240
4.397359
4.544677
2.459667
3.312843
3.248217
3.001267
3.085752
1.427485
2.035225
0.877975
0.559125
1.357511
-0.263753
-0.851769
0.532501
-0.696233
-0.459176
-0.853556
-1.492244
-1.883681
-2.444209
-2.401612
-3.406807
-3.838151
-3.920560
-3.080758
-4.235890
-3.867894
-4.076236
-4.938531
-5.311604
-5.262234
-5.593415
-6.066429
-5.881122
-6.890980
-6.528372
-7.392060
-6.851020
-8.132943
-7.226608
-6.915244
-7.642528
-8.050156
-7.359807
-8.942725
-8.969011
-8.836554
-8.344554
-8.158800
-8.543115
-8.762893
-9.706052
-10.452691
-9.395752
-9.091330
-9.171723
-9.220896
-10.670682
-9.492987
-9.380810
-10.543463
-10.939947
-9.274819
-10.921203
-9.334905
-10.103513
-9.214531
-9.484992
-9.009880
-9.119575
-9.310598
-9.684335
-9.821143
-9.806972
-8.886012
-9.915273
-8.625575
-9.444144
-9.147418
-8.320305
-9.335706
-7.646903
-8.954229
-8.128074
-8.345117
-7.825347
-7.471552
-6.809343
-7.782962
-7.066806
-5.572898
-5.580291
-5.337697
-5.436712
-4.362454
-4.317535
-5.027431
-3.772299
-5.020391
-4.357101
-3.030028
-2.427038
-2.698430
-3.564040
-3.127828
-2.808571
-1.089465
-2.083310
-1.028261
-1.655183
-0.688595
-0.321086
0.745765
