-0.086581
0.036097
1.562634
0.451024
1.089140
1.432924
2.851403
2.580908
3.278125
2.964898
3.058130
3.499463
3.904877
4.323912
5.355265
5.139935
6.038222
6.006883
5.668407
6.258686
6.643812
6.767693
6.218340
6.396954
7.160311
6.674543
7.913996
6.777085
8.365502
7.191135
9.222588
7.943530
7.904909
9.252734
9.627447
9.575981
10.012824
9.087562
9.195853
9.360920
9.605654
9.368166
9.044048
10.415142
9.691050
10.396174
9.505071
9.555012
9.787298
10.465083
10.151913
9.657909
9.868917
9.885129
9.670220
9.327660
8.907438
10.154383
8.895015
10.431035
10.023487
8.357762
8.363037
8.974723
8.750372
9.270923
8.205929
8.622580
8.341332
8.665775
8.428191
8.276925
8.184165
7.631859
7.156376
6.761447
5.889345
7.006385
6.940807
5.304992
5.624884
6.101998
5.741454
4.313904
4.946233
3.941213
3.169498
3.534190
3.264316
2.136778
3.373124
2.851985
1.342029
1.134507
1.084269
1.302903
1.353826
0.056297
-0.192464
-0.064471
-0.283607
-1.191131
-1.727196
-2.228862
-0.606125
-1.102967
-2.408812
-2.360950
-3.630274
-2.390991
-3.755699
-3.349134
-3.173091
-3.873318
-5.132076
-4.918688
-5.115425
-5.432490
-5.978260
-5.361173
-5.931033
-6.915758
-5.625975
-7.455369
-7.082078
-6.843230
-7.749011
-6.721584
-7.918721
-8.191193
-8.292928
-8.198020
-9.518510
-9.116582
-7.936758
-9.386743
-8.736635
-8.865493
-9.946392
-8.792487
-10.130881
-10.343570
-9.083920
-10.670955
-8.927934
-10.800401
-9.036225
-10.818093
-9.405044
-10.197599
-10.546296
-9.266320
-9.737424
-10.616507
-9.399309
-9.645424
-9.813306
-10.521595
-10.119880
-9.628027
-10.356510
-9.377240
-8.620497
-8.830428
-9.599939
-8.177692
-9.372997
-8.890877
-8.452072
-7.220598
-7.936089
-6.735307
-6.561069
-6.999095
-6.765094
-7.281923
-7.574172
-7.161764
-7.044251
-5.884202
-5.669347
-6.339987
-4.350412
-5.110435
-5.228285
-4.388820
-4.836221
-4.391309
-3.535949
-3.889019
-2.209194
-2.531982
-2.417398
-1.954875
-2.274580
-1.437869
-0.181312
-1.293368
0.352865
-0.315141
