-0.519061
0.811865
1.146294
1.873792
0.988688
1.457199
3.047027
2.606423
3.274519
3.407925
4.227092
3.742756
4.919732
4.183994
3.999507
4.692708
5.941344
5.139765
5.368369
5.134738
5.496651
7.280217
6.569558
6.055257
6.128083
7.697069
6.519358
7.771888
7.493769
8.124462
7.698144
8.800127
8.957568
9.149923
8.776793
8.900538
9.272798
8.542570
9.834568
9.278391
9.357499
8.740920
9.514468
9.118833
9.772551
9.053453
10.446604
9.745753
9.013013
9.060539
10.076203
10.208759
10.540099
10.254784
10.254974
9.640606
10.195627
8.922919
10.512507
9.031615
9.502807
9.762109
9.230407
9.767210
8.534748
9.205240
9.528582
9.391399
8.106258
7.328551
8.205741
6.951915
8.451402
6.686532
7.313997
6.461019
7.131701
5.978248
7.099738
4.970868
4.914370
4.978934
5.979749
5.292155
4.578897
4.112786
4.631750
2.926724
2.577384
3.516746
3.475607
1.940850
2.588790
1.567317
1.504963
0.694212
0.607745
0.020375
0.666709
0.498424
-0.753150
0.354386
-0.644438
-0.823640
-0.714805
-2.390005
-1.411586
-2.230083
-3.096999
-3.326037
-3.895817
-4.599311
-4.688418
-3.524890
-3.834183
-5.058093
-5.138210
-5.000342
-5.698895
-6.776464
-6.045053
-7.026682
-6.540989
-7.119188
-7.077969
-6.752929
-8.124033
-7.214084
-7.962332
-7.531585
-8.513745
-7.535921
-8.343827
-7.834860
-7.936456
-9.119331
-8.356332
-9.475542
-9.649596
-9.253455
-10.367210
-10.238575
-9.447278
-10.008138
-9.594693
-10.747943
-9.672353
-10.905125
-9.738462
-10.607376
-9.955365
-9.786519
-10.689318
-10.522011
-9.750718
-10.057926
-10.066518
-9.319705
-8.673987
-8.543664
-9.847117
-9.875091
-10.049517
-10.032275
-7.987395
-7.911096
-9.051841
-9.148867
-8.486419
-8.613262
-7.726081
-8.325511
-7.041610
-7.214902
-7.378497
-7.812145
-6.881838
-5.535349
-6.552647
-6.566472
-5.267105
-5.732369
-5.343273
-5.047150
-4.423198
-4.900047
-4.697054
-3.838619
-4.046176
-3.467079
-2.644092
-2.773427
-2.705282
-1.556285
-1.631924
-0.272685
-0.843209
0.196903
0.352333
0.963535
