0.000793
0.346528
1.525938
1.055172
2.065680
1.194312
2.609888
1.646130
2.286412
2.869502
2.714511
4.334260
4.633636
3.326068
5.110703
5.260340
6.000647
5.664012
5.759822
5.233682
6.755229
6.360266
7.175999
7.700707
6.817599
7.173607
7.844188
8.110667
6.948557
7.154730
8.767278
8.825053
8.790154
8.347977
9.110242
8.429476
10.008529
8.627928
9.945241
9.442961
10.170657
9.719403
8.759799
9.135215
10.596287
10.007934
9.035976
9.555909
9.371844
9.061992
9.082733
9.389185
8.961682
9.316506
8.921166
10.770875
9.361335
10.682060
10.503889
10.230296
8.787657
8.459175
9.161665
9.751974
9.899757
9.645414
9.199298
7.540863
8.276383
8.000283
8.076029
6.914947
8.271068
7.823254
7.630826
5.877617
6.739279
5.775520
6.406182
6.739357
5.067496
5.590301
4.191009
3.930980
4.735723
3.736312
3.568445
3.106989
3.871954
3.494406
2.297572
2.759954
2.977611
2.358197
1.866414
0.317922
0.513156
-0.237963
0.776388
-0.926471
0.175355
-0.871984
-0.012077
-1.746811
-0.951194
-2.003995
-2.930813
-2.884087
-2.887695
-2.356311
-3.506022
-3.929994
-3.417746
-3.641473
-4.018584
-3.841947
-4.274429
-4.798153
-6.557375
-6.540659
-5.362206
-7.306492
-5.901610
-6.933494
-7.921004
-7.855151
-7.311960
-8.495684
-8.891189
-7.090486
-8.480880
-8.618106
-9.588479
-9.219152
-8.697851
-9.109732
-8.377826
-8.412442
-8.953347
-9.568609
-10.456920
-10.533883
-10.473493
-9.351811
-9.696859
-9.228879
-9.896106
-9.348218
-9.221792
-10.668669
-10.785512
-10.147677
-9.946191
-9.342148
-9.164847
-10.059993
-10.073235
-10.260094
-9.053115
-9.196743
-9.213212
-8.436198
-9.989462
-9.612112
-8.842546
-9.026423
-9.559504
-9.000237
-7.868889
-8.585389
-8.541175
-7.428671
-8.125871
-8.189444
-7.618079
-6.031674
-5.614478
-5.884067
-7.014521
-4.975178
-5.924475
-5.114799
-4.548303
-5.730374
-5.414259
-3.762890
-3.224640
-3.409809
-2.479787
-3.512908
-2.615144
-3.277340
-2.642828
-2.706992
-2.193037
-1.598389
-1.306384
-1.452721
0.281801
-0.938844
