0.245793
0.633043
1.286934
2.223941
2.118223
2.223854
1.319183
1.625537
2.425602
2.466296
2.655095
3.812988
3.147103
4.758918
3.701756
5.143673
4.441066
5.473585
5.438058
5.426852
7.035977
5.599462
6.646811
7.251868
6.673527
8.000458
8.332686
7.466617
6.977712
7.354946
8.669628
7.494091
8.517532
8.312938
8.624203
8.204695
8.412322
9.360507
9.025548
9.722809
9.992027
9.528046
10.111655
9.619968
10.837650
10.488317
9.315766
9.362584
9.580131
10.401771
9.266383
10.195370
9.787385
10.823505
9.009706
9.796471
9.715360
8.935884
9.963910
10.415044
8.746079
10.008687
8.715195
9.354153
9.756042
8.576492
8.274246
8.634635
7.963610
8.581496
8.518384
8.247214
7.315224
7.085362
6.497137
7.406061
7.139996
7.206529
5.501831
5.673961
6.455934
5.301672
4.160094
4.802821
3.763914
4.018061
3.536198
4.628311
2.766133
3.868346
2.976115
2.865002
2.814347
1.678465
2.163218
0.970528
1.229912
0.911019
0.928879
0.683996
-1.197659
-0.512926
-0.540662
-1.381458
-2.395130
-1.984145
-2.286885
-1.551006
-3.694400
-2.799088
-3.173457
-4.192617
-4.717396
-3.595585
-4.804206
-5.173405
-4.164975
-4.943286
-6.212076
-4.903436
-5.987711
-5.757411
-6.565792
-6.184820
-8.014462
-6.546981
-7.219976
-7.926742
-7.180012
-8.769859
-7.678601
-9.349764
-8.438185
-9.411788
-9.622309
-8.174603
-9.224191
-9.180008
-9.485645
-10.310447
-9.200582
-9.093797
-9.839832
-9.351601
-10.871731
-9.112703
-10.644696
-9.009897
-10.293626
-9.595205
-10.291826
-9.141772
-9.581755
-9.889859
-9.445172
-8.866545
-10.453540
-10.232941
-10.465057
-9.168811
-9.377978
-8.560932
-9.895051
-8.288993
-9.186543
-7.939560
-8.411832
-9.384584
-7.995533
-8.101038
-8.795441
-8.518165
-8.191666
-7.517940
-6.189133
-6.797853
-6.180443
-5.952618
-7.116395
-5.841151
-5.976203
-5.651979
-6.075152
-5.701330
-4.579098
-3.916564
-4.554405
-3.693177
-4.088727
-2.760361
-2.040779
-2.508897
-2.251594
-1.235481
-1.787683
-1.331579
-0.222869
-1.335416
0.210192
-0.601823
