-0.669943
0.953929
1.612774
1.232296
2.427118
1.031167
2.985084
2.066031
2.888532
2.253209
3.611674
3.735035
3.287700
3.709011
3.674718
5.102993
5.900128
4.698567
5.302961
5.404789
5.566564
6.693223
7.216935
6.064433
6.828678
6.485477
7.377509
8.279756
8.399086
9.086645
8.288793
8.193697
8.726362
9.066876
8.115264
8.168770
9.832568
10.207641
10.383202
9.395254
9.137379
10.517167
9.214279
10.805480
9.270607
10.495408
10.168607
10.877866
10.513179
9.811520
10.318208
9.369049
9.373110
9.835194
9.835816
9.196911
9.543611
10.461519
9.727038
10.236565
9.441297
8.716103
8.787444
9.669752
8.480194
8.138168
9.007836
8.183405
7.327278
8.823836
8.519476
7.722843
7.376943
6.575367
6.115442
7.667627
5.743173
5.621289
5.363219
5.747872
6.518914
6.204497
5.129142
5.506629
4.201463
3.610057
4.452286
4.445416
3.611756
3.307296
1.822926
2.690834
1.590642
2.430990
1.920547
1.562808
0.601869
0.867271
0.540521
-0.777872
0.635900
0.172864
-1.011486
-0.703237
-1.791401
-1.906609
-1.799013
-2.742393
-2.106511
-2.469501
-2.911847
-3.846034
-3.389529
-3.619672
-3.840208
-4.794085
-5.096953
-5.879202
-5.390547
-5.532178
-7.107390
-7.359669
-7.055386
-6.630112
-7.309351
-7.101439
-7.389420
-7.373706
-7.824129
-8.087610
-7.699101
-7.729568
-9.214247
-9.020807
-8.791054
-8.495423
-8.663824
-9.357545
-9.335801
-9.237740
-8.891955
-10.388164
-8.907003
-9.799387
-9.749064
-10.296679
-10.330562
-10.346022
-10.154484
-10.317570
-10.994557
-10.534767
-10.253318
-8.988693
-9.284073
-10.607151
-10.416649
-8.776897
-9.677388
-9.949286
-9.192091
-9.177630
-9.135053
-8.795306
-9.835682
-7.902823
-8.833093
-8.466392
-7.542635
-7.279558
-8.309716
-6.800228
-6.808112
-6.812538
-6.948344
-7.159031
-6.292885
-7.135279
-6.414293
-5.744429
-6.013413
-4.607632
-4.836843
-4.167446
-4.959089
-4.257902
-4.922393
-3.950595
-2.852487
-3.048096
-3.565114
-3.441288
-1.766916
-1.133029
-0.863870
-1.836702
-0.326731
-0.519039
-0.638798
-0.892836
