-0.438675
-0.082714
0.090207
1.943124
1.138777
2.531201
2.144180
1.582349
3.292368
3.285131
3.760757
3.609331
4.080290
4.565937
3.936433
5.219533
5.795050
6.311952
5.693081
5.439612
6.536597
5.849106
7.265804
6.434190
6.883787
6.681631
6.590521
6.881805
7.161384
8.863507
9.062806
8.123732
8.148594
9.472852
9.050062
8.255352
9.549930
8.911235
10.323479
10.462831
9.521215
9.702405
9.805895
10.140748
9.192433
9.660819
10.558988
10.108640
10.261640
10.377406
9.047913
10.923011
10.756168
10.045216
9.555038
9.618734
9.598730
9.764156
10.419286
9.473891
9.630897
9.801157
9.570774
9.486428
8.502253
8.000881
8.075778
9.313125
8.545297
8.454223
7.567027
6.951008
6.553307
6.385123
6.136665
7.056750
5.838989
5.377517
6.375822
5.719458
6.070115
6.018375
5.437071
4.042070
3.996466
4.375964
4.002619
3.379159
4.111465
2.927046
2.354027
2.318488
2.733671
2.691224
1.160875
2.164859
0.120210
0.058535
-0.203273
-0.265589
-0.610361
-1.195651
-1.723674
-2.056083
-1.826620
-1.825555
-2.866082
-2.093539
-2.184223
-2.674260
-3.274235
-3.754384
-4.676415
-4.485093
-4.300098
-4.310937
-4.868291
-4.836985
-5.693251
-6.518079
-6.073968
-5.389160
-7.450271
-6.104666
-7.288673
-6.678540
-7.356278
-8.450198
-7.399018
-7.117715
-7.407051
-8.386349
-9.520367
-9.144810
-9.030167
-9.243191
-8.550152
-9.073678
-9.220610
-9.538560
-10.593903
-9.954040
-8.864332
-9.728138
-10.543144
-10.475413
-10.439650
-10.376109
-10.325875
-9.274885
-9.925571
-9.164770
-9.297922
-10.779959
-10.335491
-9.085886
-8.898099
-10.146938
-8.687832
-10.283555
-9.963726
-9.767959
-9.111679
-9.265832
-8.995218
-8.238390
-9.109250
-8.509604
-7.532330
-8.403128
-6.907875
-7.241295
-7.893785
-6.628857
-6.645621
-6.264672
-6.224737
-5.379651
-6.386704
-5.593415
-5.373555
-6.346065
-5.661313
-5.147351
-3.626757
-4.089177
-3.014476
-4.240404
-3.460811
-3.648998
-3.610672
-1.754288
-2.029936
-1.728216
-0.614793
-1.641717
-1.667576
-1.284810
-0.896410
0.127846
