0.030893
0.692404
0.869133
2.169120
2.404948
1.141881
3.043478
2.341821
3.300671
3.319297
3.540952
4.291196
4.083009
3.921421
4.686653
4.221100
5.254798
5.667888
5.264542
6.702749
6.891923
6.257216
5.670493
6.639962
7.587316
6.591838
7.888787
7.216221
8.463861
9.040796
7.532338
9.201089
7.749311
9.661704
9.394618
10.017580
8.587582
8.615002
8.691170
9.373068
10.309680
10.347907
10.471764
9.165940
9.454225
10.590884
9.367028
10.959519
10.927696
10.549032
9.407007
9.935863
8.994810
9.609316
10.065286
9.493539
9.018514
9.545907
10.087947
8.657517
9.291275
8.316076
9.755232
9.166048
9.169331
8.007445
7.761438
7.815465
8.843144
8.277755
8.743321
8.414437
7.217547
7.989632
7.555390
6.507719
6.532427
6.571539
6.347474
6.275481
5.971019
4.473624
5.643100
5.167852
3.784286
4.180819
3.467389
4.300509
3.727203
3.242368
1.818482
1.855157
3.155897
2.287508
1.361818
0.966107
1.848897
-0.247968
-0.074725
-0.570623
-0.924709
-0.610434
-0.408764
-1.286888
-1.326416
-2.415738
-1.358472
-2.676645
-3.745161
-4.029906
-3.846693
-2.740989
-4.273257
-4.465932
-4.604965
-5.529208
-5.660163
-4.686087
-4.825299
-5.342437
-6.110296
-6.991031
-6.882890
-6.014829
-6.950180
-6.895479
-6.583587
-7.591213
-8.378847
-8.279481
-7.973024
-8.648523
-8.199067
-9.446205
-8.224602
-8.499920
-8.752918
-10.186887
-9.728107
-10.409797
-10.450659
-9.694643
-9.467057
-10.076736
-9.285301
-9.240057
-9.261743
-9.778461
-9.138025
-9.950000
-10.525762
-10.323113
-9.593733
-9.359367
-10.830300
-9.913158
-9.622803
-10.202533
-10.325738
-8.957449
-9.471419
-9.637852
-8.876071
-9.288469
-9.213615
-8.706442
-9.603907
-7.551932
-7.313023
-7.438877
-7.199974
-7.179980
-7.193936
-6.936384
-6.603232
-7.713663
-6.173173
-6.496665
-5.413859
-4.898497
-6.372647
-5.990369
-4.735215
-5.082836
-3.879911
-4.876628
-4.109535
-4.092471
-3.986347
-3.631464
-3.755019
-2.782644
-2.523862
-2.823968
-2.143555
-0.450219
-1.839890
-0.021228
-0.257113
-0.721357
