0.266898
1.222085
1.383573
0.645194
2.048296
1.660591
1.569131
3.098761
3.696123
3.069221
3.899216
3.461517
4.260092
3.723279
5.176762
4.045810
6.060007
6.141278
5.045478
6.634472
6.141502
6.546624
6.565724
7.790081
7.497362
7.660251
7.364759
6.762394
7.323593
7.733161
8.334870
8.552693
7.777525
8.336915
8.691303
8.452291
8.783856
9.242024
10.190132
9.953182
9.349059
9.352352
10.348423
9.558606
10.631606
8.981753
10.460957
9.616940
10.684235
10.917402
9.929872
9.910967
9.517280
9.037399
9.556480
9.834868
10.436243
8.692708
9.638615
9.638716
9.145279
8.390858
8.739717
9.461103
9.868520
8.158705
9.319268
8.074753
8.432014
8.893485
8.101346
7.197183
7.741284
6.794940
6.368388
6.323749
7.384402
6.272587
6.882664
5.936625
6.366612
4.803147
5.560825
4.581902
4.277968
4.619910
3.133890
4.323504
2.699473
2.463172
2.612209
2.589901
2.094810
1.730858
2.325768
0.845974
0.093501
1.436916
1.091335
-0.529526
-0.296988
0.250935
-0.644593
-1.363818
-1.231485
-1.690140
-3.098524
-2.267099
-2.491601
-3.333031
-2.650952
-2.980914
-4.789476
-4.751180
-4.888520
-4.335536
-4.999894
-6.251449
-6.459621
-5.414642
-6.489978
-6.055186
-5.927536
-7.110361
-7.304558
-7.676573
-7.946240
-6.961580
-8.174265
-8.089235
-7.388990
-7.639466
-9.537346
-7.950365
-9.626654
-8.908119
-9.982098
-9.076567
-10.208546
-8.704423
-10.107819
-9.364520
-10.033223
-8.940191
-10.007979
-10.502981
-10.650985
-10.362959
-9.424107
-10.757443
-9.970200
-9.369300
-9.509859
-10.030543
-9.290015
-10.521296
-8.903307
-9.264418
-9.216696
-10.300838
-9.010694
-9.675044
-8.182580
-9.237808
-9.411028
-9.685222
-8.295689
-7.916598
-9.038650
-8.066992
-8.011594
-7.951149
-6.628419
-8.138539
-6.780261
-6.513236
-7.010468
-5.459484
-6.884418
-5.117981
-6.119718
-5.425337
-4.485601
-5.483177
-4.965676
-5.042650
-4.700779
-3.034772
-2.809841
-3.103047
-1.929952
-2.132837
-1.264743
-1.336236
-1.666046
-0.754501
-0.949819
-0.010156
0.273647
0.058862
