0.639114
1.365756
1.907985
0.700746
1.992166
1.899165
2.641295
2.627232
1.985199
4.003466
4.145659
2.722134
4.526401
3.280540
5.236346
4.850046
4.306013
6.283004
6.167595
4.882285
5.555423
6.071919
7.359212
7.835748
6.473705
6.795890
7.970284
8.191409
7.626188
8.919215
7.331735
8.843874
7.871529
8.448007
9.451463
8.379002
9.459330
8.792786
8.666336
9.170472
10.182197
10.529576
10.119683
9.021545
9.122815
9.908668
9.733136
9.280009
10.913186
9.188539
9.292737
9.363510
9.195479
9.743414
9.225321
9.174298
9.089555
9.671702
8.796116
9.236648
9.124410
9.813597
10.045898
8.165856
8.166108
9.460679
9.312614
8.789963
7.900044
7.537852
8.493437
6.835424
6.642834
7.711063
6.343492
7.747286
7.453627
5.432082
5.648658
4.909799
5.542143
4.914328
5.133648
5.106032
4.950117
4.273150
3.095898
4.393655
4.373248
2.286663
3.465821
1.555990
2.140066
1.195004
1.179233
1.720975
1.355104
1.535837
-0.102415
-0.161407
0.270217
-0.582473
-0.125245
-2.085233
-0.698734
-1.614140
-1.410623
-1.630401
-2.091171
-2.549747
-3.929779
-3.292560
-4.969105
-3.624811
-5.087022
-5.698539
-5.326068
-4.441326
-5.004811
-5.204729
-6.537561
-7.264731
-7.075893
-6.280277
-6.757623
-6.702146
-7.733868
-7.792130
-8.271899
-7.817927
-7.726335
-9.001788
-9.390861
-9.008505
-7.910936
-8.329856
-9.556738
-9.316218
-9.373139
-9.765845
-9.913716
-8.895714
-9.852873
-9.975999
-10.093513
-9.503348
-9.146753
-10.930903
-10.490982
-9.347630
-9.971482
-10.212644
-9.076840
-9.617699
-10.519785
-10.522890
-8.895856
-9.906542
-8.670054
-9.313381
-10.393640
-9.333679
-8.659067
-8.396618
-8.520743
-8.207183
-8.649472
-9.240074
-8.807669
-7.676055
-6.947224
-7.358566
-7.141399
-7.287629
-6.340161
-6.419474
-6.335266
-6.444913
-6.999866
-6.007816
-5.435609
-4.619777
-4.195223
-5.736681
-5.096468
-4.049827
-4.735150
-3.606051
-2.917093
-2.649430
-2.530063
-2.437894
-1.212415
-1.267117
-1.947657
-2.169780
-0.553655
0.140033
0.672892
-0.790013
