0.436548
1.493745
1.160262
0.730737
1.044210
2.439883
2.566245
3.042754
3.501751
2.126636
4.264157
3.819103
4.505277
3.947880
4.989589
5.056236
4.110172
6.261215
4.944750
5.622141
6.137222
6.384634
5.692811
7.279249
7.951209
7.007996
8.166498
8.074294
8.774836
8.919185
7.857192
9.144685
9.477230
8.979146
9.093139
8.613131
9.377227
9.860485
9.718712
10.406518
8.935740
8.812461
9.456641
10.559471
9.097718
10.476610
9.510072
9.854518
10.806479
9.073772
10.890295
10.479240
10.193027
10.910966
9.414022
9.322624
10.216783
10.516084
9.015210
10.346707
9.372996
8.352585
9.178719
9.040531
8.323071
8.977293
8.358435
8.709848
7.621239
7.659977
8.514889
7.355411
7.435844
8.245936
6.919662
6.322120
6.038794
6.604490
5.726170
5.948080
5.961625
5.557400
4.561194
4.143326
5.376771
5.210887
3.688330
2.856437
3.728422
2.931378
3.490944
2.835534
3.041305
1.725902
1.449392
0.658970
1.719778
0.679455
0.273516
-0.193850
-0.886729
-1.425493
-0.380714
-0.702595
-2.075847
-1.853119
-2.311651
-2.801446
-2.084433
-2.153231
-4.066906
-2.887971
-4.811731
-5.054092
-5.407297
-4.248441
-5.199166
-4.793551
-5.417473
-5.608122
-5.651765
-5.914081
-6.171984
-5.925968
-6.325892
-7.862628
-7.075573
-7.825658
-8.860787
-8.546303
-8.158065
-8.777232
-9.356995
-7.901670
-8.450875
-9.133556
-9.972674
-9.397258
-9.070103
-9.022184
-9.261900
-10.185017
-10.363138
-9.638379
-9.270969
-10.284239
-10.027354
-9.705527
-9.541890
-9.988975
-10.300142
-9.078543
-9.776566
-9.253787
-10.817896
-9.004183
-10.099900
-9.676387
-10.130711
-9.082565
-8.590500
-8.672475
-10.048736
-9.052710
-8.175609
-8.408938
-9.448939
-8.385240
-8.929772
-8.424519
-8.762742
-7.728943
-7.095641
-8.027823
-7.593421
-7.788105
-6.143789
-7.116404
-5.446930
-5.194833
-4.947166
-4.551298
-4.416381
-5.362852
-3.866588
-5.047639
-3.395077
-3.242965
-3.057831
-2.710231
-2.031963
-3.079292
-2.496694
-1.910803
-1.595793
-2.157835
-1.249829
0.148720
-1.236439
0.884313
