1.269066
0.886876
1.477944
1.509190
2.146227
1.062080
1.194933
1.853717
2.019366
2.092008
2.424611
3.601769
3.657623
4.605368
5.507670
5.251700
5.321625
4.441660
6.192098
6.307386
5.443669
7.373789
6.239111
6.124238
6.317476
8.147232
7.620595
8.214214
8.877920
9.034527
8.448841
8.133937
8.524937
9.234631
8.614709
9.136118
8.510635
9.391759
10.252173
9.924722
9.966427
10.260508
9.169605
9.388673
10.258531
10.555795
9.873794
9.416149
9.201620
10.026373
9.496092
10.278084
10.786588
9.293315
10.297282
9.733596
10.251615
10.160428
9.301187
8.954069
8.968385
9.566883
9.415330
10.019269
9.496327
7.812789
8.188191
8.731050
8.248853
8.205576
7.912670
7.831644
7.885582
6.602703
6.985031
6.422492
6.900365
5.386320
5.902488
5.239818
6.551631
5.643582
4.984129
5.208825
3.866406
5.049618
4.550426
3.460944
4.211204
3.851348
3.177284
2.874535
1.477723
2.691555
2.049769
1.054315
1.084609
1.167596
-0.391588
-0.186935
0.319598
0.341849
-0.842152
-1.928309
-1.202300
-2.742431
-2.486751
-1.935255
-3.322325
-3.675807
-3.829105
-3.538923
-4.275168
-3.963058
-5.037609
-5.691080
-4.167557
-6.016388
-5.414090
-5.654317
-7.022122
-6.046153
-6.075839
-7.666433
-7.979679
-6.805346
-7.742556
-7.910606
-7.380017
-8.855743
-8.794850
-9.251801
-7.818508
-7.991934
-9.571866
-8.127766
-9.304239
-9.465858
-9.779250
-9.545787
-9.524270
-9.565291
-9.294629
-10.038849
-10.646423
-10.381764
-10.945326
-9.760707
-10.704264
-10.458935
-10.603076
-9.424544
-10.676483
-10.310798
-9.188887
-9.259635
-10.736237
-9.506700
-9.957261
-8.699261
-8.901189
-8.676572
-9.518738
-8.718495
-9.655984
-9.441176
-8.167463
-8.171933
-9.063678
-8.858311
-7.603188
-7.750332
-7.926975
-6.375759
-7.835656
-6.818871
-7.512627
-5.826263
-5.967716
-6.286844
-5.866411
-5.836357
-5.827004
-4.176154
-3.625721
-3.734348
-4.110207
-3.618062
-3.805521
-2.926988
-2.862498
-2.023457
-1.532460
-1.694631
-2.083474
-1.610100
-1.620792
0.071668
-0.332455
0.427825
