0.210934
1.197374
1.837978
0.447202
2.339071
2.029917
2.822373
3.386159
2.485661
2.659814
4.181541
4.476327
4.689762
5.158564
4.293240
4.257998
5.867767
4.929589
5.420386
5.268488
6.754703
5.890044
6.915472
6.414514
6.721753
8.179822
6.622975
8.101139
8.049851
7.946268
7.758194
8.739839
8.897706
8.359149
8.783797
8.728254
9.391916
9.166431
8.433419
9.782356
8.700159
9.026800
9.027325
9.278292
9.788276
10.902954
10.072952
9.171206
10.521714
9.448252
9.548846
10.615613
10.773292
10.090683
9.376370
10.360741
10.226438
8.803618
9.619321
9.400601
8.599314
9.947712
9.430188
8.532223
9.265684
8.850640
7.677805
7.892197
8.889906
7.427518
8.837429
8.458459
6.822930
7.224949
7.750244
6.085794
5.953238
6.839920
7.087052
6.013273
6.212658
4.794721
4.929723
5.085154
3.757060
5.048918
3.875827
3.249616
3.096011
2.775499
3.593825
2.153120
2.598748
1.226288
1.895048
1.431131
0.045378
-0.349717
0.333290
-0.114670
-0.579605
0.244337
-0.454229
-1.003271
-0.995426
-2.263958
-1.318171
-1.730771
-2.155025
-2.307585
-3.749768
-3.397881
-4.392598
-4.017155
-4.389491
-3.819689
-4.178685
-5.650338
-6.273732
-5.879399
-5.490873
-5.466791
-6.180039
-7.664953
-6.445677
-8.253016
-7.866276
-7.439274
-7.344023
-8.700271
-8.863017
-8.611299
-9.096591
-8.223196
-8.596800
-8.474038
-9.014071
-9.836225
-9.541311
-10.056444
-9.130680
-10.655774
-10.371879
-9.344895
-10.000708
-10.873236
-9.650422
-10.683811
-10.702238
-9.042535
-9.334600
-9.835677
-9.558391
-10.841607
-10.351766
-10.379050
-10.457304
-10.264036
-10.183463
-8.732854
-10.402919
-8.443462
-8.622799
-9.260127
-9.754410
-8.751943
-8.639547
-8.745524
-7.759529
-8.405557
-8.859017
-8.332507
-8.028822
-6.975881
-7.949716
-6.001796
-6.483457
-6.874828
-5.992609
-6.064730
-6.563251
-6.148698
-4.375961
-4.884019
-3.589926
-3.342375
-3.629740
-3.817102
-2.732119
-2.893834
-2.354209
-2.448811
-2.311385
-2.489383
-0.674148
-1.929475
-1.441361
-0.155354
-0.608250
-0.771706
