0.553188
0.558390
0.846437
1.037801
0.734882
2.071143
1.934735
3.110182
2.506542
3.760535
3.937693
3.721645
3.293293
5.009117
4.233166
5.281179
4.827484
6.219399
5.221758
6.335957
6.932974
6.642277
6.041339
6.305076
8.049840
8.001017
8.389531
6.959763
8.459875
7.924961
8.137132
7.587881
8.687805
7.965351
8.257549
9.570460
8.522084
9.340592
8.530497
9.225236
9.357575
10.523605
10.056144
10.032904
9.811982
9.665181
9.546750
10.428780
9.050043
9.803543
10.278023
9.532287
9.026525
10.178693
9.539545
10.420136
9.152281
9.474252
10.469123
9.562836
9.423175
9.517233
9.548524
8.088203
9.403684
9.610711
8.036615
8.700388
8.202564
9.079073
7.951887
7.228343
6.945560
6.752224
6.746698
6.149351
6.682548
6.634106
6.299593
6.235281
6.101301
4.416067
5.699783
3.924307
4.110853
4.934960
4.371603
2.991642
2.549457
2.559381
3.466325
3.369697
2.421664
1.381421
0.652306
1.053242
1.386685
1.218869
1.229642
-0.774643
-0.433937
-0.789298
-1.853761
-0.958638
-0.580285
-2.062793
-1.729197
-2.317763
-2.666727
-2.133185
-2.506584
-3.136514
-4.076364
-3.304612
-5.424189
-5.603551
-6.007792
-5.205783
-5.115992
-5.492143
-7.127964
-6.709877
-6.036798
-6.622703
-6.079821
-6.837943
-6.946796
-8.091481
-8.541106
-7.605913
-9.015012
-8.555661
-9.574923
-9.584142
-8.253811
-9.530652
-9.727659
-9.297027
-10.028870
-10.179271
-10.391214
-10.609721
-9.418587
-9.670193
-10.333394
-9.352869
-10.730089
-10.674988
-9.203484
-9.419183
-10.107541
-9.526601
-10.569974
-10.872503
-9.088195
-9.756403
-9.453887
-10.423424
-9.551787
-8.981751
-8.608853
-9.230500
-8.877321
-9.363740
-9.297493
-9.562821
-8.779699
-8.457705
-8.163369
-7.804261
-7.215054
-7.635645
-7.831626
-7.707279
-8.024677
-7.540678
-6.232975
-7.345039
-5.245806
-6.641169
-5.652789
-4.968422
-4.095298
-4.261354
-4.543571
-5.178315
-4.782178
-3.647472
-3.020468
-2.750367
-3.160695
-2.215712
-2.257143
-2.205829
-1.669304
-1.532207
-1.320901
-0.295241
-0.447452
0.723305
