-0.275459
0.779556
1.082833
0.430970
0.997739
2.575813
2.196254
3.480993
3.122451
2.614548
4.185929
3.325636
4.022461
4.525766
4.943846
4.769979
5.311971
6.190856
5.398156
6.453423
5.478144
6.201180
5.693577
6.138399
6.681179
6.323330
6.521874
7.312148
7.489269
7.485491
8.470850
8.757891
8.576075
8.445899
9.481508
8.290000
8.592498
8.621150
8.994177
10.007983
9.281884
10.639092
9.183130
10.666111
10.734297
9.992831
8.988922
9.892683
9.613696
9.622309
9.728914
10.867739
10.890709
10.666539
10.776320
8.868510
10.368254
9.500029
9.440912
9.429116
10.346582
9.588839
9.760153
9.813201
8.438382
9.019711
9.124953
8.165682
7.974811
8.494196
7.910844
8.168639
7.323481
7.105798
7.792452
7.438037
7.426117
7.006162
5.318121
6.283558
6.283618
5.252138
4.780837
4.605677
4.848376
5.019849
3.833082
2.815181
2.697004
2.397759
3.079629
2.443211
2.045761
1.838239
1.538350
1.621764
1.373040
1.534251
1.187905
-0.628884
0.279976
-0.780657
-1.716042
-1.718301
-2.444058
-0.947264
-1.232620
-2.171755
-3.259593
-3.048598
-4.332368
-4.483242
-3.486781
-3.412492
-5.317043
-5.798743
-4.587672
-5.773583
-6.353318
-5.790124
-5.875392
-6.475681
-7.297668
-6.198480
-7.422629
-7.129420
-7.944108
-7.367548
-7.673749
-8.397876
-8.865505
-9.119650
-8.763979
-8.803925
-8.715674
-8.150060
-8.502982
-8.608805
-9.685503
-8.717394
-9.725235
-9.048410
-8.848869
-9.432557
-9.341380
-9.636372
-10.886200
-9.571768
-10.796143
-10.835145
-9.233147
-9.466795
-10.900929
-9.437157
-9.244293
-9.798694
-10.682288
-8.701922
-9.606762
-9.605823
-9.466259
-9.009832
-9.849652
-9.641166
-9.626181
-9.017519
-9.145329
-7.781591
-7.520732
-8.584706
-8.508873
-8.049507
-8.085090
-7.714529
-6.614167
-6.563428
-6.428626
-6.974649
-6.082231
-5.152070
-5.659452
-5.752290
-4.232727
-4.055337
-4.660716
-3.911326
-2.974823
-4.256209
-3.745394
-3.138796
-2.140017
-1.548738
-2.117175
-1.164794
-2.112996
-2.139685
-1.323132
-0.165037
0.349616
0.133540
