-0.095606
1.228509
0.294676
0.656195
2.055211
2.407822
1.815765
2.671328
1.807974
2.515022
3.730947
2.734404
4.388087
4.119785
3.623259
5.498087
5.632434
4.992453
5.327653
4.975217
6.634848
5.877068
7.410601
6.907613
6.269170
7.364869
7.567709
7.359650
7.430704
7.405966
8.302537
8.911392
7.905608
8.802899
9.742336
10.032185
8.631754
8.518566
8.623648
10.037112
9.063046
10.126369
9.603191
9.544904
10.181124
9.615901
10.603982
9.723469
9.091140
9.009832
9.317815
10.922348
9.889094
10.492986
10.241930
9.658350
10.687483
8.716530
10.129650
9.472156
9.393979
10.062562
8.920248
8.699230
9.270883
8.813609
8.992568
8.690288
8.752267
8.020773
7.314576
7.831495
7.699767
6.835436
6.806956
7.838352
5.851001
6.889158
6.216438
6.257746
6.169162
4.994714
4.608565
4.327856
4.194649
4.321919
3.207093
4.614399
3.699436
3.365390
1.868708
1.739314
1.551056
1.193622
1.001470
1.331750
1.135273
0.657473
0.996390
0.405107
-0.408592
-0.202225
-0.410819
-0.555427
-1.608393
-1.642289
-1.527695
-2.547919
-2.268775
-3.545166
-2.677276
-3.783469
-4.111875
-3.559038
-5.077199
-5.379458
-4.526659
-5.423016
-6.084161
-5.023136
-5.990573
-7.150117
-5.720576
-7.632479
-6.581319
-7.155162
-8.312354
-8.412497
-8.472924
-9.047625
-7.628051
-8.610332
-7.901038
-8.942764
-8.207629
-8.897819
-8.754703
-9.735777
-9.893779
-10.359447
-9.855560
-10.567344
-9.037994
-9.301966
-9.449324
-9.821329
-10.048462
-9.005536
-10.253964
-10.510463
-9.947254
-9.055181
-9.801182
-10.587670
-10.805365
-8.913230
-10.032816
-10.324707
-9.934645
-10.439702
-9.758686
-10.147373
-8.759334
-9.510211
-8.580535
-8.050694
-8.646993
-8.565439
-7.703206
-7.115964
-7.916914
-7.042039
-6.680924
-7.891653
-6.706403
-7.323680
-6.703792
-6.942940
-5.304385
-5.070596
-5.220132
-5.351028
-5.630781
-4.987874
-3.686453
-4.420594
-4.911897
-2.737560
-2.682528
-2.147826
-3.223446
-3.125858
-2.097237
-1.030587
-1.811754
-1.993759
-0.313722
-0.562780
0.048978
0.186944
