0.596894
1.195191
0.690650
0.666589
1.659490
1.673581
2.893682
1.488001
3.532329
2.735334
3.331969
4.099907
3.044203
4.445325
4.944669
4.738527
4.696960
4.708990
5.169518
5.923868
6.090659
5.659080
5.862802
6.526053
6.356777
7.510539
6.668223
8.110565
7.154277
8.322415
7.856442
7.694573
7.939062
8.583607
9.168423
9.330896
8.787991
8.588334
9.206698
9.549166
9.773509
9.953910
8.900144
9.776809
10.509170
9.009163
9.561432
10.272082
10.148907
10.470439
10.461989
9.124003
10.388809
10.434248
8.878064
8.831902
9.323108
9.435003
10.364712
8.739909
8.839321
9.732066
9.793094
9.038420
8.518537
8.489007
8.149238
9.368336
7.704602
8.666532
6.952602
8.408401
8.376538
7.403702
7.917154
7.540912
6.951855
5.523908
6.994620
5.965346
4.665021
4.367127
4.144860
5.177489
5.178882
4.346568
4.240347
4.423573
2.658176
2.110546
3.171307
1.533504
1.944501
2.256284
1.711429
1.521288
0.752112
-0.199365
0.031677
-0.034270
-1.264209
-1.022581
-1.927410
-0.538506
-1.707925
-2.094575
-2.797281
-2.397408
-2.272102
-3.408377
-3.775521
-4.216218
-3.121861
-4.796378
-4.760004
-5.800938
-4.231640
-4.930045
-5.151252
-5.094025
-5.559177
-6.119419
-6.081827
-7.509411
-7.185844
-6.620629
-6.986479
-7.038678
-8.526816
-7.366085
-7.798155
-9.258009
-8.017827
-7.992912
-9.889289
-8.868213
-9.806234
-8.652873
-8.733162
-10.187068
-8.735045
-10.002981
-10.538543
-9.823734
-10.598131
-10.725224
-9.371814
-10.892007
-10.482912
-9.327810
-10.521731
-9.546722
-10.646109
-10.821922
-9.827389
-9.665545
-9.051776
-10.385213
-9.942437
-10.338442
-10.028145
-9.820794
-9.718108
-9.505406
-8.932320
-9.756856
-8.365502
-8.445105
-8.760779
-7.475437
-8.524806
-7.770996
-7.991793
-7.922811
-7.918766
-6.137544
-7.028865
-5.876534
-5.138118
-6.084166
-4.910277
-5.271401
-5.951163
-5.600902
-4.261864
-4.383234
-4.934307
-3.872234
-4.006325
-3.617276
-3.717801
-2.611552
-2.304717
-1.964919
-0.627164
-1.067473
-1.540363
-0.895147
0.683892
-0.071175
