0.927149
1.584695
1.007764
1.387730
1.011689
1.218562
1.347402
2.118314
2.203804
2.988664
4.280674
3.565540
4.051540
3.694595
4.792850
4.119988
4.267595
5.787363
5.910326
6.690906
5.390958
5.873983
7.528699
7.722703
6.271711
7.013545
6.611332
7.421757
7.767412
8.636505
8.455561
8.082560
9.189761
8.732614
8.766411
9.155950
8.790993
8.650256
8.676253
9.109702
9.134238
8.893850
8.791923
9.665221
10.365282
9.726068
10.461867
10.708999
10.763945
9.513834
9.606546
10.662157
10.457046
10.506358
10.078331
10.192582
9.990107
9.109929
9.383882
9.224261
9.080115
9.101272
9.967437
8.242220
8.072118
8.947898
9.273970
8.980149
7.342319
8.887693
8.615839
7.953820
7.953193
7.150091
6.503508
7.293734
7.282510
5.783874
6.525584
5.110333
5.426011
5.464969
4.592674
5.621243
4.481694
4.843695
3.269561
3.026487
2.502629
2.455248
3.426868
1.567497
1.233584
1.975365
1.029684
0.754081
0.702947
0.103303
1.228164
-0.687887
-0.245538
0.047187
-0.139259
-1.720978
-1.223962
-1.360909
-1.920202
-2.262109
-3.618857
-3.432098
-4.367722
-3.822986
-4.881696
-4.813900
-4.638246
-5.221199
-4.477968
-5.714788
-6.068454
-6.129610
-6.425108
-6.716455
-6.824586
-7.689317
-7.495219
-6.885647
-8.377314
-6.892098
-7.683790
-7.931552
-9.240185
-8.647985
-8.533510
-8.373093
-8.983595
-8.427075
-9.780166
-9.624650
-9.581085
-9.755470
-9.554539
-10.076163
-10.262891
-9.827509
-9.783601
-9.782304
-10.676280
-10.919631
-9.700045
-9.058406
-9.182431
-10.289854
-10.654952
-9.221583
-10.739300
-8.944277
-10.393604
-9.211458
-8.808048
-9.766908
-10.136418
-8.730884
-9.268675
-8.627782
-9.770328
-9.268669
-8.438432
-7.543441
-8.972422
-9.049564
-8.529536
-7.292511
-7.421827
-6.878470
-7.422200
-6.661843
-6.475925
-6.997612
-5.239364
-6.615547
-5.581480
-5.462092
-5.415198
-3.819102
-4.912192
-4.698348
-3.238740
-3.583423
-3.853139
-2.921977
-2.273008
-3.137393
-2.941420
-2.654005
-1.830397
-1.840106
-0.061383
0.326394
0.487774
0.128979
