0.036871
0.971676
1.141719
1.850964
2.095423
1.432166
3.171067
1.692924
2.512016
2.124263
4.141496
3.389936
4.652863
5.219712
4.469170
5.442467
5.598365
5.340615
5.899488
6.246092
5.456422
6.629155
6.448970
7.479810
6.652586
8.144562
7.644559
7.060903
6.935134
7.362797
8.891700
8.337676
9.130811
9.116603
9.021046
9.693240
8.991090
8.503057
9.725638
10.265346
8.603720
8.735131
8.833953
9.478534
10.018458
10.083226
9.461552
9.157992
10.359554
9.101981
10.760312
10.888186
9.010714
10.386586
10.093666
9.981115
8.779709
9.438890
9.322758
10.107025
8.591523
8.476175
9.233159
8.554582
9.886596
7.951308
8.672824
8.507103
7.972680
7.798709
8.765735
8.373724
7.696890
7.281373
6.746582
6.534802
6.832460
6.937554
6.047849
6.739904
5.259640
6.275825
4.975121
4.020876
5.437190
5.211355
3.992822
4.657461
3.700713
3.536171
3.149354
2.779323
2.055745
2.793593
2.086201
0.856710
0.199246
1.103030
-0.504847
0.814190
-0.616991
-1.215085
-1.497390
-0.959122
-2.357405
-1.547503
-1.647275
-2.616226
-3.745252
-3.296861
-3.488848
-3.687821
-3.960843
-3.663678
-4.807343
-5.496887
-4.274157
-5.897407
-4.710049
-6.686409
-6.721822
-7.110028
-6.390175
-6.754922
-7.526059
-6.836267
-6.600582
-8.507059
-8.170759
-7.649966
-8.378696
-8.867575
-8.484990
-8.368012
-8.615584
-9.626018
-10.116796
-8.666755
-8.737060
-10.001275
-8.829065
-10.612671
-10.125042
-10.251639
-9.865483
-9.332968
-10.514375
-9.430767
-9.246554
-9.146363
-8.997433
-9.419147
-10.347962
-10.430591
-10.627484
-9.011620
-10.666636
-9.247008
-8.670118
-8.704039
-9.788898
-9.060885
-8.367118
-9.160169
-8.360661
-8.400093
-8.816215
-7.478278
-8.846611
-8.132444
-7.960035
-8.027161
-6.720379
-7.547048
-7.884186
-7.409364
-5.999436
-6.824964
-5.447340
-5.353918
-5.122311
-6.040124
-5.346897
-5.118062
-4.817028
-5.195198
-3.529285
-3.678135
-3.810643
-3.940265
-3.767536
-2.726547
-1.904752
-1.273048
-1.269594
-1.359096
-1.126880
-0.972444
-0.429631
0.426367
