-0.292362
0.727645
0.152737
1.178833
2.209430
1.157691
3.123214
2.423959
2.887299
2.668979
3.911316
4.103871
3.808466
3.952818
5.531409
3.857022
5.775324
6.025411
6.344401
5.468767
6.679028
5.564641
7.081363
6.053680
7.941554
6.806311
7.720054
8.126611
8.234955
8.913995
7.968047
8.507099
8.766539
9.233542
8.751132
9.591837
9.588519
8.829294
8.779897
9.095851
10.303203
9.420953
10.114303
8.851910
10.170352
10.749075
10.495406
9.232499
9.512673
9.966169
9.785249
9.413022
10.604446
10.716814
10.393482
10.005254
10.577895
9.262272
9.974360
10.480450
10.192637
8.821115
9.071029
8.934485
8.849630
9.060798
7.772683
8.724506
7.338097
7.388343
7.819579
7.014682
8.322121
8.017897
6.885182
7.200511
7.066740
6.855094
5.349587
5.754572
6.553014
5.394546
4.842503
5.691337
5.125977
5.108548
3.113411
4.187897
3.977824
4.010027
3.524684
2.144301
2.946054
2.482787
2.504848
0.713183
1.522113
0.101790
0.427814
-0.613314
0.020180
-1.007719
-1.233305
-0.550254
-0.609280
-1.925035
-2.850474
-3.174711
-1.807397
-3.273072
-2.661322
-3.200171
-4.592647
-4.708227
-4.887510
-5.454639
-4.692314
-5.188313
-5.523252
-5.483467
-6.405671
-7.281292
-6.805255
-6.702860
-7.568114
-8.096226
-7.224801
-7.337864
-7.962263
-8.004288
-7.373500
-8.736176
-9.134108
-9.335225
-9.739009
-9.319220
-8.673562
-9.143383
-9.793415
-10.238382
-9.253184
-9.608336
-9.787494
-10.414430
-10.289371
-9.690217
-9.846113
-10.023220
-10.792215
-9.951997
-9.561254
-9.136690
-10.110450
-9.260464
-9.036092
-10.396885
-9.884994
-10.604291
-9.829890
-9.031058
-8.824981
-8.805248
-10.007644
-8.141106
-9.033051
-7.925804
-8.508045
-7.943181
-8.049214
-7.832625
-6.988747
-7.993586
-7.305563
-7.357708
-7.436610
-7.227793
-5.909986
-5.760754
-5.738749
-5.052188
-4.905747
-6.034891
-4.099589
-4.281544
-4.023153
-4.693462
-4.257779
-3.546520
-4.250301
-3.478782
-3.003173
-2.587109
-3.060453
-2.286224
-1.628391
-1.302397
-0.306081
-0.981436
0.395706
0.993009
