-0.348034
0.150512
0.552511
1.840202
1.052375
1.671213
1.913969
3.029976
3.409654
3.710686
3.342930
4.522002
3.096847
3.447549
5.116037
5.426432
4.170691
4.843139
5.117352
5.436589
6.647171
5.494276
6.125843
6.279289
7.046950
6.712474
6.917949
8.415979
7.606366
8.978392
7.286988
9.425942
8.852320
8.642021
8.803786
8.102456
8.213633
9.344192
9.030615
9.660728
8.839226
10.337054
10.416214
10.396972
9.636418
10.439753
9.685718
9.303055
10.464812
10.182843
10.755083
9.352260
9.630628
10.257732
9.284334
9.025579
10.315864
9.970606
10.327350
8.923674
8.502202
9.516247
8.441338
9.517741
8.238554
8.066299
8.806598
8.975713
8.562395
9.062061
7.885153
7.777064
7.333136
8.027476
6.984511
7.277280
5.895797
6.019327
5.253922
5.746613
5.696536
4.923554
5.501287
5.054310
4.108965
3.790538
4.507776
4.371466
2.708407
2.665420
3.540226
1.780793
1.827609
2.730740
1.580783
1.139289
0.802065
1.064753
0.712914
-0.334918
0.504749
-1.026312
-0.807085
-1.575205
-1.724004
-1.910216
-1.763021
-2.807562
-2.603031
-3.987078
-3.495290
-4.057344
-3.039523
-3.483059
-4.003336
-5.369636
-4.999337
-5.583832
-6.572607
-6.031074
-6.243640
-6.143370
-5.677175
-5.942919
-6.190268
-7.322960
-7.430802
-7.363270
-7.923438
-7.945533
-8.849237
-8.832849
-7.699662
-9.642560
-8.835457
-9.203603
-9.591315
-9.138175
-8.730490
-9.377899
-10.455974
-8.755355
-10.419142
-10.819437
-8.995456
-10.047770
-10.778780
-10.688897
-9.234470
-9.944067
-9.730602
-10.416818
-10.243972
-10.382266
-10.815265
-8.947525
-9.676803
-8.943479
-9.545725
-9.713484
-9.436413
-9.630636
-9.208025
-8.162194
-8.170966
-9.197939
-9.025611
-7.816816
-8.823113
-8.212096
-6.920401
-8.429614
-8.409045
-7.155665
-6.857555
-6.989895
-5.952179
-6.492138
-5.218732
-5.662743
-5.584128
-5.859726
-4.685653
-5.197605
-4.609582
-5.156174
-4.667428
-3.330716
-3.519352
-3.392891
-2.304129
-2.168410
-3.172621
-2.390282
-1.569119
-1.916891
-1.564019
-0.461123
0.359542
-0.546823
