0.067630
0.243880
1.596088
0.390753
0.713531
2.038094
1.559669
1.905036
2.465808
3.570161
3.043455
2.709668
3.627929
4.173216
4.308539
4.223552
5.666093
5.545064
5.572600
6.599288
6.493644
6.690913
6.954972
7.123637
7.638849
6.372632
7.006127
8.119343
7.118028
7.262264
8.324535
8.358244
8.036317
9.559665
8.055997
8.913443
8.513204
8.445069
9.401901
8.821194
9.524135
10.553550
9.350900
9.418609
9.983419
9.280149
10.016466
9.236527
10.640288
9.044260
9.846666
9.196003
9.437574
10.345605
10.867650
10.028614
9.669166
10.579259
9.218053
10.228326
9.763709
10.205286
9.490329
9.717794
9.807568
8.960249
9.257053
9.183362
8.441710
8.664117
8.139221
7.195003
8.331132
7.733289
7.767116
6.691749
5.704944
5.438678
5.565605
6.079488
4.731728
4.551013
4.542320
3.862928
5.261043
3.893850
4.672607
4.300908
3.634372
3.983352
2.792806
3.134295
2.897502
0.925906
1.384467
0.331616
1.685324
0.043475
0.351227
0.510602
-0.906865
-0.199529
-1.064968
-1.859164
-1.611941
-1.081896
-2.455514
-2.784569
-1.998962
-3.800966
-4.177571
-2.739235
-4.850754
-5.180576
-5.094707
-4.892628
-6.003028
-5.605334
-4.855472
-6.216029
-6.282653
-6.683501
-6.467535
-7.254569
-7.888043
-7.038956
-8.216946
-6.905088
-8.225868
-7.606598
-8.037792
-7.812494
-7.609861
-8.595296
-8.817107
-9.065952
-8.194104
-8.800183
-9.984786
-10.253856
-10.205835
-9.197412
-9.056302
-9.808109
-9.789634
-8.977417
-9.666881
-10.836449
-10.325887
-9.944352
-9.327765
-9.740116
-10.079244
-9.658453
-10.451492
-10.142489
-8.876851
-9.740749
-8.657998
-9.933049
-8.755871
-10.143213
-8.782073
-9.624622
-8.187050
-9.165415
-7.936017
-9.236174
-8.138723
-7.438401
-7.877770
-6.884717
-7.899264
-8.255071
-6.174604
-7.586061
-6.818587
-6.975706
-6.108288
-5.576052
-5.121423
-4.462884
-5.972454
-3.929561
-4.757887
-3.438980
-3.383404
-2.688717
-4.357005
-3.849076
-2.637696
-2.925171
-2.582552
-2.189636
-2.292005
-0.846991
-1.044840
-0.984694
0.058371
-0.352795
