0.382805
1.116149
0.678863
0.676816
2.303253
1.247190
2.777165
1.903516
3.202247
2.417473
3.089011
4.165062
3.813602
4.749209
4.047808
4.880804
5.318688
4.992695
6.018391
5.849452
6.066831
6.854309
5.880159
7.504776
7.073725
7.716574
7.374663
7.928184
8.257011
8.388005
7.425751
7.980900
9.568974
9.374036
9.179035
9.465176
8.376902
9.434926
9.963567
9.794741
9.488552
9.871460
9.162989
9.129993
10.526508
9.675158
10.165944
10.893624
10.558543
9.596067
9.662276
10.338671
10.514890
9.335512
10.399834
9.596699
10.258792
9.608222
9.161434
8.672318
9.243258
9.785628
9.730823
9.324569
8.080041
8.554614
7.910130
9.250051
8.195649
7.644809
8.770229
7.491094
8.042788
7.213475
7.078439
6.948855
6.033814
6.538126
6.947726
6.387638
5.665695
5.521459
4.223376
5.600234
4.651304
4.256578
3.392735
4.639294
3.798508
3.660191
2.935029
2.110889
1.754286
1.143236
0.801314
1.177618
1.891621
-0.017471
1.006104
-0.858579
-1.159777
-1.213827
-1.375277
-1.955797
-2.047727
-1.961387
-2.023585
-2.699422
-2.955287
-2.674931
-2.764784
-3.339498
-3.613535
-4.529687
-5.455020
-4.169419
-4.222832
-4.894042
-5.868959
-6.050161
-6.974015
-6.687650
-6.181216
-6.540613
-6.076557
-6.664270
-6.511031
-7.999139
-7.861212
-7.479396
-8.922621
-9.342190
-8.880529
-8.717143
-9.896558
-9.967805
-9.645149
-9.313168
-9.950756
-9.844411
-9.712271
-9.542578
-10.520809
-10.696155
-9.826342
-10.468618
-10.944074
-9.795149
-10.534762
-10.962007
-9.025388
-9.291054
-10.523443
-9.341502
-10.613017
-10.720183
-8.962050
-10.406651
-9.149431
-9.829672
-9.709258
-10.111796
-9.605054
-9.154069
-8.700355
-8.679882
-9.554702
-7.901011
-7.886505
-7.199751
-8.000008
-8.375871
-7.085502
-7.713959
-7.430458
-6.254113
-6.894721
-7.240352
-5.306886
-6.714598
-5.665146
-4.377139
-4.225290
-4.924172
-3.666533
-4.337889
-4.512791
-2.843141
-2.832844
-3.301699
-2.173933
-2.765390
-1.888799
-2.032658
-1.864758
-0.550943
-0.979696
-0.983877
-0.407696
-0.869929
