-0.227365
1.443304
0.055834
1.767495
1.050448
2.299736
2.778158
3.153260
3.688245
3.283243
3.325471
4.513729
4.352967
4.429723
4.762019
5.348898
4.993218
4.383347
5.618556
5.684922
6.899664
5.523698
5.879006
6.144403
7.257149
8.073980
7.408817
7.817220
7.151552
7.132436
8.586392
9.182468
8.229308
8.231168
8.888789
9.005166
10.141294
9.825745
9.794801
10.365274
8.712755
8.968479
9.475181
9.243638
9.719475
10.381738
9.095128
10.088864
10.382992
9.632079
10.023557
10.577408
9.680239
10.364564
9.275156
10.314818
9.998363
10.046334
9.925022
8.782651
8.737274
8.722691
8.808984
8.595431
9.303566
9.120294
8.477225
7.803353
7.691231
7.797694
8.163996
7.174265
8.355174
8.161760
6.768825
5.849127
6.833480
6.796118
6.429139
5.834870
5.178916
5.294960
4.359698
5.593044
4.176587
4.759910
3.658781
4.242765
2.551202
2.448524
2.107861
2.483705
3.118606
1.641584
1.729190
1.602617
1.442577
0.363583
1.021996
0.915034
-0.026980
-1.192768
-0.954653
-0.840037
-1.293471
-2.319609
-2.297878
-3.465423
-1.837377
-3.278649
-3.547472
-3.353960
-4.748715
-4.889193
-3.973863
-3.910549
-5.139171
-5.962849
-4.798258
-6.729508
-6.461419
-7.183299
-7.577626
-6.315373
-6.652910
-6.680676
-7.685324
-7.768901
-7.919871
-8.976355
-7.283381
-8.766993
-9.317301
-9.098191
-9.490870
-8.810846
-9.395419
-8.404413
-8.729724
-10.160047
-10.081941
-10.393484
-10.584662
-8.954749
-9.692073
-9.578328
-10.629502
-9.446881
-9.719933
-10.692905
-9.963640
-9.426467
-10.327061
-9.478535
-9.302294
-8.963798
-9.355513
-9.922238
-10.378488
-8.642205
-9.427965
-9.835338
-8.923456
-9.662441
-7.918825
-8.606053
-9.387015
-8.161155
-8.957660
-7.506442
-8.480402
-8.638397
-6.518402
-8.055666
-7.408742
-6.778386
-6.133669
-6.347941
-5.951967
-6.734558
-6.423062
-6.146252
-5.778120
-5.130903
-4.244506
-3.676848
-3.394991
-2.922663
-3.765089
-3.968419
-2.825848
-1.609578
-2.680676
-1.036716
-0.924458
-0.497291
-0.277884
-0.766753
-0.347039
-0.427241
