1.244202
1.250358
0.810411
1.841777
2.232530
2.107818
3.133320
3.405600
3.659222
2.625073
3.809503
3.089600
3.612142
4.432637
4.277789
5.045837
5.393075
5.659294
6.609962
6.640162
5.253345
6.241156
7.294644
6.254737
6.664020
7.334917
7.377259
8.431832
8.199501
8.467748
8.553353
8.158567
8.035890
9.055140
8.706731
10.027980
8.483051
8.770169
10.375920
9.904195
9.131574
10.230604
9.217194
9.894741
10.848489
10.624058
9.068867
10.255056
9.788849
9.693813
8.997619
10.202676
9.271802
10.318162
9.726025
9.064448
9.669564
9.314211
9.669149
8.753317
9.787938
9.666975
9.802152
8.210814
8.105953
8.397278
8.925286
8.447285
8.140163
8.743596
7.852605
8.451100
6.741830
7.684883
7.146997
6.225864
6.155593
6.823691
6.867642
6.593159
5.060136
6.061664
5.247918
4.685235
3.934313
4.944430
3.477967
4.609298
4.355677
3.844255
2.811812
1.501471
2.194704
1.015399
1.387548
1.246135
0.713680
1.289187
-0.220471
0.167283
0.599417
-0.618784
-1.306907
-1.120137
-2.512778
-1.444613
-2.183418
-3.380271
-3.666538
-3.621377
-4.301108
-3.229551
-2.979617
-3.983382
-4.062561
-5.383498
-4.144935
-5.417375
-5.815084
-5.394676
-6.294166
-7.083702
-6.403311
-6.243645
-7.357704
-7.417110
-8.157058
-7.207860
-7.342564
-8.985730
-8.710225
-8.339251
-8.645906
-9.438626
-8.881917
-10.026968
-8.627367
-8.391878
-9.202301
-10.017171
-9.391388
-9.584585
-9.033925
-10.381376
-9.780525
-9.526920
-10.837305
-10.453622
-9.468639
-10.333008
-10.477803
-10.946587
-10.588811
-10.092036
-10.596417
-9.362444
-9.546502
-10.185408
-8.951686
-9.173903
-8.757356
-9.120656
-8.311055
-8.230471
-8.121872
-9.000481
-8.227700
-9.388926
-8.073625
-8.477061
-7.478718
-8.036696
-8.059487
-7.954656
-6.866990
-6.342138
-6.080977
-7.082663
-6.614040
-5.585274
-5.987110
-4.679653
-4.799807
-5.463744
-3.725943
-4.397587
-3.689786
-3.276753
-3.410297
-3.040702
-2.146440
-2.980674
-2.682385
-1.814913
-1.766417
-1.627628
-1.157904
0.352440
-0.645283
-0.866846
