-0.494380
1.068154
1.392361
0.774438
0.723261
1.957210
2.610365
2.231461
2.754958
3.801665
3.472225
3.454546
3.611263
4.021333
4.477197
4.322820
5.085059
5.926769
6.589851
6.063941
5.226662
6.697827
6.521728
7.211176
7.627211
7.468897
8.484304
6.913900
8.233943
8.831819
8.492298
9.240160
8.868088
8.197805
8.092583
9.219477
9.193396
9.232180
8.949934
9.790533
9.664213
9.599153
8.972134
10.177361
8.877649
8.922652
10.356053
9.772096
10.015023
9.066116
10.491888
10.520745
10.383305
10.194165
10.123059
10.671668
9.466433
9.700677
10.194053
10.455522
9.832739
9.986981
9.029616
9.352456
9.345154
9.732932
9.000300
7.786530
7.645622
7.304702
7.455716
8.471391
7.757126
7.349209
6.323487
7.056860
6.631475
6.913119
5.857795
6.069315
5.390255
5.188720
4.586210
5.450792
4.010941
3.423543
2.984842
4.427226
3.328838
2.165597
1.815353
2.347831
2.972187
1.034832
1.596588
2.245318
1.820183
1.249494
-0.423302
0.233997
0.120735
-0.502743
-1.582581
-1.683149
-1.465404
-2.097482
-2.246144
-1.674295
-3.096095
-3.104255
-2.680577
-4.368496
-3.752624
-3.558067
-5.277460
-4.279881
-4.358898
-4.816210
-6.446067
-5.904021
-6.660013
-7.117232
-5.779267
-6.976945
-6.692349
-7.848295
-6.619093
-7.750491
-7.694796
-8.585998
-8.208013
-9.077539
-8.470305
-9.697350
-8.110474
-9.067487
-8.186709
-8.700713
-9.452682
-9.511321
-8.665868
-9.490955
-9.609527
-9.419572
-9.125514
-10.468670
-10.391859
-10.850014
-9.660385
-10.135633
-10.994620
-9.994281
-10.449751
-9.316316
-10.388365
-10.603749
-10.159348
-9.282554
-10.407052
-10.225646
-8.753385
-10.265622
-9.709659
-8.796010
-8.257634
-8.586781
-9.211082
-8.022943
-7.858277
-7.959185
-8.544665
-7.347149
-7.305168
-7.958592
-6.311955
-6.965144
-5.896122
-6.648549
-6.136201
-5.354488
-5.698077
-6.284664
-4.359214
-5.065879
-4.438827
-4.221201
-4.398094
-4.375947
-3.108251
-2.274207
-1.839252
-2.852888
-2.103899
-1.689662
-0.809987
-2.112336
-1.797226
-1.585988
-1.270002
-0.036595
