0.163985
0.672453
1.506118
0.268111
2.472385
2.049181
2.678473
3.026780
2.745038
2.724183
3.833647
3.519286
3.514437
3.377527
5.382357
4.809554
5.153623
5.885853
5.182288
6.151709
6.992184
6.917517
7.047933
7.478766
6.636023
8.064530
7.681255
7.304718
7.089013
7.284935
8.066930
8.133833
8.042330
9.112060
8.610522
8.201234
9.213231
10.029678
9.292892
9.962513
9.763658
9.117546
9.013119
9.948032
10.226530
10.354539
10.154965
9.484365
10.879884
10.722555
10.363001
9.575559
9.435494
10.511399
9.455799
10.434655
9.932474
9.264639
9.597775
10.365224
8.530703
9.393600
8.622604
8.856463
8.435710
7.793797
9.002947
8.620387
7.853931
8.561516
7.036180
8.091876
7.944969
7.506239
6.312067
5.900347
7.176043
6.816217
6.850884
6.197841
5.278690
4.843646
5.292673
5.159513
4.976195
3.819450
3.956646
3.740217
3.853482
3.345169
3.152639
2.319616
1.554293
2.392613
2.109541
2.244613
1.263105
0.323199
1.071532
0.137073
-0.045468
-0.196763
-1.038741
-1.392652
-0.638566
-2.010363
-2.596484
-2.601509
-2.476949
-2.972444
-4.129738
-4.468450
-4.934445
-4.186660
-5.026538
-4.057509
-5.657495
-4.424862
-5.208685
-5.275210
-6.626812
-7.328935
-5.790422
-6.230415
-8.022864
-6.380047
-6.947761
-8.182517
-7.288738
-8.353347
-8.369176
-7.994186
-9.118990
-9.416305
-8.657446
-8.066052
-9.931768
-8.955462
-9.703898
-8.737126
-10.309910
-9.335170
-9.542994
-9.762883
-9.498601
-10.892051
-9.964975
-10.041655
-10.989941
-9.795871
-9.636361
-9.568678
-9.571106
-10.874952
-10.645671
-10.364028
-10.483082
-9.261774
-9.945555
-9.562522
-10.177681
-9.421657
-8.220881
-8.463916
-8.072958
-8.306970
-8.851180
-8.538501
-7.513122
-8.801279
-7.482587
-7.708897
-7.391512
-7.779396
-7.194661
-5.907378
-6.925502
-6.697166
-5.426480
-6.248517
-5.877737
-5.922113
-4.941635
-4.022374
-4.821843
-4.235406
-3.324611
-4.476309
-2.729577
-2.218455
-1.898038
-2.289034
-1.592622
-0.914405
-1.183650
-1.822845
0.005910
-0.822670
0.160505
0.331599
