0.465902
-0.130063
1.698544
1.851581
1.173739
1.649756
2.574481
1.767009
1.843284
2.927463
4.111229
4.220880
4.105638
3.745649
5.165641
5.206254
5.182618
5.446606
6.451404
6.247410
6.699460
5.954942
7.567149
5.879628
7.207313
7.909199
7.011420
7.041665
8.424548
8.275142
8.588383
9.407017
8.879025
9.370548
8.451019
9.446775
8.588869
10.160321
8.567162
9.020649
9.194747
8.747658
9.646341
9.144841
10.469817
9.490339
9.067434
10.017258
10.124318
10.541482
9.851746
9.354951
10.088899
9.897740
10.636229
9.132772
8.841689
10.343985
9.895787
9.227730
9.787957
9.025056
9.139680
8.953251
9.736626
9.749841
8.502148
7.657658
9.218215
7.754318
7.962875
7.197383
7.863306
7.182914
6.292566
6.655481
5.813006
7.130693
5.862716
5.559515
5.149965
4.846873
4.459823
4.208477
4.127830
4.425568
4.299771
3.743015
2.409722
3.188260
3.623966
2.469717
1.587562
2.838558
2.561779
2.205865
0.031320
0.943472
-0.400397
0.398572
-0.302408
-1.058835
-0.128047
-1.561900
-1.244410
-2.121390
-2.131837
-3.319517
-3.123025
-3.662896
-2.789788
-3.009050
-3.603613
-5.235426
-5.004878
-4.785656
-6.089909
-4.943684
-5.733647
-6.375063
-6.530036
-5.794214
-6.386152
-6.265621
-7.929548
-6.703536
-6.598184
-8.274313
-7.374301
-8.117975
-8.321045
-7.761966
-8.378940
-9.263628
-7.941029
-9.681681
-8.765675
-10.153657
-8.808736
-10.235941
-9.189278
-10.230542
-10.573399
-8.950740
-10.581276
-9.780835
-10.715395
-10.486924
-9.104667
-9.944748
-10.788653
-9.905296
-10.662605
-9.681651
-8.941383
-9.718339
-9.156418
-9.850123
-9.462310
-9.561183
-8.954497
-9.700128
-9.749189
-9.284671
-8.437423
-8.716267
-8.124531
-7.759343
-8.103496
-8.745546
-8.332295
-6.996767
-7.028647
-7.265137
-7.995873
-7.614827
-7.583364
-6.202313
-6.083463
-5.036933
-4.854826
-5.554202
-5.182097
-5.017076
-5.480238
-4.492612
-3.589372
-3.464064
-3.623125
-4.005104
-1.839078
-2.129774
-2.048071
-2.169334
-0.672737
-0.326827
-1.651840
-0.016942
-0.016891
-0.675759
