0.265478
0.856490
0.936779
0.367613
0.743994
1.899101
1.782014
3.071121
2.518471
3.382644
2.437285
4.472464
3.215191
5.032593
5.483918
5.097378
4.941447
5.652364
6.493435
6.103303
5.798208
6.556969
7.346173
6.786545
7.499162
7.186575
6.583355
8.462684
7.473061
8.852206
7.332728
8.594110
8.143313
9.562738
9.206817
9.499981
9.248014
9.716905
9.576839
8.853799
10.011826
9.745715
10.073297
8.966844
10.505493
10.887829
9.578702
10.892582
9.843746
10.726553
10.985108
9.988565
9.389025
9.520291
10.624566
10.661588
8.775159
9.702144
9.926393
9.330240
10.360292
9.438668
8.843773
8.919451
9.606552
8.704436
8.656140
7.518199
7.895289
7.850328
7.237182
7.211235
7.401094
8.057468
7.657441
6.640654
6.934153
6.572567
5.585213
5.058448
6.244521
4.998778
6.052666
4.915361
3.685596
5.206800
3.164482
2.836139
3.337492
2.572523
2.796700
1.940301
2.885203
2.690625
0.943976
1.406769
1.259121
1.444301
-0.311400
-0.389779
-1.257555
-0.630423
-1.492176
-2.204604
-1.816675
-2.554405
-2.164227
-3.104366
-2.054145
-2.238528
-3.406952
-4.428441
-3.661158
-3.414676
-4.778915
-5.427676
-4.232496
-5.185980
-5.698372
-5.131127
-6.025592
-5.836025
-5.827227
-7.369773
-7.181075
-8.237196
-6.684753
-7.374577
-7.150645
-8.494190
-7.652922
-8.416577
-7.869455
-7.959651
-9.861443
-9.002491
-9.219490
-9.516006
-10.226519
-9.397155
-9.328173
-9.576744
-9.733813
-10.469097
-8.982098
-8.953874
-10.483507
-10.418467
-9.782826
-10.040526
-9.776034
-9.829340
-9.173550
-9.639201
-9.841031
-10.202857
-10.344294
-10.680182
-9.060715
-10.475954
-8.504924
-10.099494
-9.166641
-9.362591
-8.701656
-9.061631
-7.848105
-8.808644
-9.217909
-8.679419
-7.630250
-8.380227
-8.103565
-7.065329
-7.649870
-6.315540
-6.304560
-5.708781
-5.924750
-4.964480
-5.021848
-5.100043
-4.432810
-5.456145
-5.083282
-4.316284
-3.736550
-4.509589
-4.074727
-2.188219
-2.314049
-1.914244
-2.012232
-0.978772
-2.112516
-0.584652
-1.644462
-1.437674
-0.348222
-0.590941
