0.961098
-0.337340
1.303266
1.011846
1.495739
1.337967
2.705784
2.133886
3.155799
2.751455
2.446221
3.653942
4.134220
4.779079
3.927713
5.365433
5.454099
5.278158
6.059670
5.712696
6.863726
7.197032
5.855987
6.667272
6.489813
6.643432
8.274445
7.434630
7.621658
7.703355
7.311599
8.700139
8.620151
9.120547
9.879145
8.523433
8.325479
9.855905
9.709086
9.225772
8.984456
9.730283
9.253291
10.224209
9.162555
10.507842
10.162002
10.950740
9.145923
10.055283
10.043625
9.677189
9.860994
10.096122
9.359887
9.090489
10.078728
9.210811
8.894850
9.969032
10.393088
9.616128
8.363783
9.817546
9.081979
9.029506
8.046391
8.757886
8.182776
8.291000
7.414489
6.797952
6.516215
8.256152
7.699223
6.175059
5.787561
6.199113
5.540067
6.849887
5.180555
6.135793
5.087479
3.909662
4.188200
4.002674
4.314474
3.738176
3.308753
2.230049
3.044325
1.772928
2.769902
2.588559
1.116564
1.018089
0.694429
0.594478
0.310380
-0.836024
-0.098171
-0.700304
-0.030392
-0.449302
-2.393904
-2.840924
-2.745111
-2.417045
-3.178550
-3.204438
-4.369269
-3.630371
-3.749130
-4.169674
-4.698721
-4.354050
-5.158034
-5.493840
-5.926987
-5.533358
-7.105703
-7.100589
-7.291646
-7.300691
-7.603778
-7.788453
-7.836790
-8.024030
-8.776654
-7.775811
-8.316791
-7.834399
-7.866114
-8.832319
-9.005160
-9.978629
-8.501621
-9.726452
-10.405614
-8.631360
-10.250895
-10.375409
-9.465761
-9.015269
-10.431989
-10.596161
-9.812827
-9.367704
-9.667868
-10.434603
-10.337193
-9.229771
-10.211232
-9.738419
-9.007708
-8.870790
-10.021674
-9.426308
-8.933612
-10.042109
-9.515241
-9.020787
-9.003284
-9.769176
-8.883603
-9.122302
-7.637718
-8.451501
-9.013362
-8.594780
-8.246152
-8.371025
-7.964852
-7.751182
-6.088539
-6.903314
-6.917273
-5.703963
-5.577855
-5.610825
-5.669744
-5.674457
-4.562445
-4.224908
-4.053180
-5.005018
-4.844039
-3.248471
-3.031403
-2.987091
-3.720020
-1.776466
-1.377585
-2.392592
-2.463645
-1.777024
-0.204544
-0.493173
-1.270977
0.335748
