-0.443928
0.792803
1.673090
0.259469
1.477051
1.999593
2.228484
3.399360
1.926428
2.887442
2.920754
3.855132
3.159871
3.703572
5.149849
4.762740
6.043893
5.447225
5.758200
6.838438
6.903237
6.091884
6.551705
6.790007
6.823707
6.706241
7.062034
7.258235
7.532851
7.113585
8.619918
8.672009
9.458621
8.535258
9.394882
8.086614
9.544266
9.244084
8.603245
9.497186
10.527950
9.157314
9.032658
8.982692
10.673856
10.755499
9.230139
10.114963
9.401008
9.809230
9.420196
9.738167
9.583741
9.618058
10.294547
10.357779
8.765631
9.503190
9.582665
9.609516
8.881249
8.780993
9.738857
8.241673
9.251132
9.532119
8.906010
9.120745
8.740509
7.438214
8.468408
8.469243
6.501847
7.587111
6.794702
6.413040
6.532034
6.272122
6.800370
5.008813
5.672934
5.839411
5.812095
5.663755
5.268270
3.512914
4.108684
2.894236
3.653719
2.717988
2.223540
2.278563
3.156706
1.844725
1.548891
0.477876
1.154135
0.688746
0.171835
0.953647
-0.394810
-1.339267
-1.119918
-0.946225
-1.930509
-2.867333
-1.559176
-1.491569
-3.716853
-2.533931
-3.916942
-2.914716
-3.132193
-3.491217
-3.965036
-4.811732
-4.800010
-4.681893
-4.800605
-6.170235
-6.208447
-6.092475
-6.268281
-6.377245
-6.172044
-6.924234
-8.165043
-7.821476
-7.317170
-8.308316
-7.903130
-9.178452
-9.401598
-8.978300
-8.010595
-8.381550
-9.221114
-9.538117
-10.027796
-9.233887
-8.607302
-9.766657
-10.005886
-9.553753
-9.239221
-9.765328
-10.339386
-10.428157
-10.740965
-10.123947
-10.281480
-9.414228
-10.884461
-9.954498
-9.683749
-9.454649
-9.815479
-9.171356
-10.262405
-8.576208
-9.463468
-9.879279
-9.287537
-9.872407
-9.161268
-9.186600
-8.888009
-8.236810
-7.336449
-7.272550
-7.293294
-7.863528
-8.116389
-7.352546
-6.433317
-6.703337
-5.917561
-6.782302
-5.142577
-5.433327
-5.215898
-4.763950
-5.034934
-3.907471
-3.777636
-3.908105
-3.059329
-4.526661
-2.449242
-2.540356
-1.903084
-2.682444
-2.904186
-1.943539
-1.450583
-1.669561
-0.986889
-1.566262
-0.609672
-0.821055
