0.766710
-0.194227
0.561926
2.027278
2.147015
1.948846
3.087300
1.529297
2.724518
2.396211
3.748022
3.487545
4.623203
3.973887
4.875539
5.247313
4.300382
4.461771
5.549434
5.013135
6.745248
5.685147
7.176392
6.536330
6.818161
7.672629
6.668260
7.203840
8.679572
8.017129
9.141948
8.359073
8.073951
9.591708
9.775221
9.929363
9.556989
9.691613
8.790061
9.481497
9.858276
9.502395
9.393399
9.217687
9.316401
10.599510
10.195800
9.037304
9.596238
9.488547
9.294823
10.051220
10.776759
10.723311
9.221847
9.820294
9.294060
9.762190
9.365217
8.866833
9.725531
9.521719
9.820505
9.446117
9.623333
8.663458
9.461294
8.983331
7.962680
8.579542
7.825155
7.923386
7.896117
6.709517
7.355914
6.295896
7.555250
5.932760
6.583960
5.487678
5.370151
5.112130
5.234731
4.538222
4.815216
3.617191
4.310487
3.634238
3.681882
2.524125
3.427940
2.384635
3.079059
0.884912
0.774894
1.983778
0.601773
1.475712
0.296447
-0.850763
-0.427335
-1.564179
-1.430844
-1.306316
-1.803739
-1.061001
-1.697156
-3.008910
-3.219938
-3.610845
-3.551907
-3.505772
-4.091457
-4.181108
-3.988800
-5.125593
-5.925540
-5.335006
-5.328050
-6.293996
-5.578121
-7.144814
-6.518511
-6.966884
-6.484396
-6.458694
-7.148083
-8.552040
-7.207954
-8.290106
-8.083743
-7.933846
-8.577846
-8.965860
-8.974229
-8.926900
-9.155083
-10.014707
-8.607323
-9.032007
-9.722101
-9.281179
-9.931136
-9.954105
-9.367869
-10.373530
-9.131285
-9.482684
-9.853678
-10.462040
-9.262558
-10.283729
-9.013907
-10.547422
-10.186483
-9.389678
-9.724832
-10.366274
-10.139375
-8.746445
-10.161235
-9.443537
-9.197947
-8.540276
-8.663100
-9.361330
-9.499293
-8.450507
-8.313388
-7.654125
-8.233409
-7.261412
-6.659688
-6.844808
-6.499691
-6.205007
-5.629558
-6.242220
-5.838766
-6.660133
-4.676531
-5.632606
-6.047496
-5.677986
-4.808147
-5.174400
-3.761642
-3.210786
-3.893533
-2.151596
-1.794653
-3.076408
-2.739808
-1.766284
-1.562088
-1.495237
-0.228622
-1.248655
0.534550
-0.998071
