-0.306110
0.048022
0.809680
1.262442
0.600573
2.261082
1.470609
3.460668
3.708060
2.917536
2.883147
3.642077
4.853568
3.639571
3.670424
4.223591
4.612429
4.440034
6.451309
5.568297
6.388062
7.300512
5.643431
6.671942
7.851412
8.038419
8.121991
7.628692
7.369360
8.387101
7.643304
7.869793
7.882516
9.757023
9.544056
9.358662
9.356171
9.484016
9.270768
9.565754
9.262948
9.168520
10.461264
10.650956
9.634417
9.684220
10.004713
9.415261
10.914613
9.376742
10.203622
10.746226
9.791389
9.575740
9.443744
9.556266
10.322153
9.282098
10.427445
9.020826
9.559789
8.475162
9.212210
9.966806
8.304026
9.474569
8.725195
8.382617
8.273826
8.793553
7.096961
8.183126
6.838808
6.644876
6.731669
6.274498
5.646862
6.712068
6.111294
5.710463
5.335739
5.370824
4.279836
4.933456
4.701427
4.284396
3.816557
3.609976
2.717567
3.039577
2.588516
3.486788
1.614184
1.521712
1.127599
0.789165
1.275283
0.144161
0.511260
0.395086
-0.453607
-1.561559
-0.911962
-1.866323
-1.310121
-2.253617
-2.725007
-3.309599
-3.656586
-3.545366
-3.138359
-4.146140
-3.246065
-3.453008
-4.598167
-4.622501
-4.812397
-5.858369
-5.629669
-5.576839
-7.112448
-6.324924
-5.999669
-7.252888
-7.906411
-6.892096
-6.971569
-8.572231
-6.989555
-7.862873
-8.309831
-9.388507
-8.080201
-7.901936
-9.589356
-8.179708
-9.607316
-9.794566
-9.913423
-10.138980
-8.965483
-9.620459
-9.421907
-10.531647
-9.181283
-10.080640
-10.864710
-10.901573
-9.183727
-10.661324
-9.282779
-10.530847
-9.950911
-9.316869
-9.095419
-9.360249
-8.937205
-10.233073
-9.806491
-10.229102
-9.475548
-9.517832
-8.617038
-9.852966
-9.505300
-8.146892
-9.602508
-7.647163
-8.131053
-8.791894
-7.447753
-7.268621
-8.362217
-7.232172
-7.697419
-7.447325
-6.226644
-6.742021
-5.399867
-5.730085
-6.222962
-5.075591
-5.291618
-5.787681
-4.829244
-4.506057
-3.516784
-4.595575
-2.557767
-2.231886
-2.677327
-2.631144
-1.347296
-0.910606
-2.343784
-0.848775
-1.622742
-1.305143
-0.037989
-0.560741
