-0.173644
1.023673
0.940112
1.742612
1.844255
1.230386
2.328646
1.725170
3.553795
2.692045
3.668118
4.581630
3.739227
3.465356
3.708344
4.158117
4.295330
4.893879
6.401444
6.178076
5.240042
5.586000
6.555227
7.736614
6.167372
7.346571
8.208964
6.810901
7.926933
8.303633
7.652714
7.525021
9.364447
8.792535
8.066146
8.215961
8.425984
9.904160
10.273411
9.865840
10.350984
9.717850
10.684617
9.973475
10.330179
10.837427
10.703300
10.563215
10.526444
9.658644
9.426858
9.016316
9.356806
10.137957
9.745179
8.998869
10.720053
8.970588
9.623475
9.549934
8.432577
9.285778
10.021977
9.231612
9.668010
8.752966
9.204503
8.165172
8.013147
9.071738
8.140011
7.161118
6.648685
6.859342
7.145064
5.939861
7.392049
5.782545
6.698606
6.556615
4.797569
5.079893
5.740539
5.707810
4.007106
5.016976
3.487167
3.187655
2.965029
2.353103
2.582382
2.706202
2.653464
2.569334
2.453781
0.485145
0.221422
0.285868
0.264602
-0.955989
-0.554709
-0.341568
-0.078050
-1.516786
-1.496138
-2.220967
-3.048863
-2.831394
-2.929674
-2.911142
-4.108853
-3.060759
-3.563623
-5.172958
-3.733615
-5.164507
-5.587659
-5.502905
-6.360520
-5.836046
-6.429320
-6.327806
-6.963849
-6.206299
-6.374948
-6.902004
-6.698282
-7.395355
-6.950512
-8.790236
-8.155555
-8.458106
-8.610389
-9.035314
-8.149282
-9.057200
-8.386221
-10.054612
-8.833902
-9.002253
-9.213027
-10.364797
-9.724185
-9.914807
-9.610477
-10.653756
-9.897273
-10.459998
-10.861585
-9.910757
-10.558575
-10.672643
-9.513717
-9.485321
-10.707830
-9.993318
-8.881699
-9.451775
-9.554619
-10.186975
-9.919738
-9.215039
-8.913917
-9.119938
-8.038374
-9.374317
-9.263063
-9.059463
-8.664172
-7.915203
-7.512489
-8.321914
-6.771845
-7.888775
-7.812026
-7.190180
-7.607908
-5.567538
-6.232711
-6.523456
-6.426197
-5.962740
-5.851116
-5.174021
-4.035628
-3.972852
-4.522032
-4.042999
-3.743871
-4.027304
-2.378289
-3.446002
-1.193247
-2.373556
-0.583371
-1.457733
-1.824187
-0.973849
-0.715601
-0.942437
