-0.095706
-0.048688
-0.004924
0.971486
2.496855
1.724862
1.830696
3.475508
2.349214
3.883831
2.579627
4.079043
3.484896
4.760439
4.713248
4.576760
5.735985
5.712796
5.508316
6.831688
6.898902
5.671965
7.057864
5.906955
7.706612
6.959729
7.888937
6.803921
8.819516
8.067416
8.349267
7.557659
7.930749
8.420153
9.487181
8.183744
8.934583
9.530536
9.040621
8.965860
9.506140
10.234024
8.955461
9.613202
10.169076
9.769699
10.455198
9.975586
9.887079
10.564879
10.471974
10.092925
9.878547
8.985790
10.510112
9.176186
10.645657
8.777102
8.733055
9.250079
9.947639
8.971513
10.066387
9.322136
8.841811
9.274787
8.644669
8.381753
8.918999
8.908293
8.187180
6.767594
7.951993
6.645414
6.130899
6.970206
6.648486
7.072334
6.825256
5.671683
4.630858
5.661722
4.208220
5.559307
5.485495
3.956052
3.558401
3.988508
4.215732
2.357475
2.728024
1.542348
2.104713
2.814340
1.934936
0.493629
0.278282
0.443617
0.751229
0.475474
-0.253182
-0.297866
-0.457467
-0.791645
-1.956393
-1.379413
-1.822688
-1.885812
-2.643793
-2.400212
-2.568942
-3.208805
-4.310417
-5.190735
-5.326469
-5.695363
-4.746690
-6.349799
-5.581990
-5.416866
-6.378842
-6.797123
-6.392224
-6.079522
-6.303647
-6.955118
-7.246324
-7.174484
-8.545050
-9.012146
-9.073385
-7.929851
-9.460204
-9.220427
-8.339649
-9.041836
-8.545015
-9.892878
-9.533977
-9.926453
-9.115298
-10.431536
-9.926214
-10.029887
-8.896203
-9.286537
-10.863517
-9.186707
-9.483926
-9.499396
-9.586381
-9.604129
-9.018399
-9.294580
-9.692075
-9.908341
-10.394669
-9.118139
-9.012514
-9.087111
-10.294468
-8.580019
-9.364853
-8.942375
-9.819769
-8.045576
-9.269616
-7.934689
-7.789564
-8.809114
-8.861012
-7.697838
-6.550990
-8.244900
-7.935545
-6.336261
-7.003529
-6.312922
-5.738836
-5.580552
-6.577810
-5.253220
-5.090947
-5.155284
-4.392068
-3.903815
-3.559834
-4.088097
-2.796234
-3.000211
-2.226197
-1.500587
-1.824107
-2.229399
-1.615194
-2.159765
-0.165213
-1.162891
-0.003126
0.765769
