1.288693
0.164693
0.415080
1.100352
2.254572
2.092285
2.084129
2.971570
2.013924
2.096086
3.484096
4.061225
4.664654
4.268718
4.654484
5.118633
5.822492
5.945289
4.966180
5.137666
7.069420
6.298059
7.346862
7.418297
7.116211
6.399283
7.202495
7.328401
7.195990
8.845154
7.505233
9.339562
8.511860
8.858037
9.376955
9.147588
9.964375
8.653693
8.448962
10.298721
10.251022
8.981001
9.946087
9.324154
9.819914
10.189643
9.973270
9.019091
9.684542
10.806308
9.815840
9.988979
9.190040
10.144439
9.731468
10.794624
9.624485
9.873262
9.078231
8.969287
8.998071
9.077185
9.499714
8.968837
9.787739
9.644299
8.337858
8.817783
7.694724
7.092627
6.970019
8.106951
6.679793
7.998338
6.224360
7.830645
7.346283
6.890981
5.808297
6.387439
6.424966
6.199161
4.156930
5.477297
4.271302
4.537153
3.565990
3.405971
3.353189
3.086206
2.087315
3.302321
1.960496
2.684741
0.683107
1.809326
1.919494
0.352654
0.447233
-0.461160
-1.089005
-1.060087
-0.633901
-1.828147
-2.335065
-2.366214
-2.186352
-1.538948
-3.178325
-3.963938
-2.948273
-3.465377
-3.812465
-4.556605
-4.950704
-4.235448
-4.098406
-6.291941
-5.415914
-5.213181
-5.950824
-7.331030
-7.005078
-6.394142
-6.440798
-8.184063
-7.533856
-6.813522
-8.692231
-8.846078
-8.740170
-7.761061
-8.585146
-8.415852
-9.547763
-9.201648
-9.496611
-10.065474
-8.627511
-8.630200
-9.964636
-9.563487
-10.651466
-9.349806
-9.075181
-9.336018
-10.643788
-9.747088
-10.164506
-9.296287
-9.784002
-9.471448
-9.386181
-9.142922
-10.073249
-9.439262
-8.800737
-9.682373
-9.245490
-9.593734
-10.244901
-9.539898
-9.077481
-9.183422
-8.732993
-8.422932
-7.904406
-7.574585
-8.050990
-8.161847
-8.147409
-8.693617
-6.605027
-8.270945
-6.877800
-7.181195
-6.098600
-6.960124
-6.424812
-4.925026
-4.814524
-4.449753
-6.023377
-4.437965
-4.616388
-3.801913
-4.062428
-3.883058
-3.710831
-3.010873
-1.853535
-2.270242
-1.207733
-2.503044
-1.822936
-0.274564
-0.839207
-0.164356
-0.845260
0.183226
