-0.270154
0.835970
0.879543
0.294869
2.273600
2.110673
1.870570
1.624426
2.114034
3.734712
4.118080
3.909315
4.631992
4.312044
3.846092
4.918400
4.737607
6.018431
6.302161
5.252990
6.393411
6.493808
6.498428
6.903217
6.462246
6.600369
8.381647
8.134400
8.717176
7.928322
8.119923
8.056752
8.417632
9.476895
9.645541
9.397069
9.652397
8.599363
9.119188
9.052180
10.175849
8.875788
10.337446
10.550226
9.085498
9.172373
9.806031
10.937285
9.068885
9.860822
10.880867
10.214114
10.765319
9.867028
10.104426
9.395081
9.145951
10.489473
9.348408
8.530237
9.652914
9.867980
8.956690
8.637919
9.573817
7.817916
7.882454
7.472196
8.091845
8.954946
8.274584
7.334247
6.681635
7.971871
6.210365
6.594348
6.162979
5.376581
6.075700
6.674788
4.999899
4.550398
5.208711
4.367007
4.782856
3.686091
3.851769
3.374597
3.702393
3.110498
3.772769
3.432818
1.851675
1.417712
2.452172
1.247064
1.205754
0.060163
-0.283878
0.439908
-0.371286
-0.929635
-0.012108
-0.999387
-1.143397
-1.031523
-2.865869
-1.563354
-1.812107
-4.007918
-3.387566
-3.944386
-3.388283
-4.543431
-4.213390
-4.317035
-5.290550
-4.736164
-6.378244
-6.768511
-5.196728
-5.610446
-5.693084
-6.738485
-6.103733
-7.720223
-7.510921
-7.896818
-8.127653
-8.560388
-9.014246
-8.626161
-8.633164
-8.511754
-9.184351
-8.670258
-9.796607
-9.555044
-10.272476
-10.180693
-10.348301
-9.594710
-8.902959
-9.530527
-9.012488
-9.726935
-10.358374
-9.526384
-10.908724
-9.213383
-10.868461
-9.434251
-10.155779
-10.713425
-10.475876
-9.368507
-9.781338
-10.580893
-9.331920
-8.888330
-9.905474
-8.595626
-8.690592
-9.774133
-9.407792
-8.608716
-7.838071
-8.781628
-8.099506
-8.184252
-7.911844
-7.017327
-7.149678
-7.106993
-7.158404
-6.751392
-6.575194
-5.733709
-5.953945
-4.896503
-4.750859
-6.197409
-4.522898
-4.071328
-3.840874
-3.487549
-4.491342
-3.014869
-3.035752
-2.726385
-3.565191
-3.151225
-2.931305
-0.920865
-1.452144
-0.358750
-0.997967
-0.078554
0.481958
0.115079
