-0.241811
0.756197
-0.043192
1.724101
1.784604
1.552253
2.204310
3.176030
2.510810
3.765115
3.401323
3.353510
4.696475
3.569804
3.757160
4.441479
5.473561
5.947480
5.708503
4.922418
6.581939
5.985331
7.092718
6.353358
6.768844
7.790950
8.077485
8.317556
6.911667
9.006957
8.660281
8.867514
9.027950
8.640772
9.875390
10.040286
8.766663
9.840674
9.649652
9.000612
8.830790
8.711408
9.689615
10.745984
9.741678
10.312279
9.083270
10.413850
9.088276
10.177223
10.244013
10.276612
9.881127
10.528247
10.620880
10.655868
9.348406
9.928507
8.768254
9.531997
10.339860
9.456743
9.613215
8.791199
8.721532
9.643210
7.997127
7.887076
7.597482
8.504969
8.420243
8.540817
7.651923
7.482448
7.019884
6.917144
5.723921
6.029559
5.719666
5.623519
6.187936
4.914858
5.570055
4.653425
5.031611
4.885718
3.177247
3.481922
3.838268
3.770048
2.962753
3.221973
2.267898
1.704481
1.168814
0.879999
0.080516
0.461623
0.897713
-0.369177
-0.187165
-1.370901
-1.664746
-0.798533
-2.022108
-2.478846
-3.123699
-2.770201
-3.255677
-2.220600
-2.788159
-3.425717
-3.584568
-5.069729
-4.479817
-5.239684
-5.790514
-4.734130
-6.144049
-6.219714
-6.645708
-6.041982
-6.685249
-6.227338
-6.444928
-7.528911
-8.408630
-7.424005
-7.415340
-8.772444
-7.635241
-9.291450
-8.929354
-8.831326
-9.426680
-9.866406
-8.900735
-9.651501
-10.100345
-8.701957
-9.016403
-9.700173
-9.615679
-10.666678
-9.187889
-10.481390
-9.343116
-9.555745
-9.251291
-9.910217
-9.068822
-10.019400
-10.503979
-10.239956
-10.083311
-9.699860
-10.297515
-9.666649
-10.094744
-9.723974
-9.211367
-9.601519
-8.901454
-8.215536
-9.039658
-7.933765
-8.090493
-9.235265
-8.342615
-8.897955
-8.711334
-6.955085
-6.599874
-6.529377
-6.216417
-7.800069
-7.255617
-6.776031
-6.820590
-5.302222
-5.698171
-4.964340
-5.460019
-5.596901
-3.768044
-3.721628
-3.156615
-3.614161
-4.238425
-2.523088
-2.094487
-2.171841
-2.692493
-1.378689
-1.441703
-2.146251
-0.429369
-0.980712
0.229190
-0.072021
