-0.644815
0.605418
0.733985
2.001182
1.272613
2.441604
1.504480
2.606032
3.201485
3.296811
2.847650
3.815691
3.397869
5.003032
5.511621
5.410465
5.700182
5.691462
5.948221
5.979733
5.661997
5.442195
6.251373
6.249668
6.155732
7.281094
7.538151
7.762253
7.180581
9.071913
8.709900
8.074971
7.652561
8.460073
8.440579
9.598441
8.198989
8.456489
8.681098
10.460957
9.373038
10.171365
9.294081
10.057320
9.383325
10.447558
9.805372
10.156585
10.393159
10.038261
10.330489
10.728056
9.990034
9.359042
10.691810
10.039710
9.146465
9.708778
9.072632
8.983031
10.088114
9.287795
8.801525
8.237554
8.803968
8.367585
8.324952
8.576653
8.365162
7.187039
6.982578
7.229953
7.259666
6.622031
6.736144
6.559759
6.174813
5.401683
5.553116
6.686040
5.314779
4.503873
5.016557
4.754110
3.546717
3.285843
3.870073
4.106540
4.362162
3.472915
3.179687
2.114101
2.918358
1.708831
1.217307
0.662797
0.944121
0.525506
0.402278
-0.529320
-0.354196
-1.588031
-0.480638
-2.103182
-1.963927
-0.917221
-2.924725
-2.365711
-2.970125
-2.257980
-3.985292
-4.207775
-4.890515
-3.413313
-5.507943
-3.985583
-5.902096
-6.183749
-6.089877
-6.160109
-6.689761
-6.404772
-5.906299
-6.137076
-7.440057
-6.646585
-7.946682
-8.581226
-8.721378
-8.013925
-8.980591
-8.864961
-9.003086
-8.141962
-9.779598
-8.772384
-8.185598
-10.188280
-9.635223
-9.274992
-9.226473
-10.640652
-8.837106
-10.284162
-10.729888
-10.739888
-10.743576
-9.496339
-10.242929
-10.347719
-10.178419
-9.490380
-9.049374
-9.714713
-10.629472
-9.890093
-9.720544
-9.646386
-9.814605
-9.506095
-8.501667
-8.410966
-9.116954
-8.340052
-8.558382
-8.412181
-8.938332
-9.056480
-8.211316
-8.353428
-8.058136
-6.819774
-8.324293
-7.933035
-7.211288
-7.118734
-7.302984
-6.579658
-5.261336
-5.285302
-6.043012
-5.743296
-5.726253
-5.660145
-5.342328
-4.848319
-4.426745
-2.895488
-3.659780
-2.258509
-3.114741
-3.031213
-1.738075
-1.410532
-1.876108
-1.627024
-1.302707
-1.009318
-1.045841
0.270534
