0.898813
-0.071764
0.959707
0.695079
1.335758
1.145589
1.767797
3.326851
1.831928
2.702262
3.851764
4.581098
3.592563
3.426275
4.222089
4.448691
4.243740
5.490957
4.802339
5.052081
5.235437
6.945057
6.615762
6.672538
7.683989
7.162477
8.078627
8.320813
8.778535
8.989631
8.535843
9.203010
8.440447
8.333754
8.470444
9.461384
8.302163
8.603660
10.230559
9.663911
9.320703
8.839153
9.651817
10.219133
10.855576
9.968950
10.367686
10.876399
9.677134
10.704819
10.594338
10.789109
9.288187
9.808332
10.590318
10.730478
10.606767
8.725235
8.872920
9.728541
9.087528
8.759985
9.507758
8.385864
8.402877
9.138788
8.237956
8.621787
8.455486
7.201627
7.716954
7.444379
6.776931
7.347639
6.742711
7.300502
6.530834
6.347342
5.623083
5.935593
5.823871
4.540527
4.262157
3.957756
4.440777
4.932777
3.922707
4.107703
2.820713
3.578142
3.782250
1.980828
2.709943
1.614291
1.012663
2.198366
1.548251
-0.280270
1.292919
-0.380905
0.325096
-1.592118
-0.576081
-0.573265
-2.161797
-0.932953
-2.100421
-2.819481
-2.485192
-2.642416
-4.055502
-4.035591
-3.285523
-3.385433
-3.716872
-5.538282
-5.867064
-5.515427
-6.033710
-5.455782
-6.899377
-5.627595
-7.242455
-6.976558
-6.469109
-8.262334
-6.674049
-8.218704
-7.328978
-7.681462
-7.933789
-7.850039
-9.325450
-9.048463
-9.335636
-9.853450
-9.459796
-9.517394
-8.497251
-8.599697
-10.266785
-9.735324
-9.048450
-10.625870
-9.366960
-9.677274
-10.857098
-10.435773
-10.745429
-10.655348
-9.208275
-9.200507
-9.364005
-9.199186
-9.762187
-10.466720
-10.278107
-10.275805
-9.538262
-9.500198
-10.110350
-9.503915
-8.264091
-8.823572
-9.693673
-9.460270
-7.799534
-8.018073
-9.060120
-7.124836
-8.085285
-7.912213
-6.974613
-6.518289
-6.589837
-6.079418
-6.765543
-5.971100
-5.973507
-6.791823
-5.719201
-5.467180
-6.077866
-5.389169
-4.514802
-4.889583
-4.563925
-3.384524
-3.232044
-3.707609
-3.316449
-3.435470
-2.795635
-1.700561
-1.842261
-1.211502
-0.091043
-0.339247
-1.113426
0.532728
