0.187142
0.955105
-0.014744
0.277484
0.735646
1.810701
2.690304
2.476364
2.454433
2.954074
3.191121
3.996538
4.561178
3.639208
4.259598
5.536701
4.299344
5.225159
5.897037
6.375806
6.167533
7.074107
6.444904
6.493680
8.057184
7.413609
7.233626
6.755412
8.635700
8.437446
9.076904
9.424523
9.007668
9.741690
9.219921
9.294042
8.529355
10.050583
8.656722
8.864866
9.250089
10.091660
10.290877
9.733686
9.688594
9.956471
9.154384
9.197360
10.238485
9.336658
9.228426
10.030768
9.378538
10.741938
9.157257
9.822936
8.972452
10.081022
9.952566
10.284222
8.851620
8.988183
10.147954
9.300519
8.640755
8.841874
7.885332
9.095328
7.299469
8.746211
7.078176
6.929589
6.547114
8.049237
6.926285
5.997517
5.986395
5.681557
6.514143
5.605318
6.085167
4.640967
4.491972
5.057422
3.622718
5.108879
4.475776
3.925892
4.171048
2.366228
2.494629
1.663881
2.735285
1.854944
1.417178
1.765255
0.824259
1.133820
1.134425
-0.473518
-0.728570
-1.352782
-1.870290
-1.793863
-1.600664
-1.641529
-3.032982
-2.116341
-2.901320
-3.230662
-2.595165
-3.257436
-4.697011
-4.459326
-3.856317
-4.231008
-5.069731
-4.908872
-6.123528
-6.006010
-6.359935
-6.564768
-5.846866
-6.147401
-7.187507
-8.162765
-6.505503
-6.832897
-7.827294
-7.576912
-8.846595
-8.508864
-7.820273
-8.915311
-9.222185
-8.189792
-9.394990
-9.116953
-9.820269
-9.308716
-10.019415
-9.257070
-8.972477
-9.889695
-9.466121
-10.310933
-9.426133
-10.231343
-10.664113
-9.304504
-10.025334
-10.228474
-9.722649
-9.076575
-9.836699
-9.524894
-9.082595
-10.116222
-9.490200
-8.821126
-9.563195
-9.167043
-8.684684
-8.135192
-8.974661
-8.741574
-9.241143
-8.337634
-7.750050
-8.285792
-7.750467
-6.933014
-7.126712
-8.137422
-6.699767
-6.097377
-6.234948
-7.212952
-6.971855
-5.113788
-4.810027
-4.834215
-5.006924
-5.115640
-4.939604
-3.772006
-3.443578
-2.944111
-2.840604
-2.403366
-3.458294
-1.624409
-1.620775
-1.230423
-2.413964
-1.855387
-0.950314
-1.079681
-0.905541
-0.083158
