0.010513
0.069170
1.921161
1.781523
1.071979
1.417953
2.317000
3.108654
3.690044
3.221831
2.401790
4.215206
4.387092
5.225344
4.143342
5.796777
5.716447
5.074509
6.047822
5.243724
5.541845
5.685819
7.222482
7.156783
7.269786
8.067271
7.130915
7.168472
7.271988
7.222869
9.145655
8.824209
9.589635
9.701773
8.239372
9.817454
9.119480
10.222256
9.108053
8.748819
9.720418
9.398022
10.393896
9.812327
10.371533
9.818110
9.779343
9.075917
10.025366
10.692980
9.409413
9.187150
10.711558
10.914732
8.991170
10.739525
10.359569
9.482198
10.211075
9.712256
8.739605
9.351521
8.980970
8.780123
9.518900
9.590651
9.124195
8.019096
9.110898
7.279427
7.810445
8.634295
7.654573
7.172687
6.498798
5.966644
5.979712
6.614355
6.530020
5.649064
5.789987
5.476072
5.434322
4.364467
4.755775
3.419683
3.853114
3.095090
4.192124
3.178863
2.734393
2.170935
1.806775
1.159386
2.436427
2.241152
0.111120
0.761177
0.006755
-0.466913
0.366860
-0.762855
-0.320083
-0.774893
-0.959368
-1.903586
-2.120394
-3.000195
-3.084328
-3.242495
-4.366587
-3.144578
-4.355964
-5.047506
-5.291793
-5.017223
-5.724555
-5.965658
-5.977659
-5.757426
-6.100032
-6.618181
-6.411144
-6.515756
-7.800945
-6.431832
-6.745558
-8.393529
-8.101207
-8.733349
-8.453678
-9.246395
-9.438581
-9.037130
-9.173361
-8.598504
-9.751174
-9.939854
-10.181189
-9.416265
-8.911462
-8.966082
-9.531753
-8.838671
-9.635079
-10.056505
-9.024577
-9.262900
-10.486549
-10.580130
-10.875804
-9.662564
-9.052105
-9.173543
-10.115996
-9.688644
-9.479933
-8.844918
-10.412685
-10.258302
-9.212162
-8.985864
-9.619060
-8.568936
-8.059299
-8.778992
-9.212025
-9.278900
-8.994247
-8.704379
-7.463150
-7.067932
-7.855516
-7.164256
-6.368317
-7.710532
-6.455192
-5.792318
-5.701206
-4.885733
-5.652291
-5.759982
-6.043033
-4.959763
-4.394143
-4.249310
-3.961233
-3.216430
-3.555910
-2.139576
-2.017325
-2.738237
-2.597970
-1.974008
-1.687214
-2.077817
-0.175536
0.010971
-0.405713
0.449193
