-0.191436
1.230741
0.718360
0.544191
2.284550
2.485439
1.796377
2.167000
2.022133
2.532100
3.665790
4.205743
4.397120
4.842510
3.926266
5.007304
4.571075
5.072890
5.325610
6.003733
6.910441
5.416115
7.190590
7.751751
6.124741
6.613550
6.880757
7.479455
8.383992
8.273461
7.581347
7.902094
8.141014
8.193853
9.318765
9.672859
8.188807
9.071551
9.041526
10.039346
10.255167
9.239369
8.859215
9.342606
9.693597
10.407457
9.301241
10.712609
9.242434
9.328026
9.563969
10.687722
10.135028
10.532785
10.801839
8.909756
9.282685
10.221906
9.210714
9.089756
8.980190
9.159708
8.250423
9.766696
9.740816
8.433241
8.716274
8.749557
9.239213
8.330536
7.875579
7.377666
6.874920
6.559754
7.814059
6.744044
6.309578
6.444091
5.577800
6.118727
5.347643
5.677366
5.043719
5.274664
5.325070
4.196818
3.201351
3.003537
3.292827
2.342203
2.868038
3.106267
1.532878
1.620159
1.589612
0.262910
0.481978
0.389273
1.150492
0.243875
-1.292438
-0.652287
-1.681982
-0.638507
-1.033131
-2.006148
-1.217254
-1.862792
-2.425003
-4.028598
-3.575282
-4.044481
-4.622530
-4.190396
-4.772853
-4.213995
-4.973977
-4.856912
-6.165790
-5.226925
-5.262572
-6.056657
-7.321393
-5.847585
-7.491137
-6.605953
-7.352113
-6.711189
-8.817368
-8.756179
-7.325478
-8.280188
-7.849814
-9.718564
-8.591285
-8.331743
-8.921795
-10.142532
-9.015654
-9.391117
-8.663222
-10.526665
-9.118450
-10.136715
-9.798003
-10.580249
-9.930136
-10.406337
-9.689180
-10.513110
-10.917731
-9.736165
-9.383824
-8.970352
-9.733747
-10.551193
-8.831946
-9.013278
-8.652430
-8.815008
-9.889330
-9.707363
-9.614926
-8.448667
-9.712229
-9.304560
-8.324045
-8.672019
-8.756614
-8.782775
-7.799172
-7.170454
-8.227874
-6.920818
-7.190423
-7.474607
-7.184295
-5.616256
-6.749571
-6.565204
-5.788935
-4.919095
-5.214049
-4.032279
-4.477007
-4.784434
-3.696861
-3.325749
-3.628004
-3.764739
-2.259104
-1.507561
-1.469324
-1.916893
-1.143278
-1.159216
-1.864109
-0.873669
-1.238271
0.564483
