1.131691
1.282303
0.499455
2.138135
1.411211
1.096295
2.280042
2.216818
2.449795
3.175842
3.706703
4.366283
4.825279
4.001526
4.796508
5.677209
5.864702
6.079356
4.794461
6.275987
5.138168
5.992969
6.455072
7.471474
6.881032
7.075516
6.644737
6.928624
7.901442
8.948248
7.800354
8.140019
8.272622
8.987897
8.940713
8.467256
8.648594
8.620082
10.365048
9.747194
9.239044
10.526394
10.587706
10.575004
10.865454
9.963243
9.734488
9.386197
10.558787
10.794820
10.662768
9.204501
10.189771
9.456863
9.230505
9.637963
9.196512
8.711133
9.852382
10.316768
9.859453
10.125932
8.860737
8.900566
9.279100
7.836229
9.548913
8.847569
8.281136
7.800154
8.730798
6.831590
7.744863
6.911965
7.094934
7.695388
6.316780
6.970784
5.159598
5.217317
5.519436
5.647711
4.656272
5.306041
3.975967
4.885992
3.152942
3.307747
3.669507
2.940615
2.514534
2.380454
1.361191
2.286175
1.848650
0.810905
1.110085
0.306637
0.559042
0.007901
0.425863
-0.471337
-0.874563
-0.611978
-2.294595
-2.791728
-1.389581
-2.273614
-2.673392
-4.063185
-2.848258
-4.186588
-3.600770
-4.775085
-5.521752
-4.956946
-4.154685
-6.113108
-5.399121
-4.888695
-5.500336
-6.980408
-6.861704
-5.895797
-7.386315
-7.563302
-7.772868
-7.795465
-7.308402
-8.368905
-9.023690
-8.384983
-9.119799
-8.600314
-9.728257
-8.645152
-9.549583
-10.214751
-9.545762
-8.723740
-10.116739
-8.705295
-8.783165
-9.118954
-10.319940
-10.310638
-10.664701
-9.854575
-10.190681
-9.852276
-10.783235
-9.434746
-8.990933
-9.572807
-9.252736
-9.320180
-9.956065
-8.780703
-9.401019
-8.798894
-9.654241
-9.500614
-8.769079
-9.547197
-8.515357
-7.901043
-9.321909
-7.556394
-7.395842
-8.260800
-7.792227
-7.462529
-7.468357
-6.321493
-7.876286
-7.597441
-6.951409
-5.858601
-5.664113
-4.899312
-6.600049
-5.673397
-4.911197
-5.574490
-5.139095
-4.772011
-3.126273
-4.255399
-2.440240
-3.716446
-3.763445
-2.863908
-2.958837
-1.117508
-0.927609
-1.441516
-1.749506
-0.100191
0.180812
0.701504
