0.204004
0.593005
1.522843
0.580383
2.323418
2.402891
1.865365
1.904586
3.770904
3.975223
4.161795
3.826399
4.162490
3.397973
4.380369
4.706253
4.584645
6.106833
6.107904
5.937073
6.582931
6.055292
7.307718
6.220686
6.276425
7.855038
8.492771
7.457641
7.531148
8.014712
7.688423
8.114149
8.626072
9.270165
8.963315
8.140677
8.213077
8.936949
9.119762
9.923841
10.011304
9.753319
8.999011
9.636010
9.950015
9.980789
9.890927
10.795891
10.367469
9.134913
10.758649
10.946651
9.985136
10.470068
9.370727
9.881856
10.430757
9.585991
8.991878
8.556772
8.468750
8.632841
9.880829
9.861502
8.609925
7.950457
9.073570
8.234442
7.406116
8.913506
8.584073
7.212769
6.946527
6.370091
7.215403
7.416748
7.214271
6.119241
5.759283
6.776096
4.782484
4.414269
4.561795
5.779160
4.282298
4.051620
4.095436
4.558949
4.375795
3.597144
3.497672
2.882378
3.178615
0.996576
1.011047
1.660259
1.706899
-0.198187
0.992361
-0.563421
0.063717
-1.126711
0.007158
-0.663250
-1.234939
-0.922937
-2.872255
-2.980431
-3.398987
-3.168127
-2.459757
-3.536997
-4.631674
-4.839990
-4.108542
-5.156864
-4.494361
-5.908787
-5.837458
-5.945722
-5.528718
-6.498188
-6.145208
-5.918445
-6.901240
-6.563718
-7.941312
-7.222703
-8.598820
-8.629835
-7.515585
-8.911357
-8.482041
-8.101554
-9.594950
-10.003740
-8.851347
-9.527252
-8.860626
-9.120884
-9.576728
-9.477143
-9.350731
-9.527987
-10.389209
-10.118393
-10.631561
-9.488839
-10.830228
-9.755427
-10.701011
-9.881765
-9.971301
-10.338499
-9.601690
-9.378942
-9.588939
-10.453159
-10.399694
-10.244269
-9.339493
-9.811504
-8.855612
-8.597207
-8.486536
-9.053066
-8.574511
-8.019133
-9.009125
-8.781232
-8.238538
-6.867194
-7.132180
-7.958139
-7.915754
-7.408912
-7.119913
-6.618939
-6.848064
-5.577635
-5.509116
-4.937639
-4.424757
-5.800997
-4.744143
-4.381814
-4.233020
-3.291443
-3.444184
-3.906955
-2.001895
-2.877160
-2.266482
-2.834673
-1.607533
-2.091823
-0.588132
-0.679922
0.584559
0.872795
