-0.374506
1.237942
0.226083
1.431987
1.916763
1.930865
1.323898
2.709900
2.742157
2.346567
3.121329
4.514169
3.511789
3.352731
5.123573
4.812089
5.897437
5.033666
4.650203
5.071002
6.582920
7.050027
5.961401
6.837203
7.998836
6.837460
8.220199
8.516333
8.869537
8.653177
7.736648
8.818652
8.866403
8.816307
8.891424
9.688945
9.570624
9.693064
8.854468
9.596909
9.963277
10.118596
9.859554
9.742998
10.079496
10.365990
10.077692
8.986481
9.636352
10.197932
9.925620
9.523247
9.208498
9.602270
10.009783
9.405809
9.234862
9.593182
9.577438
10.378945
8.929232
8.779400
9.014178
9.461459
9.426986
8.965696
8.215813
8.703693
7.940852
8.256565
8.190255
7.015391
6.708722
7.669437
7.132594
7.666537
6.228297
6.044280
6.037344
5.594928
5.076033
5.740143
4.673172
5.595760
4.941382
3.751248
4.871722
4.459977
3.905212
3.037090
3.755770
1.877125
2.742392
1.275370
1.494084
1.136962
1.253704
0.237258
-0.091577
-0.530124
0.548672
-0.893245
-0.230396
-1.159132
-0.766122
-1.398269
-3.073771
-1.826362
-3.711321
-2.737727
-3.676070
-3.716690
-4.330658
-3.748766
-3.699769
-5.754120
-5.449700
-5.529602
-6.443660
-5.799604
-5.161480
-7.105777
-6.066069
-7.391722
-7.252353
-6.475936
-8.187794
-6.809066
-8.668210
-7.422148
-8.866185
-9.276869
-8.499585
-7.976390
-9.090274
-9.998603
-8.689383
-9.582881
-8.791392
-9.531896
-10.303296
-10.404783
-10.000635
-10.777642
-9.875535
-10.535767
-10.028987
-10.277688
-9.959622
-10.372232
-9.050716
-9.564021
-9.687271
-10.230189
-8.908433
-9.063408
-10.010051
-8.717406
-10.037941
-9.013003
-10.367500
-9.528670
-8.590151
-9.993333
-9.686645
-9.543320
-8.507702
-7.825679
-8.678694
-7.551674
-7.571639
-7.230386
-6.971051
-7.677743
-7.739737
-6.610968
-6.769970
-7.004759
-6.739998
-6.794449
-5.312416
-5.967353
-5.027020
-5.225228
-5.142932
-4.088033
-4.672539
-3.522658
-3.944452
-3.798342
-3.589614
-3.419719
-1.720081
-0.906553
-2.327946
-1.676368
-1.682860
0.084695
-1.217942
0.974106
