0.438913
0.148985
1.694669
2.072204
2.379895
1.570565
1.706679
2.403757
2.180027
2.480727
2.856095
4.525777
4.893572
4.861192
5.120475
4.512734
5.525279
6.354921
4.951871
6.792392
5.991708
7.130815
6.517436
6.816577
7.879571
7.498870
7.015558
7.658083
8.811439
8.750245
8.446007
7.976373
8.524878
8.092863
9.896273
9.344386
8.393315
9.179975
8.416963
9.748135
9.028441
9.489282
9.227880
10.418230
9.814261
9.056492
9.327680
9.690679
9.565246
9.817161
10.984896
9.340302
10.275216
9.519456
8.952322
9.965172
8.899454
8.769755
9.807804
9.152666
10.348582
9.602108
8.844661
9.948575
9.038109
7.928744
7.678634
9.172256
7.904692
8.939259
6.960835
7.052857
8.412120
8.131735
6.514496
7.757519
6.594737
5.941246
5.180756
5.640810
6.572698
4.644132
5.458684
4.771335
4.753133
3.284583
4.901280
3.859946
2.999413
3.004174
2.106082
2.063933
1.919109
2.085237
1.977737
0.839562
1.789736
0.468986
0.672427
-0.323422
0.465941
-0.423719
-0.048136
-0.369917
-1.762491
-1.784496
-1.432350
-2.422358
-3.165331
-2.512484
-3.869701
-3.652307
-3.637149
-3.302303
-4.897027
-3.822063
-4.185681
-5.025473
-6.084332
-6.020180
-6.958653
-6.947976
-7.510993
-6.235981
-7.336192
-7.979019
-7.901288
-7.654741
-8.748877
-8.418874
-8.277434
-8.788645
-9.315476
-9.536382
-8.384700
-9.010559
-8.727052
-9.957553
-9.833236
-8.724683
-9.374288
-10.180932
-9.584575
-9.746882
-9.963061
-10.644233
-9.909772
-10.301982
-9.094609
-10.122963
-9.617904
-10.382701
-10.507688
-10.056984
-10.375283
-10.585132
-9.347004
-9.809201
-9.971735
-9.799017
-10.154597
-9.241626
-9.031941
-9.523348
-9.188365
-9.090720
-8.640195
-8.544299
-8.753647
-8.959284
-7.780938
-7.245741
-7.712591
-7.986587
-7.086040
-6.326464
-6.242358
-6.604284
-6.052570
-6.294685
-5.665204
-5.946954
-5.635636
-5.282429
-4.892130
-4.102099
-4.811298
-2.889611
-3.779874
-2.586513
-1.989977
-1.725038
-2.651989
-1.309303
-1.703670
-1.328702
-0.619193
-1.627509
-1.020632
0.982792
