-0.227058
1.594965
1.101659
1.598999
1.619048
1.520500
2.341420
3.403548
2.978357
2.191997
3.894179
3.883924
3.023225
5.043376
3.683337
4.871386
5.663604
5.525730
5.821804
5.673619
6.277448
6.677387
6.314176
7.639736
7.640057
6.404076
7.752057
7.833019
7.183046
8.926691
8.591275
9.325383
7.905511
8.216901
8.667374
9.150495
10.167208
9.629856
8.507024
8.899024
10.461122
8.988315
10.067523
10.075352
10.536748
10.405823
10.187626
10.882056
9.524937
9.984564
10.874904
10.852377
10.367586
10.034594
9.416276
9.326089
8.968641
9.085199
9.210865
8.643044
8.500502
8.856484
8.711990
9.695340
8.231463
8.097344
9.280643
8.308800
8.770148
8.593134
7.932257
6.910895
7.916897
6.706319
6.217009
6.418992
7.023805
7.120925
5.361985
6.086792
5.170376
5.016329
4.386030
4.294780
4.876652
3.706539
3.022733
3.897243
3.739774
3.378051
3.259147
2.193739
1.845143
1.821226
1.205258
1.810190
0.403363
1.078785
1.092001
-0.311060
-1.084892
0.249489
-0.501006
-2.066338
-1.360373
-2.495397
-1.947289
-3.388413
-2.419958
-2.154945
-3.693681
-4.131226
-3.353223
-4.155889
-4.017750
-4.678378
-4.286810
-5.417648
-6.155133
-5.908881
-5.505962
-7.070635
-7.529880
-6.457675
-7.365795
-6.981729
-7.178675
-8.230382
-8.478413
-7.476239
-8.974515
-8.676131
-8.105392
-8.414953
-9.767219
-9.215337
-9.011898
-10.088943
-9.264342
-10.500045
-9.579098
-9.830600
-10.569979
-8.925180
-9.670312
-9.416210
-9.326254
-10.857448
-10.979491
-10.319688
-9.649767
-9.420749
-10.485254
-9.516892
-10.432244
-9.257762
-9.615587
-10.404968
-10.182275
-8.878654
-10.170139
-9.076746
-8.509681
-9.519931
-9.750207
-9.206772
-9.009826
-8.520405
-8.964979
-7.496973
-7.645420
-7.347881
-6.783880
-7.638889
-6.204177
-6.555510
-6.503408
-6.672032
-6.484742
-5.826620
-5.348259
-6.275737
-5.668676
-5.475950
-3.871545
-4.030547
-3.853244
-3.886181
-3.396571
-3.395086
-3.652771
-2.790722
-1.353103
-2.275016
-2.266028
-1.135477
-1.394228
-0.819911
-0.118402
0.605731
