-0.646908
1.005817
1.704635
0.614277
0.900353
2.285677
2.069175
3.477899
2.577189
3.774375
3.278938
2.761554
3.539387
4.195548
4.379010
4.228451
5.749117
5.989092
5.427127
5.295106
5.370284
6.288866
7.520246
7.351242
8.050983
6.317811
7.558071
7.654712
8.801839
8.363998
9.088656
8.170529
9.586176
8.975968
8.242029
8.261535
10.162030
8.822178
10.056453
8.993618
10.233902
9.919691
9.380032
8.863340
10.138984
10.881292
10.242404
10.607800
10.311928
10.266647
10.164887
9.065966
10.081647
9.071592
9.901766
10.088020
10.721533
8.959152
9.704615
8.875511
8.518330
9.848924
9.631573
9.458974
8.413772
8.766248
8.423763
9.154907
8.725283
7.786678
8.140073
7.310105
7.785071
6.986886
6.235227
6.908377
6.905898
6.116257
6.322242
5.752387
4.987559
5.073898
5.942141
4.101228
5.520405
3.646791
3.758639
3.469461
2.507271
2.590751
2.801607
1.658625
2.823823
1.797532
1.860302
0.658214
1.696995
1.290382
-0.475062
-0.665175
-0.874006
0.327256
-0.473435
-1.713775
-1.781185
-1.656985
-1.999340
-3.000832
-3.202912
-2.455224
-2.508176
-4.531334
-4.454700
-5.168854
-4.624363
-5.212426
-5.310413
-5.756306
-6.573578
-6.679008
-5.975855
-6.558154
-7.151404
-7.088542
-6.791844
-7.974739
-8.063958
-8.113954
-7.535751
-7.459821
-8.677940
-9.121010
-7.952835
-8.821838
-8.384425
-8.280248
-8.982491
-8.692024
-8.743770
-8.902622
-9.251172
-9.595556
-9.799827
-10.197360
-9.906469
-10.052024
-9.824349
-10.463672
-10.777287
-9.072511
-10.856602
-8.985075
-9.080438
-9.831047
-9.171359
-9.618908
-9.896605
-10.569624
-9.980097
-10.501822
-8.903297
-8.390004
-8.238890
-8.404688
-9.744152
-9.046553
-9.080978
-9.138779
-7.924778
-9.004667
-8.825424
-8.552103
-8.066276
-6.914969
-6.346589
-7.467449
-5.691848
-7.321162
-7.124049
-5.494375
-5.791873
-4.884707
-5.395788
-4.991549
-4.325904
-4.825921
-3.626788
-2.867012
-2.442801
-2.099759
-3.533385
-1.507577
-1.596649
-1.672650
-1.587122
-0.864631
-1.826426
-0.288655
0.670309
-0.346550
