1.031775
1.331423
1.666351
1.667220
1.990981
1.907893
2.633776
2.861004
2.663593
3.984116
4.319640
3.771984
3.521105
4.582563
5.000570
3.976145
5.406569
4.749997
5.260893
6.794330
5.737878
7.194388
6.950372
6.501966
7.742863
6.616730
7.538428
7.007032
8.345228
7.662367
9.122523
9.442474
8.161321
9.187954
9.646285
8.543829
8.246160
10.200559
10.138054
10.147422
9.507708
10.652579
9.494427
10.787770
9.123765
9.676356
10.863366
10.206100
10.512375
9.400846
9.839208
10.101200
10.111111
10.849500
9.357829
10.336059
10.119483
9.734323
8.938608
10.494154
8.881514
9.958626
8.219922
9.805619
9.057605
8.177842
8.181389
7.830860
8.642997
8.990689
7.704870
8.102126
8.477369
7.455983
6.536792
7.694288
6.352346
7.347820
5.518940
6.840976
6.437738
4.435332
5.650525
4.320035
4.857875
3.965430
3.634730
2.908874
2.942696
2.844839
2.405598
1.562349
2.766843
1.480277
1.372832
0.608725
1.929592
0.770105
0.538537
-0.159376
-0.054881
-0.148897
-0.288595
-2.012960
-0.923216
-2.483114
-2.944193
-3.066670
-3.365971
-3.151018
-2.552028
-3.462422
-3.864759
-5.159299
-4.379536
-5.788431
-5.142609
-5.530726
-4.932830
-4.929089
-6.478399
-5.797878
-6.801150
-7.319784
-7.770082
-6.754757
-8.490912
-7.934105
-8.231255
-8.089558
-7.278056
-9.345886
-8.976462
-8.127679
-8.627015
-9.309875
-8.404862
-8.913688
-9.974278
-9.867395
-9.846390
-10.186919
-9.882675
-9.216841
-9.722670
-10.096419
-9.796655
-9.311687
-9.237600
-10.338089
-9.217073
-9.804990
-10.205260
-10.661109
-9.983501
-9.801648
-10.003238
-8.994037
-9.270334
-10.442041
-9.715692
-8.337839
-8.384655
-8.885043
-9.568535
-8.361081
-7.695552
-9.058323
-7.339945
-7.718115
-8.113790
-8.513274
-7.014333
-8.275738
-8.052681
-6.643261
-6.713579
-5.374548
-6.358455
-6.417606
-4.752057
-5.927307
-4.265218
-5.067018
-4.482283
-4.695826
-3.368253
-3.170509
-3.984256
-2.844318
-3.130968
-1.986456
-1.919720
-2.037551
-0.748125
-1.841908
-0.359292
-0.229830
-0.857194
-0.084605
