0.298542
1.218782
1.787637
1.135719
0.751181
2.628025
2.053445
3.203521
3.681106
3.811359
3.178211
4.513327
4.484244
4.146172
5.535550
5.359009
4.470102
4.987534
5.634077
5.265774
6.156788
5.532061
6.775791
6.900196
7.899583
7.270341
8.099929
7.942472
8.873252
7.244632
7.508644
7.866948
7.841059
9.254144
9.071989
9.662171
9.275704
9.112111
9.402353
8.668596
9.425983
10.274115
10.215384
10.364356
9.291528
9.519032
9.933309
10.971621
9.847249
9.258863
9.619744
10.927598
10.604845
9.775026
9.004944
9.629801
9.907644
9.214379
8.968826
9.773354
10.288437
9.590922
8.438553
9.813268
8.439940
8.653253
9.257133
7.947875
8.723662
8.602263
8.799049
7.179678
7.874414
6.882007
7.879345
6.669568
6.286412
5.519703
6.667978
5.175257
5.429752
5.740739
4.311849
4.206439
5.176858
4.137104
3.926825
4.595506
4.172997
4.089875
3.412285
2.833160
3.108534
1.737135
1.587683
0.956197
0.669023
1.339046
0.728509
-0.237592
-0.157180
-1.594326
-1.741227
-2.195366
-0.899753
-2.756427
-2.995318
-1.816816
-2.329683
-4.036441
-4.124577
-3.825847
-3.507356
-4.660318
-3.828472
-3.852769
-5.308612
-5.259690
-6.325467
-6.267587
-6.555596
-7.071708
-7.022886
-6.527512
-7.023919
-7.934775
-8.318415
-8.210278
-7.243063
-7.341016
-8.670988
-9.361733
-8.635280
-8.191751
-9.545832
-8.839608
-8.754711
-9.559341
-8.588570
-8.789362
-9.238005
-9.464639
-10.376609
-9.733321
-9.409167
-10.598957
-9.564260
-10.292587
-9.721970
-10.850141
-9.022673
-9.675375
-9.469143
-9.486884
-10.690824
-9.801544
-10.673779
-9.885901
-9.172048
-9.251138
-8.905050
-10.029576
-8.979521
-8.143436
-8.048678
-8.673077
-7.962963
-9.302508
-7.636239
-8.329816
-7.246207
-7.497561
-8.155187
-6.508985
-7.361041
-7.251799
-5.645175
-6.712238
-6.580218
-5.271542
-5.581767
-5.899081
-5.633219
-4.345498
-3.675740
-4.470191
-3.292403
-2.975416
-4.012518
-3.842143
-3.404035
-3.031388
-1.584341
-2.126254
-0.882660
-2.159243
-0.524406
-0.252197
-0.558864
-0.271723
