0.181984
0.934075
0.081044
0.644889
1.100393
1.456783
1.698638
2.629632
3.234291
2.955485
3.764521
2.789101
4.736025
3.297796
4.727573
5.176840
5.041896
5.045840
5.074610
5.941380
6.853914
7.330483
6.771999
6.478994
7.722979
6.643191
7.613761
7.149190
8.245428
7.679197
8.986289
8.367875
7.655360
8.961761
8.989843
8.710859
10.098994
9.964153
9.653331
10.488054
9.161170
10.439985
10.431957
10.026396
10.092459
10.663015
9.042968
10.387708
9.830890
9.760107
9.758637
9.356059
10.655962
10.449395
9.956014
9.942326
9.741723
8.736959
9.392425
9.437618
8.698237
8.616088
9.696427
9.509346
9.241140
8.703136
8.201894
7.694744
8.590548
7.477897
7.675877
7.908012
7.742718
7.275854
7.257915
7.354203
6.581973
6.292563
6.797995
5.738090
6.074898
4.950717
5.690857
5.160075
5.435853
4.547899
4.415833
4.421176
3.682644
2.830188
3.407721
1.970955
2.157766
2.399454
0.809679
1.882581
1.769815
0.509815
1.255057
-0.815701
0.304115
-0.110526
-0.491034
-2.248744
-2.074592
-2.215932
-2.084195
-1.659098
-2.401711
-2.813443
-3.851519
-4.656214
-3.372958
-4.640900
-5.378166
-4.583371
-5.767256
-4.891752
-6.600053
-6.107007
-5.725703
-6.915060
-6.650589
-7.555673
-7.680646
-7.449113
-8.244811
-6.867888
-8.111022
-7.338620
-8.268170
-8.566492
-9.154364
-9.317949
-8.037651
-8.358691
-9.196508
-8.638659
-8.689392
-9.299914
-8.957046
-9.328552
-9.474792
-10.344560
-9.533630
-9.288340
-9.189363
-9.896819
-9.514561
-10.654129
-10.705708
-9.165453
-9.649106
-9.577812
-10.675272
-10.108765
-9.897347
-10.632516
-8.878358
-8.519337
-8.775845
-9.319378
-8.625082
-9.964509
-9.230969
-9.627115
-7.886909
-9.361157
-8.047861
-7.188643
-7.738211
-8.447798
-8.423350
-7.546057
-7.175892
-7.219342
-7.600687
-5.938153
-6.670633
-5.923235
-6.556056
-4.941059
-5.106900
-3.902319
-4.802787
-4.325940
-4.261303
-2.950538
-3.889257
-3.774086
-1.868988
-2.996471
-1.748292
-0.920138
-2.198424
-1.801637
-1.514626
-0.109363
-0.923420
0.508214
