-0.384706
0.464852
1.528781
1.903259
1.895462
2.172016
1.264876
2.080663
1.885061
2.294604
3.776806
4.291932
3.414201
4.566530
5.424233
4.905919
5.668078
5.332319
5.103859
5.305336
6.236062
6.705751
6.879427
7.438132
6.302823
7.577557
6.929664
8.614988
7.886159
7.248494
7.476774
8.812012
9.347096
8.056838
9.400552
8.987962
9.272584
9.333222
8.660162
9.150873
9.538500
9.613425
10.512929
10.130834
10.410364
8.959317
9.376034
9.229809
10.936682
10.644186
9.117994
9.583314
9.346942
9.582979
9.537400
9.415498
9.393004
8.715791
8.700836
9.236419
8.467526
9.366767
10.032383
9.244511
9.033277
9.364961
7.955849
8.846866
8.785520
9.030642
7.213125
7.330934
7.438623
6.309727
6.207699
7.076749
6.483655
5.943419
7.036250
5.060383
5.376262
4.949469
4.170293
4.515526
5.446228
3.347979
3.353965
3.767901
3.656867
3.732947
2.733413
1.675480
2.073790
1.104676
2.341324
0.414211
0.066335
-0.328611
-0.037474
-0.497312
-1.090981
0.110270
-0.192786
-1.986892
-1.922620
-2.342556
-1.386617
-3.186020
-2.582468
-3.677348
-4.360113
-3.245311
-4.086059
-5.184020
-5.099185
-5.223810
-4.903135
-4.986660
-6.118260
-5.015146
-6.637408
-7.073617
-7.587625
-6.705259
-7.158289
-7.715174
-7.572802
-7.089787
-7.738261
-8.170613
-7.385415
-8.152176
-7.977196
-9.552838
-9.666452
-9.698814
-9.811075
-9.555143
-8.560538
-10.331464
-8.874431
-10.497599
-10.440300
-9.514092
-9.456712
-10.367456
-9.115394
-8.998247
-9.993997
-9.915941
-10.699682
-8.989092
-10.275621
-9.541131
-10.238323
-9.845766
-10.037917
-9.594954
-10.057218
-10.161080
-8.933158
-10.085201
-10.092610
-9.703468
-9.217703
-8.907057
-8.254524
-8.240803
-8.068329
-8.878065
-8.326098
-7.302840
-6.598949
-6.508722
-7.327450
-6.650247
-6.015704
-6.472467
-6.270113
-6.571666
-5.006583
-5.347640
-5.244953
-5.452792
-5.038045
-3.722001
-4.180710
-3.082830
-3.631872
-2.549626
-2.555790
-2.524397
-2.334956
-2.229441
-2.496916
-1.470116
-0.926885
-1.565458
-0.440541
-0.544962
