0.916066
-0.300109
0.111313
1.338443
2.089369
2.295717
3.033246
2.904436
2.503845
3.135130
3.246214
2.700174
3.887276
4.204415
4.388392
5.630856
4.584722
6.085176
5.604181
6.445800
6.641935
6.406981
5.653312
6.131420
6.091695
6.629300
8.009497
7.384518
7.820938
8.616489
8.150402
8.592448
8.334687
9.353937
8.915873
8.447823
9.523585
8.457060
9.981355
9.217890
9.090587
9.504665
10.291537
9.246453
9.584147
9.035364
10.548427
9.448846
10.553789
10.506691
10.117820
9.009294
8.988056
10.445850
9.789663
9.514356
9.082264
9.780290
9.153101
9.239512
8.586667
8.405817
8.835052
9.103828
9.437530
8.414929
7.884661
8.323359
8.181879
7.564550
7.185802
7.496890
7.783869
6.306302
6.433396
6.011611
6.929648
6.092988
5.170126
6.205588
5.702747
5.273433
6.018068
4.653305
3.978152
3.554979
4.560301
4.430566
2.504726
4.058589
3.617764
2.512146
3.125580
2.256944
1.323011
0.356275
0.901199
0.183495
-0.313597
0.421641
-0.944090
-1.526866
-0.043085
-1.927753
-2.556503
-0.917010
-2.977403
-1.586277
-2.259534
-3.927305
-2.664254
-2.955800
-4.199343
-4.955786
-3.626988
-5.663459
-5.160222
-4.873634
-6.272970
-5.596699
-6.506525
-6.350218
-6.046561
-6.683673
-6.688543
-7.018099
-6.715489
-7.118463
-8.519675
-9.068080
-9.102227
-7.678716
-8.370641
-8.163506
-9.333259
-9.352743
-8.207691
-8.781884
-8.496475
-9.434550
-8.865062
-9.969595
-9.345139
-9.028032
-10.617324
-9.353812
-9.650234
-10.620297
-10.310612
-10.088483
-9.638224
-9.783189
-9.079140
-9.593146
-8.910761
-9.272035
-10.482488
-8.719403
-9.448696
-8.768870
-10.183464
-9.663774
-9.027990
-8.676788
-8.082802
-8.190066
-9.403623
-7.452719
-8.367086
-7.942792
-7.059120
-8.325046
-6.930616
-7.383361
-7.243827
-7.209723
-7.197532
-7.270234
-6.736260
-6.074672
-5.523057
-5.796377
-4.666837
-5.039518
-4.441557
-5.193463
-3.562243
-3.742614
-2.570018
-3.472051
-2.780882
-1.515740
-1.816933
-2.554278
-2.367373
-2.115456
-0.340263
-1.510575
0.086037
-0.848952
