1.234484
0.818494
1.293595
1.772783
1.839557
0.966090
2.785527
3.176512
3.177476
3.964746
3.038560
4.471762
4.802138
4.641606
5.177507
4.992785
4.237920
6.191136
5.841829
6.515064
5.735996
6.408199
7.100661
7.539945
8.005334
7.774217
6.734971
8.366382
8.036305
7.658472
8.759167
8.505680
9.552665
9.248307
8.436006
9.264982
8.464293
9.455196
9.200413
8.703436
9.076914
9.331922
10.599733
10.797014
8.914389
9.263150
9.152944
9.137055
10.724279
10.900134
9.103658
9.625851
9.106943
10.787184
9.606788
8.859121
10.561182
8.945417
9.526782
9.734453
9.000326
9.592741
9.272263
8.939730
8.449023
9.005889
9.071400
7.483399
7.274364
8.059562
8.609639
7.885494
6.727794
6.986878
6.135836
6.934319
6.782776
5.639371
5.233231
5.389375
5.412287
5.645294
4.257405
5.125412
4.189222
5.058831
4.054281
4.520402
3.299968
3.186186
1.831729
2.904767
2.655598
2.145844
1.996287
1.900832
0.799376
0.495761
-0.239300
-0.808734
-0.175885
-1.458585
-1.642070
-0.301863
-1.966706
-2.201487
-1.763534
-2.610379
-2.208386
-2.102700
-2.823282
-3.926096
-3.046129
-5.062219
-4.289669
-4.049990
-4.936815
-4.509919
-5.462611
-6.133385
-6.736532
-7.138025
-5.886089
-6.877976
-6.914262
-7.982138
-8.399849
-7.478129
-8.304685
-7.444537
-8.994600
-7.620142
-8.560628
-7.967272
-9.725450
-9.292406
-10.122986
-10.162757
-8.747497
-10.162951
-9.167120
-10.593427
-10.058149
-9.845920
-10.728218
-10.198523
-9.548458
-9.793891
-10.974755
-9.276643
-10.116158
-10.443678
-9.013047
-10.623753
-10.000724
-10.813537
-10.458997
-9.308754
-8.867077
-9.979607
-10.071635
-9.730075
-8.463192
-8.478052
-8.084662
-8.939046
-8.547740
-8.932820
-8.470743
-9.036987
-7.022840
-7.139219
-6.906630
-6.944727
-6.667940
-7.163578
-6.783830
-6.861257
-5.558356
-5.718394
-5.189906
-6.350487
-5.575323
-5.467444
-4.078150
-4.572111
-3.024676
-3.657288
-3.687454
-2.784975
-2.614519
-1.881752
-1.386558
-1.551910
-0.803849
-1.608186
-1.214356
-0.143078
-0.209017
0.938858
