-0.285483
0.746618
0.373787
1.287308
0.706985
0.897034
1.246674
2.561879
1.985005
3.135708
4.098672
3.928981
3.171282
3.762387
5.451794
5.590859
4.655347
4.878108
5.530131
5.183825
5.694430
6.798841
7.546522
7.683980
6.423679
7.114279
8.347334
7.902873
6.902271
7.410208
9.266313
8.149389
9.583076
9.562145
8.277222
9.615374
9.737635
9.389402
9.379020
8.921638
10.451510
10.199098
9.597780
10.103416
9.440408
9.893742
10.162548
9.345620
10.469095
9.765448
10.553852
9.598542
9.689266
8.974617
10.020371
9.862266
8.850715
9.715739
9.829329
9.474518
8.983320
9.530907
9.459620
8.666424
9.424813
8.466031
8.926109
8.083736
7.383481
7.513768
7.580826
7.541897
7.246095
7.876179
6.091836
6.576703
6.826748
6.120775
6.274388
5.832630
5.842596
5.570932
4.103796
5.148439
4.893112
3.327598
4.461961
2.845780
4.166968
2.832028
3.170330
2.054298
1.214184
1.269668
2.141526
1.616109
1.364620
0.801606
0.931043
-0.279899
-0.482358
-0.534814
-1.090328
-0.339474
-1.207196
-2.750408
-2.982275
-2.753555
-2.801534
-3.277625
-4.310742
-4.162466
-4.058855
-4.199031
-4.258964
-5.778652
-4.686362
-5.461390
-6.469091
-5.160249
-5.652554
-7.169234
-7.330293
-7.678909
-6.307362
-7.543090
-6.954397
-7.910815
-7.293381
-7.985958
-8.141587
-8.062853
-7.687762
-8.334454
-9.435068
-9.888783
-9.353325
-8.817340
-8.726075
-8.809776
-10.494637
-9.601016
-9.099104
-10.291251
-10.705524
-10.891112
-10.573671
-10.841269
-10.273998
-9.775378
-10.644080
-10.362996
-9.558819
-9.706893
-9.095326
-9.705341
-10.152284
-9.718277
-10.146576
-8.882301
-9.663658
-9.270633
-8.526307
-9.970668
-8.636018
-8.673533
-8.208129
-7.451091
-9.105955
-8.454988
-8.034659
-8.539058
-7.550845
-8.011163
-6.639690
-6.793002
-7.062330
-6.138383
-6.043273
-5.006115
-6.061003
-6.103041
-4.230540
-5.632860
-3.843340
-4.516788
-4.230260
-4.049137
-3.088917
-2.460753
-1.798558
-2.556666
-1.357659
-2.274954
-2.175209
-0.604835
-0.705403
0.103518
0.166057
-0.630476
