-0.614978
-0.346055
0.577400
1.744970
0.997226
2.681008
2.156395
1.804943
2.932035
3.172058
3.134595
3.462444
4.889611
4.022990
4.458535
4.334228
5.209336
5.131132
5.716996
6.182832
6.543008
7.140973
6.751817
7.078083
7.212450
7.214462
8.437063
8.439782
8.291795
9.031638
7.505677
9.046376
8.184672
8.059440
8.633217
9.653932
8.858333
8.851729
9.194962
8.901768
8.999660
10.360972
9.545851
9.770715
9.196086
10.594146
9.035112
10.530656
9.148319
9.043599
9.629434
10.200340
9.126958
9.500086
10.845107
10.604198
9.680161
8.688697
9.675727
9.618630
9.107755
9.909752
8.624352
9.624476
9.547749
9.552708
9.563363
9.084783
8.944324
8.208198
8.818766
8.433050
7.433792
7.925493
6.445241
7.043272
5.642930
6.699168
5.366186
6.353353
4.683648
5.681631
5.126076
3.880703
3.544886
4.158416
3.460837
3.531680
2.911219
2.802879
3.168346
1.988123
1.403109
2.088544
1.998228
0.831697
1.224294
0.949218
0.846923
0.056851
0.267316
-0.772242
0.034681
-1.694120
-0.827915
-2.094785
-2.800112
-1.871206
-3.462247
-3.402253
-3.394969
-4.493580
-4.131849
-4.593267
-3.775438
-4.731849
-4.354857
-4.389467
-5.126783
-5.096858
-5.230078
-6.596207
-6.988891
-6.721258
-7.072246
-8.021961
-7.575573
-7.223312
-7.006088
-8.423988
-8.628078
-8.099683
-7.894233
-7.988783
-9.523375
-10.014933
-9.126841
-8.689301
-9.955602
-9.768251
-10.016009
-9.510834
-9.893377
-9.357272
-10.355594
-9.630782
-9.856604
-10.664959
-9.625425
-10.039986
-10.431226
-9.436536
-10.344255
-8.952994
-9.144333
-9.129362
-9.162277
-10.380659
-9.559137
-8.894206
-9.222613
-9.400928
-8.650259
-8.846247
-9.496189
-9.675444
-7.928903
-7.576543
-8.021592
-8.645334
-8.489785
-6.840137
-7.085627
-7.288343
-7.005746
-7.257811
-7.483743
-6.297300
-5.368713
-6.027394
-5.266869
-5.013509
-5.531137
-3.849757
-3.707599
-3.765874
-3.957525
-3.420877
-4.377543
-3.756276
-2.465272
-2.227503
-1.389556
-1.981177
-2.388129
-0.745538
-1.696481
-0.384625
-0.719473
-0.560408
