0.831780
0.145608
0.929305
0.994226
1.543995
1.839316
1.882898
1.492176
3.328710
3.268114
3.103132
3.272093
3.002062
3.542454
5.303086
4.606954
4.605842
4.824974
4.956415
5.693621
6.561064
5.759360
7.039028
7.035245
7.682567
6.837129
6.572531
8.564249
7.280916
7.604716
7.780970
9.342528
8.468148
7.877987
9.071759
8.839172
8.842483
9.594298
9.859445
9.845567
9.923328
9.262925
9.418742
9.379052
9.840554
9.745801
10.518657
10.979300
9.936248
10.839984
9.965498
10.237313
9.681954
10.021728
9.519241
9.314659
9.354951
8.884321
9.731979
8.663499
10.083431
9.074733
9.095757
8.106043
9.414279
9.215326
9.119549
9.151708
7.912221
8.582361
8.677050
8.145226
7.425936
7.229433
6.893742
6.215172
7.541921
5.787773
6.222455
4.882851
5.338672
4.519225
4.984668
4.349995
3.752874
3.872112
4.860617
4.572836
3.189428
2.106195
2.498640
3.087346
2.978217
1.293283
0.815657
0.523721
0.423031
0.536477
0.299594
-0.328912
0.051410
0.014647
-0.860529
-1.948570
-2.475279
-1.720143
-2.034745
-2.945794
-2.821093
-2.729234
-3.271708
-4.096526
-3.350084
-3.890038
-5.172497
-3.851958
-5.737065
-4.878512
-5.596895
-6.262966
-5.873448
-5.963549
-5.640669
-7.182437
-6.887013
-6.501045
-7.091740
-8.202226
-7.471691
-8.279943
-7.399592
-7.974026
-9.368912
-8.415566
-9.700390
-9.587806
-8.477130
-10.249823
-10.120265
-9.641505
-10.283971
-8.840355
-9.207570
-9.687899
-10.592428
-9.666062
-10.892477
-10.122646
-9.415772
-9.282180
-10.707825
-9.144943
-9.392027
-9.701852
-9.030687
-9.811275
-9.834961
-9.766551
-9.072999
-9.770163
-9.363013
-9.512090
-9.453690
-8.554142
-8.924934
-8.891715
-9.508434
-7.547280
-7.327457
-8.346629
-8.644715
-7.752885
-6.616647
-6.979899
-6.455029
-7.361408
-5.677854
-6.501485
-6.383164
-5.593151
-4.760199
-5.774831
-5.481073
-4.398712
-4.096492
-3.390711
-4.938771
-3.909182
-4.233522
-3.093285
-3.704489
-2.392905
-1.965612
-1.900006
-1.645025
-1.627290
-0.863696
0.084281
-0.946295
-0.255877
