0.858974
-0.190237
0.830040
1.768107
2.298534
2.457309
3.178242
1.968562
3.136633
2.318920
3.844797
3.658879
3.010943
5.154047
4.281088
3.857085
4.405182
5.012031
5.543645
5.605492
6.336209
7.090173
6.675466
6.704811
7.148795
7.396236
7.709203
8.553874
7.217538
7.673224
8.709364
8.596981
9.489034
8.106642
9.443147
8.140573
9.003647
9.186923
9.819060
9.803766
9.530873
9.286922
9.324626
10.760292
10.324754
10.404428
9.152372
9.902207
10.636201
10.586662
9.670143
9.017736
10.155998
10.444112
9.317582
8.961831
10.211417
8.896560
10.437436
9.123540
10.355694
9.513789
8.612548
8.284976
8.623155
8.662024
9.263027
8.788051
7.283582
7.098116
8.771921
8.410694
8.414019
6.364695
7.214594
7.173818
5.681484
7.309702
5.374256
6.523429
6.525963
4.512222
4.829715
5.167787
4.189136
4.557093
3.811780
3.567729
3.172616
3.824649
2.800248
3.398708
2.580353
1.082444
1.485323
0.587713
1.470750
1.226822
1.299571
-0.705150
-1.201359
-0.719754
-1.552455
-0.340285
-1.810237
-1.236418
-3.087653
-2.056311
-1.985303
-2.711046
-2.400641
-3.318354
-4.937482
-5.002493
-4.182966
-4.416677
-5.710288
-4.775090
-5.208460
-6.652485
-5.251197
-6.567573
-6.436742
-6.460881
-6.438685
-7.986145
-7.666831
-6.928236
-8.443255
-8.617135
-8.031732
-8.617611
-9.570503
-8.604418
-8.485615
-8.479602
-8.238135
-8.596522
-8.530589
-10.253387
-10.532504
-9.902313
-9.974871
-9.554499
-10.625138
-10.081270
-9.190869
-10.306694
-9.629755
-10.047177
-9.039497
-10.292933
-10.356705
-9.365725
-10.181614
-9.657692
-9.475152
-8.746123
-9.322881
-8.764474
-9.836954
-8.313232
-8.254296
-9.613953
-8.690172
-9.398555
-8.516901
-8.849255
-7.579996
-7.872037
-8.181578
-7.816034
-6.525847
-6.644311
-6.438642
-7.167689
-6.171358
-6.421894
-5.748953
-6.444530
-5.375506
-6.022231
-5.410383
-4.736594
-5.258614
-5.194634
-4.223335
-2.986640
-3.354536
-3.606162
-2.185655
-3.449046
-2.182562
-2.003405
-2.471824
-0.383778
-0.275056
-1.357638
-0.949951
0.783896
