-0.081342
0.194672
0.319500
0.271278
1.150250
0.892553
1.624313
2.854156
2.258636
2.466906
2.827161
4.522819
3.141316
3.705895
3.862837
4.157512
5.755772
6.147527
4.639735
5.245131
6.421665
6.335820
6.642097
6.041406
6.505328
8.020235
6.616933
8.215616
8.258380
7.564335
8.498774
9.087807
9.233547
9.257761
8.176206
9.645883
8.463067
9.236566
8.505040
9.671390
8.614606
9.062556
9.785895
10.751379
9.787038
10.711300
10.502254
10.121707
9.562167
9.255621
9.883432
9.530742
9.392311
10.079512
10.635577
9.656354
10.239852
9.787110
8.988514
9.255379
10.000750
10.250386
10.022372
8.734380
8.208400
7.805891
8.327112
7.504696
7.647695
8.601563
6.980268
8.129394
6.896557
6.409906
6.185015
6.922584
5.703052
6.097478
5.223325
6.845981
5.458253
4.374254
4.971716
4.509206
5.515633
4.713310
3.876289
3.786614
2.971441
3.373451
2.469476
3.204808
1.913979
2.872322
2.050552
2.197937
1.856575
0.406751
0.961843
-0.243330
0.221930
0.348423
-0.801637
-1.947680
-0.867034
-0.934108
-1.325793
-2.131350
-2.072126
-2.310858
-4.017109
-3.116918
-4.096135
-3.754818
-3.792281
-4.216927
-6.077254
-6.292103
-5.695098
-5.898647
-5.129229
-6.085084
-6.810542
-6.277645
-7.211068
-8.051307
-7.876099
-7.277068
-7.385338
-8.591038
-8.830569
-9.384770
-9.457015
-8.921057
-9.575654
-9.982648
-8.961236
-9.815760
-9.242369
-9.294065
-10.362068
-9.238787
-10.047929
-9.345479
-9.297819
-10.263008
-10.765134
-10.446853
-10.801331
-9.401119
-9.085343
-9.697867
-9.952485
-9.748020
-10.768477
-9.596682
-9.988463
-10.023353
-9.384293
-9.480258
-8.925943
-9.741885
-8.697340
-9.756877
-8.324197
-9.004898
-8.984170
-7.774822
-8.206430
-8.527843
-8.591764
-7.049840
-7.293963
-6.414595
-7.470734
-6.240252
-6.183422
-7.204633
-5.875357
-6.401844
-4.787548
-4.843070
-5.457988
-4.090108
-5.121836
-4.636166
-3.525631
-4.491522
-2.717221
-2.247798
-3.416295
-1.884826
-2.302348
-0.991125
-2.063591
-1.526018
-1.513703
-0.921124
0.675631
0.431054
