0.004363
0.510825
1.743444
0.573497
1.991947
1.491930
2.289111
2.821211
2.882070
2.856890
3.017632
3.084282
4.159224
4.832867
3.808620
4.723439
4.722183
5.374798
4.982670
6.047729
5.226174
5.818052
7.523014
5.894388
7.318993
7.287904
7.900773
8.353099
8.502765
8.867893
8.922074
8.904506
8.260084
7.940330
9.662436
8.551913
8.538706
8.398850
10.381904
9.471906
9.246130
9.996337
10.159560
10.558796
9.083447
9.592222
10.816058
10.830264
10.137087
10.034200
9.663522
9.432628
9.309714
10.473718
10.398165
10.525063
9.190334
10.062506
9.188780
10.330535
9.730499
8.906956
8.224156
9.075686
9.216344
8.437126
8.429796
8.689848
8.958909
8.000224
8.240914
6.843182
6.857066
7.899963
6.336534
7.006989
6.200729
5.635423
6.482440
5.401171
5.913306
4.570619
5.119586
5.319276
5.438143
4.045718
4.707567
3.637723
2.758793
2.332704
3.690110
1.842641
2.722077
1.776267
1.934316
0.470830
0.565181
0.310303
0.175969
-0.959410
-0.970706
-0.648111
-1.407956
-0.746099
-1.177492
-2.761925
-2.262463
-3.247427
-3.270293
-2.948542
-2.774293
-4.351411
-3.675628
-4.787905
-4.830159
-5.812211
-5.625177
-5.766521
-5.530984
-5.626388
-5.500379
-5.934887
-6.575431
-6.919692
-7.044703
-7.773718
-8.107701
-7.686990
-8.315065
-7.888700
-9.143922
-8.279153
-7.821594
-9.751693
-9.154961
-9.891948
-9.633549
-9.203438
-8.437260
-9.261121
-9.311361
-10.432556
-9.588474
-8.982651
-10.509996
-10.043830
-10.094834
-9.475205
-9.892452
-9.597874
-9.951165
-9.189459
-9.343046
-9.568165
-9.358303
-9.338169
-10.106253
-10.388116
-9.112136
-10.284107
-9.625500
-8.423240
-9.561543
-8.796638
-9.392534
-7.939891
-8.673130
-8.269486
-8.431231
-8.026558
-8.729392
-8.157681
-7.373237
-7.423844
-7.683774
-6.828691
-7.025245
-5.742776
-5.598706
-5.618259
-5.411849
-5.639268
-5.217233
-4.309206
-4.204704
-4.467660
-3.282725
-3.249738
-4.256567
-2.827421
-3.710161
-1.868630
-2.138466
-1.424539
-1.886473
-2.000767
-1.007601
-1.069768
-0.094260
0.593316
