-0.143581
0.555908
0.526294
1.751315
2.497039
2.533457
1.785594
1.517887
3.103590
4.042064
2.687995
4.363305
4.211295
5.204925
4.891603
5.478943
4.208581
5.474282
4.996271
6.629942
6.574356
5.760216
6.887778
5.988335
7.202765
6.607838
7.178811
8.064315
7.303403
7.307520
8.933404
9.395695
8.832939
8.146459
9.394272
8.208369
9.424567
10.091199
9.194831
9.227836
9.834471
8.775091
10.049532
9.034355
9.747080
9.328011
10.121088
10.430895
9.848970
9.591683
10.510587
10.556959
10.282511
10.412373
10.046621
9.838224
10.314479
9.272537
9.979768
9.488423
9.036864
8.462016
9.804404
9.989743
8.587329
7.825350
7.772987
8.518648
8.681198
8.361864
8.060488
8.034897
6.619096
8.152232
7.743645
7.205284
7.170863
5.992677
6.696672
5.515185
6.054614
4.481318
5.455189
4.515303
4.781786
3.882398
4.930188
4.018053
3.559380
3.868002
2.631541
3.048833
3.153989
1.989871
1.621411
1.813810
1.370941
-0.325219
-0.679980
-0.971288
-0.352058
-0.692317
-1.259655
-0.700872
-1.006336
-2.823207
-2.406713
-2.830678
-3.568762
-2.380753
-3.031968
-4.053292
-4.643793
-4.986245
-5.499082
-5.083831
-4.851268
-5.051839
-5.182137
-5.347097
-6.748879
-7.291180
-6.282188
-7.166894
-7.498655
-7.837201
-7.767239
-6.874163
-7.765157
-8.920165
-7.775831
-7.824626
-8.077811
-8.448301
-8.732235
-8.413752
-8.568265
-10.185770
-8.822099
-9.727164
-10.369406
-8.893743
-9.890267
-10.499684
-9.662151
-9.972156
-10.820062
-9.550439
-10.588232
-9.469756
-9.712667
-10.037487
-9.746654
-10.653597
-10.118035
-9.317787
-9.129874
-10.602462
-9.710676
-9.936854
-9.154243
-9.290301
-9.233263
-9.104843
-7.939967
-8.840812
-7.677635
-9.339813
-8.495972
-8.792562
-8.880464
-6.727228
-7.096206
-6.847774
-6.742087
-7.382329
-6.915534
-5.501604
-6.074455
-6.057264
-6.404673
-4.473034
-6.070758
-3.895979
-4.761001
-5.031819
-3.302582
-3.633845
-3.502775
-2.989642
-2.915707
-2.666385
-1.437360
-0.902974
-2.220798
-1.995559
-1.834672
0.011942
0.109210
0.909837
