0.088900
0.480126
1.936617
0.457367
0.658750
2.804612
1.603138
1.560461
2.736176
2.592198
2.756011
2.773808
4.194543
3.833035
3.636587
4.089219
5.287374
5.275055
6.179593
6.359801
6.692845
5.654510
6.925483
7.749079
7.293161
7.435453
8.437979
7.948703
7.410474
7.954949
9.245557
9.273318
9.354739
7.973118
8.556404
9.944399
8.284997
10.230928
9.307760
9.965457
9.794432
9.233746
9.679735
8.960525
9.298785
10.513228
10.104055
9.519736
10.586965
9.670457
9.042198
8.991198
9.248709
10.381351
9.258003
10.607950
8.838629
9.357433
9.241253
8.730860
8.625575
9.810664
9.703895
8.872629
9.060862
9.192264
8.235032
8.783661
8.652795
7.093599
8.645025
7.584838
7.433226
7.156214
7.979004
7.015901
6.958197
6.667689
6.509122
6.208982
5.039784
5.393746
5.241916
5.375616
4.809535
5.202736
3.928721
3.183747
3.928055
2.747687
2.463541
3.268203
1.238309
2.260726
1.370506
1.229629
0.638509
0.642175
1.122014
0.295010
-0.627638
0.219689
-0.163491
-2.229842
-0.833067
-2.146192
-1.339406
-2.326468
-2.307229
-2.102928
-3.400437
-4.527431
-4.524228
-3.766136
-5.456014
-4.551263
-4.329724
-6.043792
-5.127758
-5.386099
-5.343941
-6.033959
-6.239348
-7.724259
-7.553691
-7.084111
-8.376705
-7.501192
-8.392237
-7.309413
-8.900954
-8.940688
-8.691349
-9.345640
-8.961997
-8.371211
-10.036988
-10.062849
-9.226486
-9.854144
-10.183260
-10.435602
-9.119070
-8.858397
-9.426214
-10.022648
-9.648502
-10.886481
-10.655255
-10.381599
-9.561423
-9.570015
-10.942285
-9.396897
-9.237069
-9.760814
-9.683028
-8.936095
-9.484312
-10.504001
-9.224487
-9.791522
-8.798309
-8.088269
-9.188697
-9.331199
-7.833007
-8.481581
-8.468771
-7.627661
-7.724716
-7.376157
-7.307728
-6.856321
-6.276234
-7.264014
-6.588576
-5.659700
-6.096182
-4.881183
-4.959791
-5.069302
-5.019523
-3.855049
-4.011375
-4.363783
-4.425425
-4.522199
-2.675973
-3.865478
-3.470098
-1.944006
-2.502198
-1.579259
-0.615106
-0.731931
-1.362267
-0.582329
-0.521835
-0.079774
