-0.227415
0.145668
0.442222
1.369841
1.590776
2.326600
2.564117
2.346691
1.983939
2.931577
2.746774
3.242614
4.772401
3.366947
3.598545
3.979513
4.345261
6.210967
4.929915
6.099521
6.117900
5.946486
6.723432
7.252580
7.202868
6.996769
7.000785
7.229638
8.182655
8.579645
7.395185
9.295406
8.512604
9.508262
8.648623
8.510020
8.931658
9.053940
8.751103
10.031751
9.702262
10.477392
10.555589
10.404753
9.104861
10.879765
9.084596
9.053789
9.001890
10.027124
9.227658
9.184341
9.393143
9.587703
9.909839
9.352930
10.547703
10.378535
9.429503
10.485790
8.449669
9.415591
10.166658
8.581137
9.362271
7.844914
8.210796
8.591879
7.633328
8.587120
8.725597
6.762617
7.677018
7.210073
6.109996
6.739561
6.857476
6.552122
6.982906
6.124522
4.783944
5.486158
4.485091
4.927312
3.615757
4.404085
3.037457
4.500404
3.501218
2.919121
2.065051
2.355855
2.147353
1.989496
1.925676
1.784699
0.026194
1.359226
1.171257
0.717035
-0.799214
-0.301625
-1.090649
-1.369596
-1.528934
-1.368793
-2.626252
-2.692946
-2.107923
-2.204926
-3.230277
-4.313150
-4.673628
-3.988268
-4.147480
-5.537919
-5.477517
-6.312709
-4.811136
-6.519044
-6.806922
-5.530606
-6.597625
-6.612273
-6.228461
-6.761019
-8.437945
-7.455369
-7.546111
-8.639075
-7.530081
-8.161482
-8.244187
-7.861813
-9.517603
-8.109596
-8.480090
-8.746336
-8.604683
-9.724006
-10.339643
-9.523403
-9.687888
-9.243841
-9.196652
-9.376603
-10.917534
-10.762708
-9.748584
-10.597838
-10.844136
-9.517315
-9.734410
-9.870016
-8.886601
-8.889576
-8.928249
-10.311459
-9.199747
-9.767287
-9.988295
-9.194869
-9.931293
-9.955126
-9.709349
-8.140318
-7.885539
-9.324176
-8.077616
-8.675687
-7.428542
-7.786639
-6.959686
-7.086544
-7.155844
-7.573160
-6.292679
-6.903765
-5.993895
-6.628971
-5.741919
-6.044907
-5.932147
-3.869973
-3.848351
-5.203324
-3.286018
-3.404961
-3.131486
-3.914553
-1.956199
-2.562672
-2.501624
-2.242972
-0.789532
-0.411371
-1.559217
-1.003934
-0.004645
0.345511
