0.160013
1.414267
1.579607
1.851599
2.011584
1.937436
1.995443
2.011287
1.871279
3.040332
2.885461
3.724105
4.488771
3.552921
5.528381
3.882225
5.234641
4.800868
4.953103
6.448947
5.350659
5.687556
6.534887
6.532401
7.517929
7.574383
7.165852
8.232919
7.148641
7.716216
7.914517
7.579777
8.826588
7.980406
8.004581
8.457225
9.001479
9.294418
10.288115
9.882325
8.801577
9.678065
10.284135
9.803237
9.466754
9.637596
10.363189
9.305239
10.503788
10.560454
10.720590
9.415936
10.134878
10.269335
8.991082
9.101073
9.614692
8.733817
10.033933
9.520030
8.986585
9.477858
9.304035
8.777232
9.811181
8.921071
8.240744
8.352848
7.290725
8.640185
7.571030
7.049487
8.018131
7.368791
6.159379
7.534838
5.792632
6.176049
6.907804
6.871058
6.532959
5.953440
4.351040
4.505923
5.112402
4.031318
4.663827
3.064433
2.429663
3.579029
3.672758
2.488997
2.912941
2.091189
1.432955
2.040330
1.245938
0.091119
0.738960
-0.062128
-0.640303
-0.453262
-0.534367
-1.637545
-1.696753
-2.720288
-2.303720
-2.463210
-3.357467
-2.270822
-2.390926
-4.375929
-4.052564
-3.844994
-4.874696
-5.153600
-4.117236
-4.580989
-5.728847
-5.818197
-6.128124
-6.138810
-5.862448
-6.520582
-6.981253
-6.466932
-8.124640
-8.478456
-7.563450
-7.479242
-7.478232
-9.139738
-8.977743
-7.802943
-8.259939
-8.924909
-8.284559
-10.267432
-9.558237
-10.329338
-8.666451
-10.238401
-10.086456
-9.441337
-10.409992
-10.774589
-10.931856
-9.334601
-9.119692
-9.078175
-9.678758
-10.333854
-9.383905
-10.662379
-10.759863
-10.519014
-9.571260
-9.445496
-9.955621
-9.180457
-10.184321
-9.936088
-8.377352
-8.708703
-7.934177
-8.875307
-8.627713
-7.971886
-9.209865
-8.077338
-7.842993
-8.051947
-7.279996
-7.126847
-7.728821
-6.904687
-5.989155
-7.153278
-6.961655
-5.974515
-5.485246
-5.015012
-4.835967
-5.473261
-4.676276
-4.843393
-4.456419
-3.254812
-3.960832
-3.283219
-3.235714
-2.382843
-2.338437
-1.239306
-1.475389
-0.871288
-0.894868
-1.265370
-0.813049
0.673011
