0.552904
0.974962
1.520063
1.617723
1.993916
1.201074
1.472109
2.271227
3.526744
3.349138
3.051663
4.466258
3.674011
3.306402
3.877291
5.167816
4.232263
4.471293
6.114674
5.652802
5.175400
5.558093
6.334135
6.635749
7.537320
7.269639
7.832585
7.317503
8.823335
7.394073
8.722153
8.518878
9.200426
9.276284
9.005352
8.529213
8.581800
10.061981
9.287245
9.155245
8.632321
9.475084
9.306761
10.494733
10.761126
9.756636
10.449412
10.831594
9.889467
10.339332
9.528407
9.670782
9.478619
9.600483
9.571259
10.603033
10.592928
10.034688
9.949378
9.384307
10.356213
8.390206
8.351316
10.013404
9.437726
8.480452
9.472722
8.343233
9.190255
9.020328
7.358522
7.233782
6.538121
8.224394
7.408369
7.067517
5.622222
5.704479
5.216357
6.469289
6.232010
4.515582
4.416465
5.162179
5.003158
4.704546
3.109106
3.908378
3.396601
3.624805
3.782785
1.780950
1.689056
1.229572
0.605529
0.712053
1.716331
0.416130
0.659238
-0.543793
-0.320808
-1.268981
-1.108576
-0.838056
-1.287419
-2.607069
-3.115893
-3.098960
-3.299182
-3.219827
-2.481555
-4.150830
-4.792149
-3.627424
-4.505457
-4.289056
-5.099151
-4.623039
-5.690883
-6.167491
-6.061814
-7.063451
-6.281204
-6.668274
-6.409929
-6.348672
-7.717466
-7.433406
-7.986971
-7.132694
-7.888977
-7.498553
-9.322107
-9.153895
-9.533454
-9.831278
-9.484752
-9.795991
-8.565715
-10.466076
-10.406307
-10.597742
-10.676959
-9.757169
-10.328142
-10.761457
-9.688300
-9.093141
-9.833656
-9.801351
-10.519644
-10.268758
-9.542964
-9.861531
-10.282164
-9.472523
-10.078938
-10.076602
-10.147348
-10.393235
-9.024227
-9.311651
-9.922068
-8.824637
-9.149060
-9.410114
-9.251414
-7.980057
-7.826267
-7.196140
-8.598345
-7.102835
-7.808984
-6.850826
-7.850253
-6.236978
-6.365098
-7.208475
-6.533098
-6.208573
-5.123197
-4.708853
-4.947940
-5.705755
-5.280559
-3.911664
-3.099053
-3.993320
-3.713577
-2.286191
-3.136132
-2.930514
-1.492866
-2.063029
-0.583270
-0.436294
-0.759818
-0.534841
-0.000618
0.350346
