-0.378743
-0.129035
0.567666
1.498699
1.624015
2.428008
3.047818
2.847243
3.434057
3.299326
3.239358
4.482569
3.400478
4.933113
3.618353
5.114040
4.277357
5.517221
5.446167
5.734520
6.181605
6.820499
6.604854
6.021370
6.142211
7.990985
8.103964
8.201240
7.918777
8.660073
9.150972
9.432002
9.558722
7.830464
9.712623
9.922524
9.092575
10.128776
8.503625
10.374812
10.194212
9.171476
9.073800
9.714983
10.091664
9.305625
9.269859
10.128648
10.376818
10.866023
9.892395
10.200440
9.752494
10.562374
10.184374
9.650957
8.987016
10.448087
8.763353
9.403770
8.639926
8.517956
9.628845
9.813559
9.362042
8.454781
9.218083
9.069557
8.107797
8.190269
7.042471
8.488849
7.081691
7.890766
8.016476
7.256649
6.181213
7.332308
6.463169
6.713930
6.471146
5.639740
5.969081
5.324362
4.433806
4.093398
4.458134
3.993464
2.876770
3.015034
1.993509
3.424751
2.145743
2.848554
2.047777
2.146953
1.822696
0.825221
1.048911
0.512360
-1.019231
-0.865369
-0.613270
-1.525915
-0.606506
-1.618693
-1.759407
-2.774436
-2.390687
-3.455022
-3.066220
-4.458016
-4.550068
-3.463187
-4.702247
-5.217671
-5.682757
-6.218514
-4.798763
-6.114891
-5.239166
-6.829179
-6.764589
-6.942665
-6.223005
-6.590079
-7.179857
-8.148262
-8.257189
-8.531727
-8.267349
-7.646462
-8.341137
-7.924792
-9.803683
-8.329128
-8.240577
-9.962205
-9.789466
-8.725762
-10.242679
-10.173417
-9.330515
-10.819005
-10.008146
-10.614810
-9.186931
-8.999152
-9.671296
-10.627475
-10.285741
-9.067151
-10.115709
-10.041471
-10.145072
-9.152409
-10.113123
-9.417610
-9.756807
-9.463752
-8.988917
-8.502408
-9.862474
-8.172951
-8.019422
-9.510145
-7.663850
-7.514699
-7.300379
-8.018648
-8.609883
-7.753188
-7.863240
-8.171472
-7.768265
-6.543897
-6.882956
-6.882549
-7.023921
-5.965342
-6.266437
-6.233416
-4.772372
-4.027174
-5.227517
-4.527246
-3.885460
-3.890857
-2.812504
-3.486035
-1.839334
-2.811180
-1.906971
-1.827591
-1.942950
-0.425259
-1.351573
0.204607
-0.760522
-0.358156
