0.626735
-0.177869
0.245127
2.077664
1.458511
2.321741
2.028016
1.777444
2.264812
2.361094
4.200394
4.042942
4.334325
3.673643
4.806708
3.873366
6.013308
4.433290
5.077405
6.621514
5.832537
5.824574
7.392033
7.748481
7.514192
7.515470
7.794357
7.737903
7.218315
8.549432
7.333965
7.448089
8.242056
8.993502
9.153695
8.373194
8.332498
8.811444
8.641563
10.337660
10.545421
10.185140
8.951514
9.953325
10.512952
9.091743
10.131449
10.886571
10.657738
10.830189
10.724179
9.916071
9.699798
9.025083
10.550791
10.190126
10.359050
9.613239
9.719108
10.183612
8.714393
8.441662
10.072531
8.303741
9.182928
8.177129
9.301749
8.240856
8.673544
7.551049
8.392248
7.155797
6.880487
7.060909
6.416213
7.738303
6.043331
6.400745
5.284363
6.376384
4.848940
5.545496
5.558475
4.396148
5.112044
5.213752
4.589727
3.192826
4.338024
3.279389
2.274153
3.183786
1.652027
2.206609
0.723077
1.785097
0.041603
1.552150
-0.290730
0.948914
-0.108582
-1.540283
-0.497745
-0.510905
-2.030238
-1.922971
-2.236641
-1.810542
-2.088329
-2.691006
-2.642014
-4.082488
-3.213764
-5.149124
-5.509197
-4.179492
-5.280892
-4.410794
-5.368839
-6.601180
-6.364107
-7.354938
-5.879616
-6.959066
-7.311245
-6.442805
-7.911948
-7.512965
-8.237755
-8.692001
-8.935333
-8.146124
-9.230921
-9.041355
-9.315604
-9.311878
-8.563739
-9.073355
-8.895516
-8.905243
-9.528115
-9.484001
-8.816214
-9.035808
-10.344627
-9.864497
-9.861708
-9.694945
-9.941645
-10.603565
-9.481853
-10.379411
-9.171865
-8.962561
-10.430666
-10.043276
-10.718245
-8.967448
-9.149211
-10.315916
-8.676660
-9.282061
-10.172396
-8.703551
-8.699565
-8.796287
-8.351905
-9.164494
-7.284172
-7.804118
-7.576794
-6.945360
-7.373274
-6.326623
-6.987250
-6.110610
-5.881965
-5.608559
-5.775337
-6.640978
-5.821200
-4.677400
-5.479728
-5.039436
-5.398226
-5.006861
-3.622391
-3.351522
-2.744227
-2.912115
-3.191155
-2.759363
-3.105584
-1.160934
-2.096250
-1.137126
-1.459160
-1.302249
0.348430
0.936528
