0.163575
0.126837
0.741720
0.498460
0.968162
1.064898
1.520937
2.567463
2.765071
3.860226
3.574902
4.395634
4.719897
4.515909
5.062486
5.558148
5.675862
6.263953
5.243368
5.891818
5.747070
5.888351
6.661115
6.820665
6.327070
6.934344
8.093975
8.094985
7.598215
8.326262
8.459041
8.222825
9.530444
7.771244
9.330989
9.464746
8.771831
9.128998
10.408067
10.244582
10.575690
9.021634
9.792350
9.939717
10.561465
9.348383
9.207814
9.596707
9.233209
9.174076
9.402752
9.846024
9.741181
10.816536
9.420314
9.112765
9.597298
10.295847
9.026539
9.462478
9.884959
9.951090
8.736145
8.754463
9.488004
9.639032
9.482383
8.671733
7.735176
8.501706
7.877136
7.373772
7.952425
7.948531
7.204797
7.687659
6.958350
5.823346
7.095553
4.989392
5.289967
4.507352
4.128982
4.166435
5.398737
3.692324
3.691204
4.622873
3.433530
2.663364
2.019761
3.289224
2.787570
2.107451
2.142316
1.673890
1.801213
1.183737
0.261000
0.297970
0.133882
-1.240330
-1.250993
-2.238719
-1.445258
-1.807087
-1.596157
-2.700711
-3.739909
-3.741064
-4.078261
-2.981321
-4.853713
-3.636685
-4.864930
-4.047832
-4.648254
-4.385390
-6.281674
-6.187803
-6.874215
-6.046424
-6.757889
-5.990966
-7.001882
-7.943786
-8.084814
-7.688184
-8.824642
-7.295529
-8.678893
-7.594115
-8.734014
-9.476393
-8.177608
-8.235389
-10.016506
-8.907833
-9.000489
-9.902357
-8.907972
-9.596813
-10.138011
-8.932351
-9.843113
-9.133713
-10.427814
-9.638312
-10.183759
-9.012547
-10.511539
-10.312006
-10.002818
-10.119800
-9.135620
-9.596540
-10.608432
-9.109949
-9.214625
-10.281734
-8.832914
-9.102169
-10.136097
-9.736575
-8.204416
-9.055448
-9.382168
-8.013142
-8.724334
-8.787507
-7.826544
-7.771002
-7.276686
-6.965549
-7.678044
-5.922946
-5.852370
-7.301263
-5.338214
-6.759688
-6.473113
-5.569988
-5.423884
-4.461684
-3.788032
-3.357237
-4.320057
-4.058599
-3.601265
-3.740179
-2.997512
-2.617389
-2.785102
-1.233220
-2.204358
-1.902333
-1.251601
-1.109467
-0.793832
-0.776724
