-0.568041
0.109903
0.826971
1.952342
1.351097
1.912186
2.140667
1.761934
2.714414
2.350696
4.205450
2.981703
4.361070
4.500184
4.198993
4.599452
5.584010
5.124463
4.943560
5.773401
6.175056
7.204725
6.966996
6.534847
7.798682
6.536138
6.856779
7.370921
7.343257
7.325538
7.652293
8.431798
8.992613
8.676132
8.342180
8.833616
9.155785
9.638970
10.117240
9.691331
10.234990
10.362641
10.158243
10.568813
9.941676
10.730755
10.461014
9.124125
10.718845
10.938376
10.447045
10.209979
9.850969
10.515487
10.783030
9.933701
9.106640
9.717299
10.424155
8.689691
10.309796
10.096404
9.472992
8.698352
8.335973
8.258920
8.980885
8.565779
9.159199
7.399477
8.568096
7.845603
7.027858
7.732137
6.723976
7.060924
6.533969
6.502567
6.162111
5.395578
5.741142
4.767032
4.162584
4.639051
4.240092
4.939356
4.953119
3.118618
3.275215
2.510239
3.504200
3.327272
1.254423
2.054506
1.485423
1.643006
0.909414
0.996210
0.608496
-0.839986
0.664701
-0.533402
-1.637442
-0.580667
-1.189807
-2.385905
-1.573022
-2.613516
-1.826987
-3.557131
-2.874636
-4.594431
-3.547503
-4.787611
-3.669249
-5.474571
-5.551020
-5.354853
-5.027465
-5.115948
-6.120061
-6.439512
-6.406156
-7.054264
-7.801490
-6.379863
-8.063709
-8.683706
-8.168532
-7.108009
-7.673653
-9.051994
-8.438918
-8.977488
-9.278513
-8.231582
-9.816907
-10.134645
-9.885904
-9.102829
-10.121979
-9.033624
-8.922366
-10.758060
-10.484985
-10.174589
-9.321526
-10.448203
-10.911078
-9.784923
-9.398169
-9.580091
-10.371299
-9.532158
-10.866774
-10.288362
-10.411955
-8.928198
-8.848545
-8.743235
-8.661224
-9.655332
-8.457653
-8.190528
-9.362632
-8.715579
-7.903485
-8.652404
-8.466734
-8.186328
-7.190801
-6.770336
-7.113132
-8.259943
-7.834346
-7.680937
-5.951523
-5.521652
-6.714795
-6.524376
-5.028372
-5.177064
-5.003274
-5.330092
-5.416509
-4.328387
-4.533278
-4.332008
-2.940673
-3.513068
-2.411258
-2.915601
-1.632359
-0.885778
-1.275322
-1.411983
-1.396593
-0.069260
0.095685
-0.768842
