-0.457181
0.671925
0.371504
0.257515
1.609372
2.213575
2.941050
2.222669
3.338557
3.607543
3.607101
3.039549
4.255147
3.584262
4.001345
4.349103
4.995757
4.516649
5.788963
6.848183
5.848137
6.798400
7.368753
6.090432
6.385616
8.282119
7.334261
7.181594
8.590561
8.074549
8.723702
9.246828
7.627812
8.505295
9.808608
9.583823
8.790614
9.700135
10.194852
9.216854
10.389891
9.029482
10.221490
10.707367
10.471374
10.394915
10.850771
10.273012
10.709036
10.795361
9.402163
9.564670
9.984981
9.721788
9.647783
10.628184
9.471734
10.669311
10.210094
8.665502
9.906333
9.289033
8.773681
8.870527
7.947219
8.484783
8.549660
8.506726
7.668351
8.628554
8.373633
8.547028
8.044453
6.529726
7.202401
7.309586
6.356371
7.286461
6.549643
6.654303
6.420369
4.460930
5.632282
4.273864
5.076887
4.828993
3.114797
3.968068
3.311626
2.372777
2.157439
2.313738
1.185846
2.701672
2.366926
2.245270
1.574016
0.458449
-0.050448
-0.494706
-0.368739
-1.256976
-0.266814
-0.255981
-1.430862
-2.632880
-2.347424
-1.617578
-3.084074
-2.913708
-3.484777
-3.957516
-4.802716
-5.003090
-5.203505
-4.779856
-4.114720
-5.899556
-5.159645
-5.976561
-7.060461
-6.904405
-5.638114
-7.101356
-7.964004
-6.693685
-8.334774
-8.502827
-8.528835
-7.113138
-8.039087
-7.452640
-8.540308
-8.191327
-9.614987
-9.365371
-9.008951
-8.810433
-9.733580
-10.279470
-8.943680
-10.612364
-10.027194
-9.060403
-10.665162
-9.067482
-9.776977
-10.868647
-9.821170
-9.407491
-10.712634
-9.472586
-9.150101
-8.968395
-9.954079
-8.961508
-10.125968
-10.465905
-9.859260
-9.164665
-8.578849
-9.221731
-8.400508
-9.474220
-8.037520
-9.071164
-9.487393
-8.602558
-7.677507
-8.447092
-8.070458
-8.310343
-7.753793
-7.822288
-7.548474
-7.210663
-7.351465
-5.786097
-5.729786
-6.082736
-6.184633
-4.871315
-5.706512
-4.416220
-3.902124
-4.485241
-4.932567
-3.854097
-3.572352
-3.061989
-2.539293
-3.199839
-3.150232
-1.138920
-2.354010
-1.641191
-1.460715
-0.825236
-0.414523
-0.662405
