0.854405
-0.308986
1.306585
0.868315
1.249197
1.769194
2.354164
2.338183
2.808789
3.649889
3.185473
3.946462
4.813359
4.091763
4.519564
4.535790
5.318448
4.664605
5.487450
6.046527
5.255198
7.371109
6.148892
7.737772
8.041988
8.085824
7.010822
7.228258
7.015151
8.892468
9.005509
9.308942
9.449023
9.379028
8.841617
8.289009
8.854255
10.071868
9.330571
10.276535
10.440126
10.410677
10.035827
9.159224
10.535212
8.941622
9.878366
10.888144
9.138779
10.020612
9.236136
10.332986
9.569879
10.166996
10.194387
9.842494
10.583574
9.110963
9.311196
10.023233
9.374276
9.541965
10.116513
9.984043
9.513621
8.359629
8.656392
8.226203
8.002597
7.853203
8.883110
7.384293
8.097696
8.265925
6.728657
6.414690
6.515972
6.024943
5.490026
5.892711
5.955324
6.105161
5.606209
4.691257
4.751500
4.070664
3.918110
3.671392
2.881368
2.095999
2.787685
2.202488
2.890752
1.495378
0.746469
1.042063
0.409000
0.698278
-0.442162
-0.804458
-0.757622
-1.114196
-1.047303
-0.630219
-1.579211
-1.435382
-2.321495
-1.636685
-2.937232
-3.168699
-3.883943
-3.512911
-3.186270
-3.832371
-4.058302
-4.856231
-4.628814
-4.489954
-5.770437
-5.484727
-6.731142
-5.664362
-5.643491
-6.696300
-6.151919
-6.619709
-7.459055
-8.163005
-7.095878
-8.151797
-8.048016
-7.592475
-9.502724
-9.698391
-9.852579
-9.858944
-9.607387
-8.926621
-9.500857
-9.315109
-9.453200
-9.389707
-9.221736
-10.623229
-9.403515
-9.661512
-10.461159
-10.768965
-9.735172
-9.736790
-9.870134
-9.550010
-10.241021
-10.246290
-10.072853
-9.208748
-9.220824
-10.626389
-9.085662
-8.623374
-9.986154
-9.936238
-9.297779
-9.204394
-9.315095
-8.507761
-7.846673
-8.360191
-7.580753
-7.190988
-7.471469
-7.714401
-6.989411
-7.942468
-7.256243
-6.629745
-6.738335
-6.264446
-6.219740
-6.499036
-5.984422
-5.526102
-5.966219
-4.753330
-4.205504
-4.576236
-3.137415
-3.061107
-3.484357
-3.283986
-1.854774
-2.670595
-1.281268
-1.246050
-1.475448
-0.283865
-0.934307
-1.514414
-0.046917
-0.863171
