0.901569
0.372174
0.399372
2.097122
1.983794
2.083723
1.371033
2.100187
2.661159
2.717599
4.152813
3.243580
4.188740
4.423088
5.120792
5.775833
4.231031
4.756738
5.999696
5.201368
6.507182
6.103353
5.726843
7.754977
7.143353
7.715443
8.043311
7.499120
7.176459
7.513268
8.148663
8.144250
9.316871
9.758506
8.392730
8.320051
9.172327
8.375128
9.239916
10.471320
10.181984
9.877227
9.477030
10.379684
9.804596
10.268869
10.234940
10.752403
10.857852
9.315780
9.971471
9.807874
10.103677
9.512197
9.385537
10.417553
9.810600
9.417119
10.139735
8.957384
9.013711
9.946506
8.821879
9.937857
8.593325
8.010029
8.015609
8.285352
8.093007
7.166544
7.777040
8.036516
7.656465
6.332347
6.728249
6.421792
6.822420
7.212485
5.650704
5.376980
5.450615
4.763156
4.454316
4.979171
3.594076
4.147701
3.865067
4.598340
3.595877
3.089447
2.345522
3.245083
2.536714
1.015165
1.836248
1.900466
1.390391
1.174744
0.986838
-0.273296
-0.826229
0.125285
-1.488451
-1.222059
-2.336006
-1.965137
-3.070662
-3.252620
-2.174000
-3.049596
-4.283160
-4.357820
-4.919707
-3.984145
-4.345900
-4.859002
-5.614445
-4.792925
-5.016982
-5.645454
-6.303362
-6.866329
-5.953614
-6.061546
-7.646799
-6.732444
-7.898027
-8.230561
-7.338624
-8.396498
-8.729655
-8.720108
-8.887838
-8.607065
-8.622152
-8.467912
-9.408426
-9.376239
-8.457981
-10.264964
-10.159736
-10.184659
-9.942465
-9.370952
-10.041308
-9.723442
-10.336219
-10.510996
-10.056030
-10.940207
-10.774629
-10.072345
-10.798179
-9.796897
-9.142759
-10.491062
-9.740191
-8.777205
-10.009932
-9.165925
-9.657934
-8.332411
-8.293936
-9.003626
-9.221744
-9.263601
-9.006183
-9.043879
-9.253840
-8.409416
-7.828179
-7.563162
-7.094610
-7.252992
-6.638878
-7.442399
-5.736276
-5.896098
-6.231835
-5.749628
-4.848268
-5.831029
-5.654099
-5.072055
-3.754599
-4.841446
-3.435732
-3.758974
-3.906939
-3.638639
-1.870295
-3.374619
-1.854265
-1.156733
-2.206756
-0.642703
-1.774729
0.113530
-1.275497
-0.066395
