-0.292418
-0.202557
-0.054163
0.356808
0.853616
0.985781
1.716880
3.112909
3.132795
2.227511
3.862567
3.491748
4.402671
5.063940
5.371874
4.007808
4.108867
4.630691
5.665227
6.383645
5.771753
6.752243
5.813461
7.718607
7.507844
7.302524
6.931419
7.522567
7.748030
8.842260
8.397043
8.219852
9.130932
9.464949
9.382881
9.426708
8.996542
8.613776
9.608035
10.362749
9.503805
8.789433
8.833248
9.714410
10.406536
9.886234
9.119591
10.812608
10.868296
10.402151
10.584688
9.802815
10.608699
9.136366
9.338338
9.649830
10.217062
10.512870
9.818958
8.712538
8.440422
8.473852
10.093349
8.970011
9.578764
8.139076
8.085638
8.699030
8.839846
7.618474
7.914378
6.984417
7.798214
7.101597
6.130575
6.010553
5.890559
6.341276
6.821305
5.231179
6.046308
5.262362
4.254040
4.001216
4.417218
3.632670
3.277892
4.234106
4.297465
3.320706
3.641238
2.967472
2.993746
2.405343
2.512404
1.591362
0.147376
0.698118
1.145899
0.141016
-0.914178
0.028156
-1.091438
-0.592319
-0.746447
-1.434732
-2.401019
-2.616636
-1.816858
-3.714555
-3.216408
-3.992035
-4.224363
-3.360269
-4.886868
-5.249127
-4.710419
-6.047241
-5.623811
-6.768365
-5.705198
-5.845227
-7.210826
-6.740608
-6.258152
-8.041926
-7.822196
-6.996810
-7.357696
-8.878784
-9.077721
-9.177630
-8.118136
-8.327317
-9.480942
-9.003761
-10.054803
-8.311942
-9.616031
-9.307428
-10.132954
-9.245661
-9.829670
-9.432118
-9.152511
-10.599644
-9.823178
-10.138089
-9.772557
-10.842759
-10.678737
-9.296062
-10.802864
-9.185844
-9.736368
-9.448102
-9.629489
-9.247507
-10.064904
-8.844547
-10.100601
-10.240836
-8.559754
-9.577495
-7.916738
-7.811942
-8.971821
-8.341084
-7.946371
-7.520755
-8.008664
-6.736347
-7.668704
-8.135261
-7.514004
-7.396242
-5.895016
-5.545871
-6.830721
-5.848179
-5.822663
-5.728248
-4.179692
-5.383518
-3.701170
-3.834105
-3.592272
-4.249451
-3.614879
-3.694303
-3.201498
-1.650993
-1.735345
-1.295859
-0.622144
-2.215073
-1.919369
-0.752490
0.122109
0.739841
