0.670969
-0.048116
0.200006
0.934335
1.393946
2.346036
3.064420
2.415310
3.325309
2.864022
3.809328
4.465007
3.795892
3.509678
3.854439
5.410440
4.458386
4.534273
6.092182
6.053819
6.735013
5.752646
7.408897
6.031213
6.261647
7.654509
7.735825
7.643444
7.429024
8.313765
8.569100
7.929029
9.248877
8.643140
9.324816
8.462819
9.351828
10.080298
9.925205
9.957002
10.457199
10.584281
8.798093
8.867720
10.070293
10.328128
9.631801
9.575371
9.669300
9.319682
9.749053
9.412358
10.274171
10.833831
9.909366
9.241583
10.176893
9.186643
10.366469
10.258579
9.510878
9.943824
8.683655
9.765083
8.432942
8.167926
8.985587
8.190822
9.087951
7.603682
8.081094
7.142322
7.335211
7.680050
6.310138
5.919596
5.949098
6.071128
6.757545
5.038645
6.497977
4.498567
5.442072
4.444049
4.706345
3.965929
4.457400
4.582227
2.487467
2.651102
2.717633
2.962554
2.303729
0.987119
0.901342
0.308402
1.044437
0.262542
-0.341360
0.312403
-0.638736
-0.425026
-1.630484
-2.021792
-1.048906
-2.787410
-2.094222
-2.283247
-2.705753
-2.142382
-2.572027
-4.047631
-3.242680
-4.169951
-3.927780
-5.135071
-5.408203
-5.348502
-5.667492
-6.105679
-5.938357
-5.752136
-6.622853
-7.678786
-6.432467
-6.773969
-8.495942
-8.190677
-7.077561
-8.952352
-8.506494
-7.664840
-8.998904
-9.447596
-9.431235
-8.570336
-8.780238
-9.637820
-8.896518
-10.441899
-9.411602
-9.498162
-9.774287
-9.857899
-10.004786
-9.585848
-9.899879
-10.910384
-9.267459
-10.884721
-10.705722
-10.906165
-10.915417
-9.023941
-10.159454
-8.933576
-10.133945
-10.410648
-8.960968
-9.406843
-9.579489
-9.382152
-9.715650
-9.705367
-7.927986
-9.451015
-8.007375
-8.031802
-7.552541
-8.865532
-8.318215
-6.847180
-7.186407
-7.017150
-7.397678
-6.883146
-5.949446
-6.062745
-6.643922
-6.579238
-4.722707
-5.565954
-4.705975
-5.272895
-4.119081
-5.072068
-4.785319
-3.410098
-3.882070
-2.366589
-1.960235
-2.255654
-3.085445
-0.911459
-0.701531
-1.572128
-0.692070
-1.532574
-0.890891
0.849744
