-0.575832
0.042125
0.734998
1.488956
2.486012
2.724806
1.969114
3.308495
3.540937
3.792622
3.930821
4.049538
3.978184
4.637615
5.484316
5.808906
5.356046
5.829304
6.601956
5.857906
6.689120
6.681894
6.130118
6.165982
6.982268
6.978922
7.237977
8.103939
8.117340
8.477234
8.929057
7.772394
8.682643
9.092120
8.938592
9.282608
9.883018
8.963030
9.206565
9.839327
8.817840
9.482573
10.687693
10.800790
9.090528
9.858497
10.540704
9.886556
9.506378
9.965782
10.263387
9.349127
10.107830
8.921186
10.436493
9.449272
9.424332
10.160634
9.985174
9.357102
10.050452
9.371207
8.702382
8.875180
9.021965
9.482006
8.299477
8.475520
8.807428
7.839372
7.900965
8.395789
7.888379
6.873920
7.813655
6.907202
5.994017
6.137011
5.479091
6.369252
6.221960
4.567377
5.521759
4.142585
5.179656
3.838435
3.689444
3.348870
3.942639
3.869084
3.220391
1.767357
2.347964
2.362603
2.557317
1.914264
0.035421
0.400224
0.669894
0.339267
-0.851926
-0.719910
-0.541885
-0.917671
-1.959537
-2.420846
-1.725361
-3.456807
-1.936358
-3.955551
-3.189600
-3.580537
-2.979983
-3.541964
-4.604453
-4.392285
-4.255773
-4.393101
-4.623331
-5.505740
-6.601745
-6.878516
-7.404280
-7.673334
-7.349561
-6.461835
-7.514977
-7.597136
-7.298456
-7.229283
-8.002853
-9.276942
-8.445779
-9.443961
-8.118481
-9.843718
-9.593547
-10.267357
-10.185023
-10.011107
-10.050886
-8.725474
-9.659247
-9.900300
-9.230248
-10.751367
-9.276643
-9.383284
-9.567597
-9.661902
-9.214915
-9.709046
-10.224816
-9.517995
-9.997949
-10.724609
-8.858068
-9.073169
-10.589556
-8.851397
-8.908086
-8.712367
-8.545375
-8.687129
-9.823045
-9.094259
-8.329012
-7.604650
-8.113452
-7.202984
-7.371896
-8.528124
-8.053934
-6.762367
-7.428747
-7.153953
-6.482039
-6.943754
-6.053470
-6.679479
-4.950662
-6.123763
-5.758803
-5.212796
-4.226307
-3.917467
-3.020660
-3.072626
-3.308044
-3.883291
-2.947215
-1.701469
-1.493064
-2.812269
-1.638002
-2.044949
-1.427989
-1.244630
-1.040962
-0.059232
