0.908822
0.532335
1.386779
2.125113
2.514573
1.131482
1.251726
2.191594
3.530424
3.261443
2.822926
3.374139
3.160046
4.068710
4.410709
5.231417
4.438789
5.012480
4.683921
5.236294
5.479921
7.346089
7.030532
7.573172
7.180896
6.396916
6.843209
7.288821
6.986476
7.944212
7.609432
7.627207
8.082433
8.740889
7.953012
9.052221
9.357523
9.376760
9.567060
9.371985
8.884881
9.874435
10.350674
8.907984
8.920033
9.569983
9.957907
10.231460
10.578913
9.751863
10.990068
10.245824
9.520310
9.976980
9.450882
10.350953
9.268442
8.993133
9.865531
9.040088
9.202179
8.418909
9.685209
8.895958
9.781858
7.892304
8.948027
8.110857
8.897632
8.749944
8.486654
7.953994
6.509051
6.866968
6.786816
7.576316
5.848904
6.338179
5.526408
5.015140
6.253400
6.343692
5.796773
5.439479
3.747942
3.891280
3.864961
4.123632
2.448020
2.464496
2.015099
3.286713
2.019962
2.547162
0.997969
0.506516
1.035040
-0.317804
0.237049
-0.155097
0.360162
-1.597944
-0.591238
-0.828506
-1.982517
-1.364543
-2.671125
-3.153024
-3.397258
-2.873739
-3.205065
-2.807648
-3.414448
-4.059931
-4.418106
-4.143723
-6.077114
-4.633066
-6.598331
-4.967936
-5.174629
-7.267926
-6.281807
-6.782272
-7.184926
-7.721330
-7.128627
-7.911547
-8.862336
-8.017238
-7.504801
-9.024305
-8.858917
-9.136992
-8.229980
-9.554898
-9.454325
-9.120970
-9.328370
-10.334994
-9.868732
-10.078276
-9.534294
-8.940324
-8.896128
-10.160487
-9.443726
-10.478590
-9.320832
-10.929194
-10.025172
-9.431977
-10.625641
-9.653671
-10.446234
-9.374422
-8.938517
-9.821207
-9.290418
-9.674949
-9.491402
-10.126675
-10.137540
-8.697539
-9.869868
-9.202498
-8.068751
-8.396238
-8.835002
-8.348472
-8.286748
-7.532751
-6.938378
-7.977077
-7.845798
-5.862288
-6.731995
-5.422915
-6.933621
-5.847457
-6.616169
-4.865368
-4.412682
-5.468932
-5.483657
-4.108502
-4.153717
-4.031476
-3.060676
-2.769026
-3.318399
-3.449711
-2.379441
-2.824890
-1.479201
-1.565828
-1.831138
-1.354966
-0.277862
0.930454
