0.388373
1.271308
1.926133
0.554028
0.976281
2.370761
1.864540
1.669473
2.853329
2.165592
3.945305
2.982657
3.346726
4.186703
5.354671
4.683894
4.309076
4.821009
5.253187
5.156150
5.552978
7.002157
6.622869
7.297447
6.638739
6.464347
7.908510
7.593595
8.538020
7.576780
8.800778
8.031664
9.131933
9.390677
9.326688
9.479925
9.985356
9.935443
8.959922
9.059304
9.287334
9.440041
10.208389
10.069708
10.033545
10.573820
10.069330
9.258552
10.165407
9.856760
9.124929
10.688352
10.745186
9.706462
9.293331
8.859010
8.818889
10.469647
8.890997
9.561473
9.866899
10.104388
9.999090
8.048768
8.137370
7.809302
8.197346
8.477237
8.239557
8.984044
7.892208
7.227111
8.480698
7.084449
6.317950
7.830776
7.483142
6.075525
6.683884
5.952902
5.708169
5.422795
4.165402
5.439499
4.923909
4.699109
3.487581
4.472203
2.785098
3.308718
2.438357
2.337210
2.035015
1.000297
1.214843
1.117107
1.161078
0.661924
0.479645
0.728216
-0.999456
-0.508535
-0.941841
-1.365600
-2.171918
-2.827282
-3.146540
-3.334173
-3.244219
-2.902051
-2.956071
-2.942622
-4.960857
-3.827949
-3.677782
-5.573192
-6.090015
-4.902562
-4.743140
-6.056433
-6.794572
-5.542732
-6.982153
-6.757268
-8.016051
-6.988743
-7.280061
-7.033422
-8.427973
-8.071144
-7.804706
-7.800510
-7.893895
-9.215629
-9.030832
-8.257566
-10.093266
-9.734896
-10.233225
-9.206575
-9.598649
-9.449930
-8.830230
-9.676235
-10.052026
-9.905023
-9.946266
-9.648759
-10.214623
-10.750198
-10.345556
-10.728151
-9.902149
-10.617676
-9.738360
-8.853892
-9.975130
-8.936804
-9.499889
-9.479549
-9.048660
-10.100930
-9.629090
-9.644625
-8.444380
-8.942620
-8.275387
-8.861252
-7.852602
-8.175147
-8.172161
-8.506390
-7.034187
-7.523244
-6.425545
-7.414489
-5.802333
-5.448708
-5.806029
-5.175313
-6.350850
-5.733531
-4.186335
-5.549131
-3.540224
-5.081127
-3.342012
-4.388702
-2.977679
-3.554780
-2.979033
-2.126484
-2.996243
-1.060935
-2.189610
-1.403000
-1.482944
-1.535281
0.431956
-0.109362
