0.765796
0.002987
1.919844
1.995435
1.366780
2.195861
2.835380
2.394854
2.244905
2.671570
4.059961
3.186143
4.622601
3.729428
3.676221
5.572779
6.058342
6.157658
5.863799
6.776914
6.107837
7.365935
5.861134
6.723388
6.279465
8.132100
7.953558
8.408412
7.465195
7.929271
7.294422
9.195576
8.009295
8.631873
9.504835
9.943210
10.129281
8.691353
10.298846
10.009720
8.604945
9.621877
9.855693
10.279565
10.748088
10.847642
10.739556
10.363059
10.277636
10.136399
10.840278
10.011110
9.256423
9.611430
10.270824
9.491866
10.335204
9.090878
10.236122
10.026318
8.926244
9.293693
9.735802
8.699666
9.071605
8.994314
7.638846
8.725980
8.476744
7.134096
8.386887
8.319654
7.824413
6.608352
6.565352
6.642419
6.597840
5.463752
6.101413
5.920416
6.585495
5.646768
5.467473
5.034479
4.429219
5.017268
3.145724
4.317822
3.235723
3.625822
2.692928
3.020779
1.390892
2.260117
2.458455
0.429514
0.738531
-0.052078
0.413714
-0.149254
0.581532
0.025660
-1.075005
-2.019466
-1.845781
-2.071623
-3.134235
-2.678607
-2.768538
-2.761104
-4.056341
-3.371940
-4.457299
-4.864089
-5.501461
-3.947384
-5.813036
-6.174524
-6.387937
-5.537244
-6.374064
-5.774070
-5.770186
-7.094685
-7.152019
-6.545160
-7.331112
-7.988777
-7.816850
-8.263601
-8.702405
-8.147604
-8.493363
-9.614318
-9.835171
-9.614623
-9.888836
-9.828839
-9.547906
-9.391694
-9.950065
-10.570310
-9.924035
-9.994343
-10.479108
-10.668518
-9.565454
-9.559122
-10.832904
-9.249691
-9.223661
-10.927090
-10.301070
-9.126325
-9.475493
-10.787443
-10.267519
-8.831236
-9.640351
-8.925271
-8.752417
-8.477734
-9.773599
-9.906785
-8.887943
-7.858206
-7.941695
-9.178685
-8.667393
-8.566197
-8.462978
-6.965447
-6.907196
-8.084669
-7.821443
-6.013350
-7.004159
-6.220805
-6.701782
-5.555295
-6.107769
-6.070855
-5.931442
-5.215865
-4.368077
-4.749807
-4.469590
-4.424501
-3.265466
-3.988916
-3.187295
-2.055920
-2.025403
-2.634711
-2.444091
-1.563329
-0.873193
-0.413636
0.490709
0.068861
