0.420057
1.015757
-0.008847
2.177820
1.476367
2.260976
2.057554
2.866606
2.891065
3.943314
4.207696
4.085876
4.747641
5.056258
3.564685
4.460158
5.080652
4.688643
6.206232
6.021155
5.316722
6.764255
6.530872
7.688107
6.235868
7.447095
8.417034
8.237385
7.124945
7.897495
9.155123
8.737151
8.050223
8.316626
9.315261
8.186535
9.250458
10.011959
8.940835
10.184605
9.627020
10.445930
9.928078
9.880180
8.914015
10.477298
10.277492
10.348128
9.509660
10.407307
10.244879
9.927932
10.495733
9.112655
9.112347
9.890769
9.971596
9.782905
10.302326
10.263985
8.500957
9.979022
9.922443
8.484242
8.816410
8.188502
8.955643
9.410600
7.354337
7.753867
8.394866
7.668709
8.223783
7.323262
8.012041
5.971929
7.458859
6.798674
6.958009
5.489932
6.341173
6.268794
4.821747
5.749378
3.652430
3.415006
3.976485
3.330985
2.388870
3.194276
2.577206
3.137756
1.396337
1.346569
1.597325
0.715090
1.498309
1.613994
0.827489
-0.410370
0.329425
-0.133243
-1.795162
-0.335045
-1.483510
-2.612053
-2.858165
-3.157245
-3.357381
-3.347092
-3.373887
-3.347090
-4.704770
-3.751267
-4.630750
-3.898500
-5.301312
-4.901694
-5.768167
-5.455368
-6.488043
-7.209208
-6.670997
-6.261812
-6.855714
-6.311421
-7.725091
-7.855091
-8.661629
-7.162998
-8.775546
-8.592426
-9.280255
-8.665467
-9.566525
-8.220742
-9.693660
-8.732033
-9.427026
-9.086723
-9.039191
-9.826960
-9.348542
-10.528570
-10.170799
-9.932094
-10.221335
-8.986077
-9.069931
-10.602309
-10.712487
-9.572890
-10.226061
-10.829028
-10.582034
-10.387148
-9.072916
-10.684483
-9.738218
-9.838982
-9.204070
-10.284759
-9.750550
-9.777139
-8.470098
-8.060197
-8.182386
-8.955962
-8.266961
-8.619731
-7.531838
-8.270416
-8.377578
-7.216858
-7.468310
-5.975701
-5.851793
-6.536914
-6.462053
-5.045988
-5.317820
-4.823536
-4.883654
-5.227089
-4.670373
-4.703097
-4.789800
-3.085350
-2.705862
-3.765247
-3.596294
-3.212749
-2.430484
-1.372330
-2.545493
-2.167759
-1.729632
-1.248504
0.097755
0.349234
