0.105243
1.511303
1.227416
0.734683
0.637130
2.114864
2.841557
2.564827
3.740846
3.966031
2.751685
3.898578
3.025712
4.182499
4.150568
4.283779
4.165004
6.222032
5.562278
6.042822
5.427465
7.025544
6.568526
6.371027
7.965544
6.542501
6.530541
7.885818
7.033464
8.467520
7.713130
8.204794
8.521781
7.783764
9.470080
9.492939
8.815621
8.910953
9.816466
9.600629
8.907015
9.745546
10.376828
10.205525
9.767769
9.042054
9.667959
10.261720
9.808280
9.661010
9.132709
9.270841
9.542101
10.055598
9.113212
10.497520
10.709839
9.652041
10.380996
9.402771
8.743570
9.099641
8.774302
9.748996
9.066968
8.686642
9.472021
9.244885
9.267959
7.186567
7.171917
7.460541
6.950177
6.662082
7.423458
6.421528
6.952327
6.879824
5.967825
6.803883
4.970779
4.445007
5.753082
5.169028
5.089266
4.899549
3.892388
3.071902
2.705814
3.554692
1.852062
2.483271
2.609960
1.131940
0.703477
1.513494
0.526188
1.523225
1.187354
0.951876
-1.256013
-1.511515
-0.530803
-1.951366
-1.096449
-0.961377
-2.083130
-3.001108
-2.765414
-2.961948
-2.555009
-3.022349
-3.324010
-3.668539
-4.431647
-5.045141
-6.006937
-5.867885
-6.311527
-6.330609
-7.081533
-7.057055
-7.256532
-7.368183
-6.729215
-6.842980
-7.641352
-7.497587
-7.323105
-8.757922
-8.799817
-7.937462
-8.315537
-9.519496
-9.064226
-9.145905
-9.732451
-8.540893
-10.189997
-10.254147
-10.436636
-10.673947
-9.753082
-9.420250
-9.516291
-9.400720
-10.711613
-9.921232
-9.900132
-9.882987
-9.885020
-10.773881
-10.613460
-9.515309
-9.882751
-10.760922
-8.871672
-9.586027
-9.993837
-9.383285
-9.709864
-9.240240
-8.199162
-9.439657
-9.711227
-9.648366
-8.529189
-7.782463
-9.230788
-8.716145
-7.342264
-6.893803
-6.957105
-6.572807
-6.666030
-6.329999
-6.677766
-5.837201
-7.049641
-5.909195
-5.013698
-4.564373
-4.601849
-5.338145
-5.121439
-5.082010
-3.519662
-3.058079
-3.097395
-2.166630
-3.069275
-2.875745
-2.787089
-1.248049
-1.367868
-1.259767
-1.204077
0.075545
-0.978076
0.565803
