-0.299261
0.843138
1.237554
2.236294
1.101744
1.429404
3.031470
3.460029
2.396188
3.731106
3.294643
2.722677
3.837783
4.078999
4.017876
4.246504
5.236708
5.633802
5.356890
5.044867
5.238585
7.358595
6.675317
7.030610
6.274188
6.577287
6.803871
6.734175
8.801950
7.555131
7.456133
8.399616
8.515125
8.003296
8.704580
8.485322
9.278109
8.676264
10.377931
10.438665
10.343933
8.872491
8.958063
10.286201
9.120081
10.442815
10.232897
10.608466
9.720133
10.019880
9.931589
10.516097
10.787233
9.926083
9.673051
9.141047
10.346595
10.493572
10.265767
9.336037
9.076979
9.523146
8.392265
9.132110
8.806665
9.230031
8.936006
8.704628
8.849119
7.574545
7.613363
8.122989
7.385963
8.156180
6.430264
6.291776
7.608679
5.537136
5.338615
6.156250
4.790765
6.252698
4.489417
5.344875
4.645007
3.675178
3.242817
2.889097
3.112966
2.096519
3.446107
2.831334
2.334555
2.158623
2.344715
0.475137
0.376695
0.276390
-0.509924
0.525088
0.296172
-0.787252
-0.553460
-0.538720
-0.600620
-2.570884
-2.159760
-1.931796
-1.951698
-2.599081
-3.969370
-3.260581
-4.778909
-5.251192
-4.329425
-5.748719
-5.278921
-4.536811
-5.878523
-6.476542
-6.992385
-6.038781
-6.291877
-7.496147
-6.778569
-6.708641
-8.295927
-7.999214
-7.972821
-7.309133
-9.029557
-7.905366
-8.329206
-7.851718
-9.828824
-10.036307
-8.614176
-8.796398
-10.330134
-10.131573
-9.017975
-8.752563
-10.314059
-8.923610
-9.699380
-10.431276
-10.263890
-9.708970
-9.151717
-10.323220
-9.519187
-10.510742
-9.507293
-9.427518
-10.669450
-10.666455
-10.217918
-8.825732
-10.491271
-10.176623
-8.803854
-10.263004
-9.530522
-9.573682
-8.634973
-9.420339
-9.256174
-8.800429
-7.908891
-7.814488
-8.041329
-8.518885
-8.478606
-7.714207
-7.619413
-7.255984
-6.283421
-6.658474
-5.269698
-5.612964
-6.536612
-4.621675
-5.619542
-5.518542
-4.901773
-5.113485
-3.340581
-4.366986
-3.332152
-2.562037
-2.031624
-2.462426
-1.518463
-2.082401
-1.406337
-0.635203
-1.665828
-1.140431
-0.303737
0.823192
