0.560808
1.193745
0.390221
2.092338
1.686855
2.189288
2.526946
3.483859
2.396562
2.635015
2.706628
3.882900
4.520977
4.701045
5.296039
4.316987
4.365320
5.050103
6.319306
5.020695
6.099828
6.440276
6.715927
6.121477
6.461151
6.897945
7.362538
8.074142
8.688782
7.611730
8.569634
7.803822
9.339606
9.503525
8.301083
8.171391
9.060406
10.150199
9.906632
9.792528
8.819796
9.511940
10.278821
10.759776
9.275161
9.125660
10.539969
9.456115
9.776597
9.295803
9.250574
9.267752
10.050978
10.657902
9.551273
8.863416
9.484415
10.664385
8.610064
9.328018
8.550029
8.666086
9.083626
9.669202
9.516965
7.953518
8.357702
7.496807
8.279675
7.223988
7.922319
7.519631
7.139504
7.372704
6.695953
7.797617
7.516458
7.104643
5.578920
4.925336
4.791701
4.831260
5.159130
5.782090
3.813351
3.378779
4.610997
4.228116
3.529813
2.530221
2.313002
2.716582
1.572345
2.871709
1.599928
0.415914
1.681143
0.136612
0.860679
-0.922176
-0.004464
-0.083680
-1.401638
-1.505074
-1.576700
-2.360692
-2.847537
-2.928722
-2.615081
-2.513428
-3.757463
-4.172095
-3.826648
-3.966632
-3.589833
-4.117055
-5.377195
-5.313478
-5.035410
-5.176686
-5.966191
-7.075637
-7.488946
-6.794239
-7.716627
-7.549375
-8.187283
-6.925446
-8.724203
-7.449096
-7.474883
-8.870541
-8.225711
-8.872715
-8.437997
-9.918003
-9.692052
-8.866466
-10.126862
-9.008369
-8.734986
-9.246485
-9.985674
-9.155229
-9.162724
-10.695157
-10.147184
-10.773836
-10.151063
-10.663102
-10.007759
-10.723820
-9.545979
-9.220755
-9.507489
-9.060057
-10.630756
-8.899936
-8.737640
-10.131170
-10.022380
-9.146374
-9.797112
-8.935153
-9.453398
-8.392327
-9.075252
-8.597401
-7.626523
-8.041182
-7.517151
-8.196726
-7.724893
-6.825043
-7.207200
-7.373743
-5.799924
-7.084990
-5.445198
-5.687396
-6.177896
-5.139810
-5.229955
-5.171334
-3.953389
-4.007107
-2.984584
-2.761613
-2.610788
-3.243557
-2.919162
-2.733626
-2.387107
-1.915092
-0.664148
-1.984436
-1.259745
0.224868
0.251679
-0.283937
