-0.296801
0.036820
0.644739
1.728170
1.112527
1.307873
1.227190
1.998514
2.150687
2.203266
4.315672
3.372204
4.506761
3.328690
5.454618
4.374169
4.900777
6.071204
4.732310
5.911069
6.226202
5.747077
7.594275
6.632092
6.220222
7.177420
8.341975
6.770786
7.704750
8.699435
8.728651
9.106753
7.869044
9.748363
8.711274
8.690622
8.734056
9.048329
8.738390
9.688733
9.463287
9.775174
10.345815
9.317348
9.933840
9.121865
10.192024
9.811522
9.207740
10.357193
9.653331
9.202746
10.126501
10.766956
9.108418
10.464924
9.460242
9.679164
9.367447
8.612485
9.183739
9.389988
8.749902
9.426155
9.479343
8.071257
9.237872
8.172625
7.958748
8.609547
7.951320
6.776973
7.824823
7.547519
7.635320
5.874725
5.696246
5.480775
6.305377
6.291251
5.556230
4.803300
4.119795
5.580232
4.616763
3.662979
4.716430
4.589975
3.260984
3.406035
3.345330
2.698521
2.724377
1.139946
2.559841
2.180674
1.812105
1.033283
0.248458
0.614484
-0.332652
-0.806290
-0.262380
-1.716528
-1.338182
-2.870268
-2.499768
-3.016208
-2.432178
-2.105885
-3.559767
-3.110006
-3.532337
-4.693617
-4.513468
-4.310700
-4.778239
-5.163120
-6.353838
-6.057654
-6.971111
-5.838470
-7.434004
-7.440742
-7.722256
-7.461892
-8.481586
-8.128743
-7.879236
-7.218329
-7.497784
-8.243241
-8.707295
-9.004669
-8.777686
-8.146476
-8.498767
-9.694730
-9.176706
-8.511638
-10.569172
-9.821813
-10.460929
-10.240623
-10.483576
-10.879222
-9.489771
-10.110969
-9.485465
-9.934021
-10.429830
-9.797621
-9.427862
-10.155155
-10.425090
-10.804974
-10.364447
-9.349361
-9.248525
-9.683427
-9.065979
-9.016629
-9.434401
-8.436493
-9.036051
-8.643741
-7.710290
-8.678092
-7.569365
-7.447740
-8.715384
-7.059282
-6.529694
-7.252507
-6.683630
-6.008346
-6.061549
-6.063306
-5.921992
-5.985653
-5.009415
-5.382635
-4.360542
-5.650513
-4.032224
-4.629833
-3.035641
-4.375786
-2.915651
-2.176035
-3.047946
-3.159640
-2.078371
-1.616678
-2.251618
-0.327851
-1.579817
-0.521437
0.617520
-0.008365
