0.807154
0.452942
0.713085
0.925154
1.380553
1.312862
1.221007
1.847094
3.658058
2.511752
2.926149
3.491683
3.379459
4.026666
3.620332
4.596560
5.851343
5.329506
6.288995
4.922195
6.666026
7.123129
7.404665
7.502581
6.495743
6.992105
7.219371
8.375199
8.309819
8.842233
8.462761
8.761032
9.420529
8.904257
8.292359
9.724571
10.153475
10.144324
8.538261
10.073059
9.766187
9.749802
9.253749
10.459116
10.264311
10.193985
9.296000
10.840323
10.225606
9.316491
9.167342
10.332362
10.180755
10.304040
9.791045
9.914559
10.341329
9.845065
9.871957
10.271155
8.479594
9.009268
8.189893
9.954755
9.021945
8.520075
9.186325
8.886479
8.150391
7.235479
6.979466
7.716176
7.501728
6.659554
6.601399
7.377621
5.895143
5.930360
5.772433
6.674654
4.875607
4.563066
5.027184
5.310505
3.997444
4.283144
4.489030
2.747761
3.325451
4.043035
3.295640
1.640592
2.531555
2.635641
1.643242
1.049419
1.727516
-0.042094
-0.026835
0.166304
-1.253776
-0.301616
-1.016332
-1.509695
-0.931041
-1.422753
-1.598852
-1.660449
-2.315828
-3.677504
-2.815297
-3.778827
-4.595294
-4.364831
-4.442549
-5.761918
-4.397466
-4.515499
-5.832216
-4.911826
-6.804977
-6.893405
-6.949206
-6.044591
-7.596276
-6.754875
-8.020116
-7.769495
-7.959508
-7.438292
-7.967579
-8.898966
-9.237260
-9.096277
-8.184066
-9.562809
-9.464674
-8.905363
-9.925376
-10.035544
-10.361223
-10.499497
-10.684761
-9.053210
-9.363813
-9.281586
-9.723888
-10.789898
-10.080098
-10.106986
-10.704348
-10.524803
-10.850916
-10.382322
-10.230095
-9.948416
-9.131907
-9.797354
-8.663212
-8.781433
-9.481584
-9.015206
-9.468116
-9.188197
-9.653628
-8.061374
-8.960414
-7.877850
-8.854602
-8.507876
-8.023936
-7.485145
-7.983556
-7.435231
-7.281371
-6.525723
-6.399315
-6.735776
-5.761065
-6.863088
-5.931016
-6.304081
-5.871021
-4.907310
-4.613894
-3.299457
-3.252645
-3.990241
-4.378466
-3.258623
-2.974694
-3.158737
-1.378017
-2.421999
-0.622905
-1.040795
-1.562298
-1.315812
-0.174677
0.737021
