1.064856
1.026594
0.145236
0.284132
2.250017
2.368663
2.365356
2.640684
3.075635
3.942669
2.958595
3.668637
4.817403
4.981906
4.886073
3.849348
5.259247
5.749486
5.837530
5.884375
6.556617
5.594193
5.649539
6.956830
7.645925
7.365633
8.004520
6.744996
8.033973
7.789312
8.571702
9.115895
7.751511
9.424119
8.819494
8.163573
9.248384
9.117210
10.000023
9.591440
9.536721
10.070054
9.093302
9.504050
9.124485
10.187102
9.555517
10.474971
10.974449
9.770418
9.563450
10.385800
10.449520
9.295319
10.849205
9.824223
10.187395
10.018599
9.199062
9.533504
9.251993
8.645639
9.526521
8.871242
8.886811
8.126033
7.653840
8.168249
8.928981
7.515051
8.481114
7.938075
7.458416
8.245340
7.791272
6.667229
6.781179
6.086671
5.565364
5.625526
5.892828
4.504862
4.706568
5.719843
3.682234
3.769538
3.427403
3.941801
3.541381
2.876721
2.164468
2.452880
2.546184
0.983357
1.254280
2.149177
0.151212
0.986269
0.788368
-0.023512
-1.109590
0.343193
-1.426949
-0.750271
-2.206898
-1.373695
-2.988609
-1.668047
-3.230708
-2.405203
-4.227568
-2.844189
-3.048623
-4.645616
-3.964119
-4.889970
-5.549456
-5.733019
-5.807946
-5.860615
-6.001889
-5.651777
-6.523514
-6.263314
-7.301956
-8.255700
-6.684107
-8.044937
-7.757099
-8.577025
-7.610793
-8.059498
-8.915573
-8.298529
-8.649151
-9.978022
-9.983791
-8.788407
-9.100648
-8.519928
-9.843868
-9.425343
-10.751392
-9.426554
-10.774782
-10.836362
-9.578055
-10.372973
-9.334924
-9.477999
-10.120494
-10.825717
-9.396814
-10.699934
-9.730567
-9.658966
-8.805279
-9.262393
-9.322137
-8.657422
-9.612245
-8.584015
-9.137879
-9.159042
-8.626859
-9.087016
-8.078973
-7.887613
-8.380745
-8.525920
-6.924633
-6.780432
-7.134850
-7.176005
-7.965114
-5.986662
-6.319082
-6.639103
-5.567430
-6.740054
-4.837321
-5.490351
-4.965875
-5.429771
-5.383577
-3.373867
-4.679949
-4.059571
-2.501315
-2.147008
-3.759517
-3.334165
-1.609329
-2.649242
-2.225229
-1.257981
-0.029011
0.101080
-0.771351
-0.250515
