-0.185111
0.570687
0.924439
1.044899
1.287630
1.435916
2.123514
3.081298
2.511199
3.315979
3.455721
2.906891
3.034704
4.774447
4.888534
5.572619
6.062127
4.378321
6.278874
6.692897
5.660287
7.364580
7.120359
7.418625
7.554606
8.075201
7.417739
6.782909
7.545194
8.513405
7.650218
8.942998
7.771214
8.909653
9.781446
9.414455
9.015053
9.861992
10.176094
10.063281
9.490251
10.356800
8.965534
10.090989
9.434048
8.960005
9.974973
10.909841
9.682675
9.637277
9.738665
10.584150
9.096985
10.908578
10.102014
10.181287
8.850391
10.022561
9.892683
9.442625
9.349935
9.899501
9.467256
8.470481
9.882843
8.834473
8.242218
7.717255
8.798690
7.436931
8.569631
7.689771
6.704595
7.019145
7.690216
7.156593
6.353919
7.264948
6.159833
5.811295
5.261506
4.919339
5.644335
4.133431
3.800204
4.678050
4.713952
2.903134
4.310586
3.319686
3.484496
2.694572
1.984894
2.545618
1.319906
2.164805
1.484685
-0.350542
0.863416
-0.066757
-0.921250
-0.256188
-1.594675
-0.343333
-1.636500
-2.042927
-2.669103
-3.140098
-3.514258
-3.153518
-3.863709
-3.233787
-4.908406
-4.318177
-4.423137
-5.295886
-5.960756
-4.558067
-5.800145
-6.062315
-6.017208
-6.078813
-6.289969
-6.602177
-6.665074
-7.861947
-6.909567
-8.116689
-7.235846
-7.431685
-8.573325
-7.760330
-9.516009
-9.546898
-9.414866
-8.946643
-9.299379
-8.412544
-8.958067
-8.667211
-9.251529
-10.434399
-8.792964
-9.190491
-9.036867
-10.014733
-9.269732
-10.813454
-9.334328
-10.127384
-10.932068
-9.832136
-10.805056
-9.261831
-9.597997
-10.570540
-10.017397
-9.149193
-8.630472
-9.813650
-8.892845
-9.978219
-9.354103
-8.359336
-8.684755
-9.554145
-8.873470
-9.382396
-7.912541
-8.588320
-7.962764
-7.184944
-8.417097
-8.024830
-6.274277
-7.193107
-5.871083
-5.844297
-5.346766
-6.869998
-5.187548
-4.961739
-4.538600
-3.953865
-4.122953
-4.618465
-3.222334
-3.269905
-4.022163
-2.341965
-3.349458
-3.405035
-2.762236
-1.863297
-0.700796
-0.846072
-0.564587
-0.604302
-0.089217
-0.519030
