-0.519070
1.600280
0.330669
2.207391
2.041683
1.111533
2.407640
1.652427
3.367891
3.946992
2.506604
4.391379
3.705672
3.611993
5.296712
5.623830
5.836387
5.639619
6.348911
6.371272
7.014228
6.274353
6.203428
7.118590
6.861975
7.801988
6.665855
7.618226
8.196619
8.249938
8.968374
7.916208
8.129130
8.169970
8.182870
9.375753
9.687084
9.569349
10.370719
10.375121
9.813814
9.571481
9.599782
9.858984
9.094799
10.093919
10.095259
10.392447
10.781173
9.954729
10.031472
9.630717
9.888897
10.079833
10.425970
10.417296
10.329204
9.720384
10.055289
9.887354
10.061251
8.756098
9.758358
9.882984
8.739042
8.985916
8.129332
8.946955
8.582798
8.839322
7.692962
7.364321
7.494869
7.878014
7.180577
5.864668
5.949488
7.342013
6.833607
5.386509
5.573708
6.260070
5.440011
3.910611
5.249597
4.208936
3.842147
2.886382
3.141356
3.237901
1.811707
3.130872
1.789773
2.344489
1.961109
1.451718
1.667295
1.273244
0.233714
-0.640401
0.563881
0.327118
-1.465214
-0.854358
-1.368380
-1.527305
-2.656191
-1.621595
-2.901672
-2.926696
-4.041597
-3.311041
-4.248659
-4.037048
-4.389947
-5.708321
-5.395179
-6.157957
-4.823198
-5.838684
-7.025652
-5.375703
-6.638321
-7.091115
-6.309662
-7.985808
-6.566280
-7.741303
-7.183118
-7.489492
-7.375403
-8.807370
-9.276894
-7.771754
-9.290063
-8.656403
-8.519233
-9.181236
-9.113313
-10.196171
-10.368653
-8.946795
-9.713912
-9.315816
-10.699394
-9.387144
-10.812468
-9.400170
-9.105101
-10.044820
-9.273474
-10.688778
-9.702985
-8.954027
-10.589304
-10.461756
-9.925476
-10.410456
-8.687883
-10.238575
-8.537162
-9.532270
-8.616638
-8.830684
-8.865067
-9.488759
-9.070286
-9.220291
-8.770442
-7.516497
-7.818393
-8.058705
-6.918867
-6.766526
-6.415361
-6.881640
-6.940885
-7.062980
-6.476937
-6.220106
-5.338928
-6.210567
-4.561381
-5.119064
-5.040855
-3.525160
-4.821817
-3.249459
-2.578038
-3.839120
-3.109873
-1.675172
-2.274850
-2.520218
-1.037760
-0.758465
-1.776284
0.298054
-0.373552
-0.478807
