0.549451
-0.300308
0.254368
0.491396
0.592965
1.728320
1.223985
1.987288
3.479047
3.692374
3.582598
3.799574
3.594140
4.962394
5.442570
4.049709
5.067089
4.558851
5.652521
6.375875
6.373205
6.669546
6.956145
6.283963
7.814815
7.919605
7.958545
7.579881
8.503438
7.912482
8.213869
8.732930
9.259803
7.904567
8.996740
8.966060
9.397840
10.030292
8.549820
9.861157
9.612605
9.209759
10.663139
9.765570
10.675831
10.665111
10.385302
9.396782
10.685017
10.899027
9.338809
9.562980
9.274939
9.813361
10.080644
8.939227
9.306857
8.755332
9.598744
9.265067
9.450680
8.614337
8.673340
8.866338
9.733460
8.118576
7.689680
7.663792
9.183218
8.599944
8.581992
7.724595
6.803122
6.794846
6.600805
6.178186
6.994938
6.548983
6.287843
5.676490
4.673543
5.134899
5.348148
4.369097
4.297425
4.353367
4.563657
4.042691
2.717261
2.595619
3.115948
3.241818
2.897654
2.726058
2.214265
1.230970
0.429298
1.306952
1.076941
0.034744
-0.450023
-1.509391
-0.081417
-1.324206
-2.413226
-1.333594
-2.581019
-2.061278
-2.925975
-4.048580
-2.849761
-4.255920
-3.267935
-3.303768
-4.771917
-5.299313
-5.274128
-5.522808
-5.924050
-4.917938
-6.552987
-6.628164
-6.488235
-5.846864
-6.078669
-6.836698
-7.511054
-8.685628
-8.245063
-8.443177
-7.901763
-7.643295
-8.351374
-9.225346
-9.495846
-8.231644
-8.504318
-9.382806
-9.038080
-10.236359
-8.715805
-9.938852
-10.255821
-10.264002
-10.274053
-10.509143
-9.729306
-10.313392
-10.040173
-10.253988
-9.088334
-9.413993
-9.713067
-10.525053
-10.466126
-9.957541
-8.913339
-9.774105
-10.224970
-9.517615
-10.307696
-8.734458
-9.392426
-8.493055
-9.024076
-9.055037
-9.278637
-8.805182
-9.025656
-7.645205
-7.680094
-8.643864
-6.576099
-6.378741
-6.427115
-7.592154
-7.180193
-5.868103
-6.490600
-5.865748
-5.428569
-6.038418
-5.062711
-4.441316
-3.629843
-4.255709
-4.751581
-3.665740
-3.205839
-4.018148
-3.349387
-2.254555
-2.493509
-1.087385
-2.045106
-0.401711
-1.801815
-1.008960
-1.171827
-0.036528
