-0.517362
-0.064461
0.077504
0.826846
2.126091
1.872581
1.615214
3.334177
3.422694
3.383016
3.790057
3.853334
4.222565
4.040974
4.992983
4.528352
4.551072
5.297383
5.193576
5.631249
6.624665
6.392275
5.844003
7.837053
6.198630
8.128070
8.178323
8.445771
8.342151
7.337696
9.038250
9.322929
8.900513
8.758379
9.104068
8.653325
9.190208
8.364123
9.626672
8.610476
9.729572
9.684240
8.979806
10.331343
10.314830
9.579689
10.765014
9.967292
9.266233
9.412750
9.986777
10.948183
10.641022
9.999289
9.193297
9.083703
10.290491
10.395584
8.886203
8.867406
8.736241
9.246223
10.175338
8.547862
9.369156
9.001783
9.315998
8.610418
7.759937
8.740412
8.290195
8.055607
8.046605
7.370722
6.911056
7.445310
6.496929
7.218748
6.861972
6.115802
5.186751
5.869957
5.834169
4.231999
4.905756
3.686557
3.053584
4.398002
3.432510
3.188850
2.557403
2.670715
2.429750
1.235097
2.437370
2.190471
1.391762
1.049342
0.438178
-0.638727
-0.547800
-0.538181
-0.546689
-0.591492
-1.254213
-1.615886
-2.985912
-2.136064
-2.069726
-2.590822
-3.962834
-4.455878
-4.725651
-4.228994
-3.819591
-5.171889
-5.526890
-4.400010
-5.738335
-5.014030
-7.082563
-6.728173
-6.310544
-6.833538
-6.718326
-7.709186
-6.820739
-7.297222
-8.576701
-8.313069
-8.463757
-8.391141
-8.360312
-8.046011
-8.279163
-9.356840
-8.993967
-9.516419
-9.961666
-9.548222
-10.063860
-9.080392
-10.684975
-10.142869
-9.667987
-9.594192
-9.200118
-10.125806
-9.678012
-10.061457
-9.333182
-10.910014
-9.287544
-10.300766
-9.523200
-9.513045
-9.530717
-9.096768
-9.061108
-9.140754
-8.488318
-10.260326
-9.535047
-9.040023
-8.593103
-9.604509
-8.589238
-8.999032
-8.324294
-8.908134
-8.089575
-7.726829
-6.843601
-6.965416
-6.431444
-7.226756
-7.411442
-6.633923
-5.487745
-6.502828
-4.730478
-5.864830
-4.502615
-5.740957
-3.617074
-3.660438
-3.414304
-4.346383
-3.231515
-3.288695
-2.535191
-3.047154
-2.377119
-1.388820
-0.843037
-1.145052
-1.302901
0.173692
0.066592
-0.596759
