1.284966
0.961660
0.596142
0.964612
1.727209
2.850776
2.574490
3.108664
2.384826
2.925274
3.248063
3.578956
3.435578
3.704550
4.989977
4.417467
5.677343
5.111116
4.866059
6.236386
5.640323
6.174669
6.410157
7.253648
7.198835
7.167006
7.201497
6.876805
8.594880
7.896857
7.324588
8.465892
8.950827
8.232825
8.252621
8.846114
9.859256
9.359828
9.389272
9.627731
8.865801
8.939042
9.926915
10.326723
8.953132
10.883123
8.972648
10.636194
10.973174
9.322634
9.552265
10.112217
9.752432
9.485755
9.267113
9.675203
10.503854
10.087688
9.455675
9.700360
9.850345
10.147356
8.858231
9.268315
8.394600
8.879448
7.879940
8.795654
8.739804
8.495091
7.254077
8.046603
6.549494
8.213007
7.564619
6.121163
7.278175
6.426694
6.857392
5.440053
5.540537
6.062150
5.725057
3.851824
4.151426
3.650441
3.265605
4.193108
2.659470
2.577207
3.342477
1.617703
1.493322
1.520427
2.408233
1.295329
0.807235
-0.229161
-0.374864
-0.285916
-1.226888
-0.045734
-0.386365
-0.437699
-1.703295
-1.713275
-2.853206
-3.377939
-3.201059
-2.358209
-3.726177
-4.171584
-4.055737
-4.318930
-4.653316
-5.034856
-5.044645
-4.624192
-6.571490
-6.750572
-5.653493
-7.005213
-7.019088
-7.444377
-7.189632
-7.200590
-8.308610
-8.346647
-8.812976
-8.601450
-8.188737
-8.697353
-8.092438
-8.792644
-9.724057
-8.969435
-9.813077
-9.301318
-9.759461
-9.251756
-9.019470
-10.663343
-9.804486
-10.536793
-10.861946
-10.381318
-9.418625
-9.738007
-10.061461
-9.629925
-9.025202
-9.504857
-10.824764
-10.441611
-10.127298
-9.047503
-9.634078
-9.331224
-10.043249
-9.684127
-9.410112
-9.848401
-9.233366
-9.716545
-9.774021
-9.368522
-7.622559
-8.660940
-8.205705
-7.986574
-8.253525
-7.685383
-7.259778
-7.024164
-6.695488
-7.842274
-6.950477
-7.132971
-5.618987
-5.611686
-5.343885
-4.759547
-5.923327
-4.235827
-3.589684
-4.873728
-4.026814
-4.207085
-3.097094
-2.464035
-2.364817
-3.083782
-2.679265
-0.898607
-1.886142
-0.313149
-1.227850
-0.905253
-0.682986
-0.326477
