0.712642
0.374626
0.041973
1.416748
0.942194
2.484148
2.393953
1.947314
3.368872
3.017128
3.438314
4.097200
3.543114
3.614642
5.529391
4.383809
6.014474
6.192222
4.701936
5.041653
5.232169
5.594545
6.294540
5.990269
7.183310
6.737003
7.637480
6.910258
7.289891
7.184272
9.183866
7.622802
8.419463
8.220689
8.462799
9.914366
9.622306
8.366270
8.797986
9.998387
10.325417
9.364514
9.476584
9.544276
10.659460
10.787541
10.566871
9.821809
9.565503
9.249691
10.793962
10.185265
9.716832
10.775334
10.777452
10.707937
10.127476
8.902115
10.450303
10.299429
9.780762
8.679474
9.729162
8.771950
8.422159
9.588434
9.579174
9.102596
8.947764
8.762463
8.665628
8.636886
7.524133
7.597758
6.384870
6.792283
6.164942
7.361561
6.272079
6.347192
6.211439
6.050251
4.667553
4.339706
3.658831
4.245659
4.261188
3.711384
3.554951
3.425451
2.832533
2.884532
2.092213
1.544157
1.544596
1.105019
1.875801
0.511549
-0.067326
-0.446228
-0.542272
-0.766371
-1.879404
-1.176322
-1.495502
-1.205218
-2.255710
-3.150030
-2.617985
-3.093163
-2.614544
-3.703643
-3.575695
-4.588504
-4.843165
-5.636093
-5.417170
-5.192016
-4.749249
-5.584030
-5.474859
-6.448690
-5.790266
-6.617039
-6.278243
-7.393096
-7.485392
-7.413640
-8.800527
-7.234035
-9.091280
-8.328258
-8.201725
-8.991556
-9.891236
-9.943580
-9.530156
-9.811241
-8.492286
-9.972249
-10.037539
-8.872123
-9.221521
-10.521623
-10.683950
-10.085346
-9.807619
-10.435446
-9.128578
-9.707582
-9.369741
-9.993180
-9.929810
-10.125544
-8.878866
-10.039368
-9.996848
-9.519751
-9.377627
-8.755544
-8.956320
-9.188927
-9.614311
-8.493146
-7.994683
-8.577788
-9.398339
-8.632577
-8.408965
-7.801646
-7.924590
-7.155716
-8.009894
-8.145948
-7.876718
-7.573145
-5.618970
-6.935159
-6.109288
-5.565178
-5.106223
-4.789431
-5.906002
-5.057128
-5.191446
-5.047754
-3.097573
-3.430810
-2.577530
-2.888279
-3.295094
-2.943926
-3.177069
-1.601926
-0.572789
-1.631215
-0.161222
-0.174008
-0.833956
-0.457822
