1.264101
1.308138
0.791180
2.111217
0.767495
2.872600
3.014752
1.613929
3.657149
3.451737
2.571757
3.055984
4.852820
3.808006
3.616323
4.600810
5.050768
5.338658
6.219002
6.872603
5.670965
6.482534
6.368738
6.549743
7.470337
8.170137
6.846820
7.531991
7.617303
9.023672
8.229195
7.861979
9.093081
8.167178
8.967961
8.824228
10.119828
10.244871
8.995993
9.396244
9.022389
10.604053
9.171264
10.455910
9.333999
9.314441
9.954969
10.910542
9.274011
10.143174
9.549685
9.161206
10.198160
10.754130
9.765733
10.195905
9.859594
10.171016
10.309446
8.981381
8.803843
8.834732
10.058279
9.629928
8.987931
7.857331
9.508600
9.417948
8.999462
8.862738
8.419801
8.292770
6.851528
7.294879
6.743910
6.646823
6.829580
6.950985
5.561638
6.696985
6.035086
5.978353
5.008940
5.574800
5.439146
3.691231
4.047861
2.807577
2.425758
2.642353
2.553636
1.608990
2.217276
1.424473
2.432286
0.771345
1.668799
1.268236
0.452828
0.169897
-0.977427
-1.136084
-1.705814
-0.404373
-1.026471
-1.058198
-2.123241
-2.074568
-2.393456
-2.176395
-2.413587
-3.591469
-3.752460
-4.268815
-4.629535
-5.452701
-4.671572
-4.991850
-6.466045
-5.078942
-6.461890
-6.395849
-5.939883
-6.400701
-6.351552
-8.244903
-8.483393
-7.819645
-7.501786
-7.166387
-8.693960
-8.829313
-9.316910
-9.223606
-9.706625
-9.304756
-8.225364
-9.108097
-10.320769
-9.411150
-8.984551
-9.010842
-10.433938
-9.824168
-9.203737
-9.780766
-10.768800
-10.873709
-10.914773
-10.460462
-10.976688
-9.223861
-9.944684
-9.678059
-9.100003
-10.097357
-9.265571
-10.350927
-9.837808
-9.182149
-8.679959
-9.374449
-9.777828
-9.136930
-8.619663
-7.806345
-8.059959
-8.912025
-7.556657
-8.895706
-8.320856
-8.408114
-7.354979
-7.793991
-7.255522
-7.299289
-5.834557
-5.865596
-5.990388
-5.684297
-5.462069
-5.462202
-5.671600
-5.472826
-4.761553
-4.576961
-4.194941
-3.218161
-2.482404
-3.413248
-1.840548
-1.705344
-2.373839
-1.263329
-1.324656
-0.503874
-0.780358
-0.563951
0.612537
0.331232
