0.345690
1.508653
0.980192
1.768264
1.076614
1.505206
2.807407
2.623196
3.233909
2.716958
4.073489
3.980415
4.764187
4.701860
3.582125
4.290236
5.625669
4.423399
5.422179
5.826842
6.150858
6.411554
6.899858
6.729823
7.676772
7.007330
8.066135
8.100187
8.548526
7.620287
8.588086
8.946753
8.232878
8.079844
8.919193
9.138116
8.842877
8.867491
9.124704
9.443185
9.737656
8.710228
9.159343
9.983898
9.916722
10.542405
9.154531
9.281928
10.587790
9.640241
10.762549
10.640926
10.065873
9.434493
9.478593
9.913535
10.230066
9.922241
10.389789
8.966643
9.183531
8.506524
9.365392
8.054257
9.589835
9.234298
7.815074
7.461731
7.683314
7.405255
7.466253
7.179603
8.245523
6.302912
6.290688
6.752578
6.563438
5.773797
5.348262
5.475057
6.447007
5.147512
5.379760
4.473403
4.698323
4.805181
4.946049
2.871432
2.785124
3.006744
3.119992
2.537149
2.458409
1.074295
2.433340
2.034831
1.791366
1.054744
0.547851
0.329294
0.324642
-0.852651
-1.762766
-1.884602
-2.207866
-2.652908
-2.302131
-3.214944
-2.002176
-3.280579
-4.215814
-4.672429
-3.196174
-3.999167
-5.271433
-4.191323
-5.313946
-4.378382
-6.426674
-6.242708
-6.414556
-6.672663
-6.723007
-6.178307
-7.042106
-6.649080
-7.712671
-8.144862
-8.704191
-9.041983
-8.978655
-8.745852
-8.395432
-8.033740
-8.241283
-8.278266
-9.863363
-8.508546
-9.504242
-9.097772
-9.287999
-10.448057
-9.907286
-10.619848
-9.925998
-10.434403
-10.667990
-9.363732
-10.887320
-10.047054
-9.337698
-9.701258
-9.461505
-9.944680
-9.437671
-9.816687
-10.059990
-10.380203
-9.241851
-9.383822
-10.125278
-8.535992
-9.918812
-9.915778
-9.434028
-9.543783
-9.310641
-8.370979
-8.163874
-8.710771
-6.998324
-8.210275
-7.736845
-6.437992
-6.837275
-7.708395
-5.736186
-6.904793
-5.804393
-5.172355
-5.535049
-5.377561
-4.508975
-4.341375
-4.026541
-3.451239
-4.857463
-4.510435
-3.207110
-2.673088
-3.229239
-2.579944
-2.519090
-1.554566
-0.670447
-1.661974
-1.909566
0.224463
-0.951544
0.796016
