-0.170561
-0.140718
0.068574
2.009064
1.250494
1.879601
1.579703
2.302799
2.355036
2.728826
3.052468
3.049860
4.863839
5.031373
4.182783
4.216810
4.742571
4.693693
6.231828
5.218590
5.744246
5.782794
7.359752
7.608307
6.261237
6.780589
7.527629
7.619317
7.879483
8.170533
8.501867
8.291244
7.838716
8.706804
9.694315
9.481243
9.105231
8.900649
9.703613
9.757514
9.453706
10.505397
9.038529
9.140300
10.334348
10.626081
10.591865
10.443457
10.507890
9.967940
10.539781
10.837209
10.037802
9.293050
10.405482
10.293456
10.559778
9.685914
9.534016
9.287521
9.916637
9.424227
8.827691
8.445867
8.570143
7.820238
8.271605
7.580783
8.724891
7.410229
7.568579
7.975843
8.131350
6.359088
6.762586
7.471709
5.953402
5.641114
5.319358
5.916480
5.994496
5.741575
4.333579
4.226778
5.072200
3.299066
4.598691
2.799983
3.921373
3.044410
2.755922
2.611623
1.499744
1.487963
2.372820
1.650536
1.407989
0.326772
1.103249
0.700369
0.105274
-0.633793
-1.270932
-1.683838
-1.301563
-2.559811
-2.735606
-3.375212
-2.155312
-3.898932
-4.301639
-4.423455
-3.387171
-3.645983
-5.069112
-4.015528
-5.844304
-4.632494
-5.837117
-6.823662
-5.804742
-6.407028
-6.727692
-6.378269
-7.872059
-7.548976
-8.490616
-7.050786
-7.761231
-8.706492
-7.698214
-8.889908
-8.871728
-9.243060
-8.784461
-9.693761
-9.136942
-9.633922
-10.230525
-10.248836
-9.465292
-9.008523
-10.260324
-10.322538
-10.640030
-9.376158
-10.579278
-10.925207
-9.172573
-10.060699
-9.153478
-9.271374
-10.202482
-10.344655
-9.208683
-9.829759
-9.459865
-10.149655
-10.096116
-8.587948
-10.398935
-9.755669
-9.802530
-9.439458
-9.539535
-9.059464
-9.284977
-7.528549
-8.460945
-8.621344
-7.364660
-7.883146
-6.927594
-6.885488
-7.588489
-6.163565
-7.086032
-5.913971
-5.769702
-6.847187
-4.697082
-4.772821
-4.183412
-4.360145
-4.989143
-4.488805
-3.997854
-4.114493
-3.742059
-3.245113
-2.417102
-3.041606
-2.444985
-1.054833
-1.983853
-2.200396
-1.149209
-0.536245
0.188370
-0.115340
