0.599007
0.601352
1.611033
1.488544
1.033784
1.275682
2.011944
2.299693
2.870105
3.138312
3.018990
3.533542
3.070800
4.128997
4.475396
4.598832
4.991376
4.538104
5.747943
5.605080
5.167517
7.279647
6.607323
6.646503
7.618549
7.393479
6.848595
8.528645
6.908442
8.484714
7.423151
7.719000
8.609035
9.253670
8.032361
9.446012
10.145427
8.399053
10.142164
9.288405
9.945388
10.321475
9.760538
10.587813
10.121043
9.600779
9.458054
10.131178
9.991926
10.918349
9.190091
9.160276
10.726984
10.440410
9.367598
10.158979
10.671327
10.194438
9.367282
8.716387
8.788911
9.550376
9.063578
8.133311
8.636369
8.763474
8.891287
8.362319
8.265221
7.877301
7.188530
8.587912
7.597623
7.825933
6.805896
7.586884
5.622666
5.475520
6.128746
6.176327
6.061395
4.770145
4.605574
4.839281
5.092428
5.102256
4.321016
3.666067
3.329165
3.032075
3.509426
2.764702
2.955803
2.068904
0.751227
2.134721
1.193192
-0.261274
1.255551
-0.913403
0.143697
-1.281143
-1.134851
-1.582075
-0.874489
-2.106877
-1.457593
-3.310604
-3.705628
-3.897479
-4.286870
-3.224596
-4.518182
-3.486770
-4.924177
-4.928175
-5.314852
-6.118985
-6.545265
-5.352401
-6.944826
-6.117644
-5.629174
-6.950324
-6.617646
-7.603780
-7.931284
-8.596660
-8.082963
-7.420626
-9.213375
-8.794708
-8.159212
-8.415207
-8.778571
-8.074663
-9.932969
-9.572279
-9.545813
-9.050808
-8.895164
-10.125531
-9.513475
-9.052450
-10.830260
-9.412705
-10.158895
-10.327681
-9.365601
-9.086276
-10.673991
-9.076004
-9.292148
-9.819994
-9.195385
-10.179197
-10.746024
-9.494204
-8.849808
-10.046081
-10.329673
-8.575506
-9.101100
-9.533719
-9.264889
-8.252769
-8.177259
-8.360554
-9.028946
-8.730711
-8.060176
-7.770167
-8.175075
-7.425409
-7.350302
-6.596274
-5.882137
-6.921125
-5.954810
-5.724974
-6.359080
-6.237604
-6.015164
-4.638458
-4.623752
-4.664859
-3.996470
-3.372974
-4.002588
-3.084039
-2.247080
-1.514461
-1.589600
-1.554586
-0.724844
-1.149375
-0.809133
-1.164705
-1.077052
0.105264
