1.117083
0.211196
1.428183
0.985331
0.802996
1.004911
1.412469
3.129581
2.100569
2.680044
2.843620
2.796125
3.877435
4.586305
5.384918
5.275896
5.029265
5.611901
5.780833
5.167358
6.977267
5.525954
5.865408
6.829975
7.279054
7.076641
7.320134
7.165526
8.849015
8.832101
8.151414
8.299011
8.464142
9.428118
7.950838
8.348266
8.484982
8.410130
9.737786
9.247558
10.036557
9.204115
10.361376
10.702647
9.653840
9.360940
10.290053
10.034745
9.507779
10.697299
10.252490
10.583546
9.174459
9.822174
9.914612
9.749500
9.748543
9.740612
8.678117
10.167204
9.943341
8.581003
10.134726
8.340185
9.827128
9.347960
8.559136
7.614306
7.727826
8.420864
8.540358
6.796653
7.773785
8.102574
7.282368
6.167766
6.757325
6.673294
5.547786
5.873515
5.814852
6.185955
5.367438
5.275042
3.800890
4.634282
4.237762
4.409423
2.748522
2.193563
3.401675
3.059302
1.991938
1.482927
2.430087
2.135701
1.821131
0.886550
-0.514274
0.249550
-0.379113
-0.544198
-0.205949
-1.093708
-1.308246
-2.188322
-3.152865
-2.746543
-2.679783
-4.011660
-2.983095
-2.847518
-4.507781
-4.212582
-5.420270
-4.650748
-5.107982
-5.447612
-5.891012
-5.264222
-5.898456
-5.582586
-5.997095
-7.561482
-7.742682
-7.798041
-7.512197
-6.881983
-8.395020
-7.939835
-9.127483
-7.858492
-9.437930
-7.864912
-9.439674
-9.260696
-9.309407
-10.114498
-10.251243
-10.311488
-9.770771
-9.926386
-9.013624
-9.627889
-8.994989
-8.993249
-9.997641
-9.502792
-9.594255
-9.577916
-9.470674
-10.084277
-10.127163
-10.147804
-9.752000
-9.637061
-10.407297
-9.163094
-9.103358
-9.228724
-9.938829
-8.997210
-9.466531
-9.293639
-7.934599
-9.653435
-8.140376
-7.700233
-7.345778
-8.119815
-8.010581
-6.818777
-7.778166
-6.501790
-6.475967
-7.487506
-6.576687
-5.456306
-5.504024
-6.082354
-5.135126
-4.881316
-4.559943
-5.601478
-4.338794
-4.684305
-3.255614
-3.543084
-4.035756
-2.450874
-3.098980
-2.648954
-1.757343
-2.287750
-1.701155
-0.803385
-0.255306
0.140911
-0.781124
0.260669
