0.774756
-0.128865
1.262679
1.025379
0.874549
1.132183
3.060112
2.578234
2.707984
2.375067
3.803315
3.189699
4.858577
4.914221
5.366431
5.302842
5.706047
4.779749
6.071649
6.763293
5.733562
6.518394
6.447940
6.445633
6.972254
7.456736
6.752238
6.977275
8.122452
8.832501
8.764151
9.135692
9.326760
9.628183
8.920054
9.295240
8.252430
9.707941
8.538051
8.615077
10.411673
10.380791
9.858019
8.981203
9.798195
10.669123
9.206239
9.941774
9.587189
10.618309
10.910289
9.011776
10.286690
9.183287
9.209881
10.045455
10.510251
9.052272
9.725240
8.594827
9.394740
9.680078
8.743703
9.684153
9.248663
9.703172
9.245083
8.501575
7.492649
8.580848
7.430096
7.444762
6.571253
7.984793
6.842954
6.690184
7.564996
6.396125
6.264048
6.177187
5.460415
5.105872
5.054276
5.381117
5.276238
3.829866
3.177291
3.959095
3.632461
2.725530
2.877419
2.475178
2.836386
1.124167
1.299543
1.983768
0.112775
1.433654
0.324332
-0.862929
0.069667
-0.065968
-1.126949
-0.824207
-2.282340
-2.518688
-2.493354
-2.112370
-3.367713
-3.295296
-4.279963
-2.682472
-4.865366
-5.228025
-5.472537
-5.213540
-4.553720
-5.079352
-4.801519
-4.926869
-5.446969
-7.187456
-7.142855
-7.072948
-6.208822
-6.550894
-7.743498
-8.680521
-7.690847
-7.286190
-9.102238
-8.911936
-9.036930
-9.079926
-9.822724
-8.645810
-9.191610
-9.519839
-9.132989
-9.182327
-9.898739
-10.054866
-9.049173
-10.409675
-10.068739
-10.073294
-10.825714
-10.275353
-9.636752
-10.021193
-9.082400
-9.653269
-10.541569
-8.931780
-9.054849
-10.705793
-8.876519
-10.215888
-9.314733
-9.352596
-10.013333
-9.043614
-8.760516
-9.704219
-8.209031
-9.733869
-8.131755
-7.466112
-7.348920
-7.706183
-7.652974
-7.360153
-7.804377
-7.064779
-6.288368
-7.265195
-6.738112
-6.882118
-6.329031
-5.508849
-5.609047
-4.701018
-4.242977
-5.033233
-3.783841
-4.671647
-3.050924
-4.440765
-3.061325
-2.988643
-2.899033
-3.128680
-2.212384
-1.495110
-1.541857
-1.040226
-1.437892
-1.340268
-0.797328
0.420125
