0.843847
0.040270
0.127065
0.705475
1.979184
2.465870
1.902632
2.427661
2.048590
2.295002
4.000626
4.143871
3.137541
4.064755
3.906868
5.470838
5.513551
6.136247
6.445256
5.125831
6.941104
5.684280
5.629522
7.369339
7.731123
6.987070
8.366108
6.826200
8.200430
8.879584
7.721130
9.066438
8.230270
8.894377
9.143960
8.655117
8.875769
9.048417
10.117492
8.876766
10.425153
9.296477
9.574242
9.973303
10.373108
9.441406
9.658767
9.677860
9.633737
10.314860
10.502506
9.549141
10.187317
10.121926
10.028310
8.848724
10.109884
10.382077
10.022321
8.527339
9.847991
9.282458
8.620602
8.387942
9.694757
8.532082
9.372215
8.041183
7.962940
8.512548
7.213676
7.908456
7.990891
7.304162
6.763372
6.088640
7.128116
6.887098
5.317314
5.971075
6.156403
4.440960
5.238822
5.225100
4.327982
4.740019
4.467379
2.738727
3.368035
3.353353
2.484830
3.176911
2.260983
2.267286
0.981228
0.812366
0.039510
1.260639
0.796102
-0.813522
0.303605
-1.217998
-0.762660
-0.940133
-2.532653
-1.763357
-2.278171
-2.139818
-1.866730
-3.703393
-4.282179
-2.814801
-3.803578
-5.232660
-4.718191
-5.518862
-4.344595
-5.288609
-6.221785
-6.440306
-6.665255
-5.453194
-6.018283
-6.220193
-7.080572
-6.714099
-8.285416
-7.226973
-8.476726
-7.540109
-8.050194
-9.177308
-9.041878
-8.274867
-8.535989
-8.498298
-8.825877
-9.663533
-9.040785
-10.409377
-9.233753
-9.065078
-9.463751
-9.389679
-9.619674
-10.270883
-10.489975
-10.204376
-9.622873
-9.744113
-9.636041
-9.082496
-10.801579
-9.564795
-9.906615
-10.174882
-8.771697
-10.655640
-10.225384
-8.778814
-9.666209
-9.888853
-8.361166
-8.894685
-8.734331
-9.592629
-9.599342
-9.427298
-8.461768
-7.591860
-7.239867
-7.960807
-7.288306
-8.098718
-6.216473
-7.426568
-6.077854
-6.421232
-5.504133
-6.178387
-5.905470
-4.380012
-5.894102
-3.881969
-4.027419
-4.503911
-4.953553
-3.388917
-2.630594
-2.182967
-3.580761
-2.350913
-2.753504
-2.844403
-0.642953
-1.970161
-1.457596
-0.467031
-0.457616
-0.550961
