-0.279192
-0.359062
0.816734
0.348923
0.587901
2.865346
2.173471
3.221071
2.333425
2.305375
3.326490
3.616907
3.589380
4.773544
4.267766
5.561628
5.545483
4.765655
6.092309
6.619995
6.626299
7.329788
7.372828
5.970702
6.984462
7.957818
7.569517
7.903435
7.130737
7.905806
8.285664
7.597389
8.069935
9.635745
8.571616
9.097736
9.271298
8.405067
9.976235
9.895313
9.296591
9.685663
10.726268
9.549759
9.391675
9.252463
10.385751
9.149638
10.788895
9.486662
9.149511
9.402294
9.504697
9.195227
10.072559
9.751109
9.408737
8.743966
9.279059
9.308879
8.437426
8.339097
8.571635
8.590780
9.455839
9.059035
7.767798
8.249967
9.009655
7.547590
8.208805
7.096304
7.746201
6.737582
6.672250
5.940502
5.758371
5.538355
7.017281
5.773905
4.967724
5.559532
4.517065
5.338038
4.170135
4.666572
3.769615
4.431084
3.105333
3.424414
2.292552
1.623145
1.438787
1.963075
1.247568
0.785690
1.491354
0.055287
0.447921
-0.673170
-0.980914
-0.594138
-1.556916
-1.789336
-2.507333
-1.041212
-2.090393
-1.967594
-1.811771
-3.293366
-4.261940
-2.681441
-4.091646
-4.583007
-4.146143
-5.262928
-5.851062
-5.391312
-4.787325
-5.338839
-6.288682
-7.119738
-7.406954
-7.172205
-6.545453
-7.536256
-8.276862
-7.591232
-7.446316
-8.338271
-8.820168
-9.132238
-9.152918
-9.475349
-9.177658
-9.792282
-8.816484
-10.002335
-9.342966
-10.162149
-10.017901
-9.660188
-9.235445
-9.082139
-9.483123
-9.563565
-9.641444
-10.943050
-10.993055
-9.317352
-10.126855
-10.376203
-9.447252
-9.504980
-8.939065
-9.670210
-10.487587
-8.998429
-8.791065
-8.588390
-8.970892
-9.888568
-9.724271
-9.649561
-8.395970
-7.821587
-9.166607
-7.820690
-9.142620
-8.518500
-7.915026
-6.719026
-8.285141
-6.439484
-7.335714
-6.106953
-7.022330
-6.099823
-5.811597
-5.739341
-5.356416
-5.380368
-4.519415
-3.948519
-5.045399
-5.203104
-4.653803
-3.726874
-3.214692
-3.891761
-2.014565
-2.866958
-1.367591
-2.074746
-0.724565
-1.510312
-0.934326
-0.649186
-0.151165
-0.981254
