0.067647
1.336784
0.951641
1.615961
2.262543
1.014008
2.370391
3.306077
3.761428
3.396774
3.227973
3.447676
4.160238
4.626604
5.210560
4.899818
5.503885
4.416185
6.445030
6.764831
6.442754
6.570005
6.497973
7.035718
7.103471
6.909478
8.127799
7.100103
7.928196
8.931244
7.943995
8.221749
7.782154
9.309129
9.558637
9.909551
10.115833
8.312473
9.097302
10.308261
8.634033
9.161812
9.546435
10.191276
10.607511
10.635770
10.736561
9.026662
10.855677
10.266151
9.423598
9.356947
9.005959
10.233470
8.941645
8.825937
10.630957
9.593890
9.503148
9.416694
9.697316
9.180026
8.687755
8.488234
9.593976
9.550332
8.276457
8.359235
8.419185
8.459423
8.900592
8.391543
7.144040
6.571792
7.454993
5.933922
5.855111
5.514081
5.329468
6.205784
5.962966
4.377425
4.795662
5.703869
5.327675
3.265582
3.180119
4.111892
4.270275
2.512732
3.738146
2.429850
1.793623
2.652506
0.981654
0.930525
1.181244
0.669852
0.138335
-0.396243
0.331712
-1.398716
-1.796121
-0.517828
-1.820788
-0.980591
-1.491834
-3.439742
-3.148945
-2.770812
-2.886496
-2.780914
-2.986697
-3.728574
-3.830825
-5.400946
-5.446364
-4.538308
-5.024270
-6.470146
-5.237778
-6.456307
-7.039995
-7.690648
-8.032781
-7.905769
-7.433607
-7.871792
-8.468533
-8.097604
-7.385171
-7.825930
-8.057933
-8.754805
-9.533401
-8.359773
-9.427925
-9.423164
-8.505410
-10.302132
-9.591722
-9.832993
-10.417733
-9.298820
-9.789612
-9.199789
-9.887905
-9.013221
-9.052609
-9.802629
-9.860388
-9.292098
-9.841502
-10.530646
-10.163360
-9.817296
-9.055976
-10.169662
-9.980997
-10.117208
-9.246011
-8.997944
-8.234234
-9.284928
-8.413665
-9.403453
-8.641048
-8.197892
-9.248895
-9.034751
-8.301807
-6.867478
-7.498319
-6.610597
-7.291222
-6.027770
-7.476767
-5.376696
-6.112460
-4.938053
-4.904731
-6.088790
-4.417101
-4.794149
-5.433700
-4.825465
-3.495343
-3.021701
-3.421300
-2.337312
-3.116553
-2.112928
-1.607067
-1.466704
-0.910617
-1.969400
-1.767046
-1.365240
-0.133029
-0.564515
