0.346928
-0.118748
1.489153
1.599465
2.184717
0.975951
2.631418
1.528970
3.435276
2.955805
3.667934
4.016996
4.185863
4.975155
3.824915
4.470967
5.626909
6.230197
4.827313
6.845422
6.061244
6.128625
7.052955
6.478946
6.606623
6.398962
6.819637
7.551212
8.238167
8.491710
7.533583
7.803742
8.499464
8.507774
8.468063
10.012301
8.433744
8.999138
9.477260
8.564375
8.652019
10.021289
9.311119
10.413657
10.486028
9.716196
9.331304
10.773750
9.482147
10.355143
10.360941
10.443128
10.036975
10.906579
10.651627
9.496902
9.296611
9.810651
9.524137
10.215393
9.897610
9.574066
8.511873
9.508666
8.314030
9.532883
8.351001
9.234089
7.535521
7.277572
8.507014
6.823380
6.994510
7.678228
7.695552
6.324927
6.148548
7.087898
6.631578
4.984117
6.002524
6.025772
4.715285
4.850814
4.261320
3.768737
4.780751
3.561376
3.788426
2.905607
1.791420
2.372103
1.967563
1.993899
1.841755
1.682702
0.970774
0.071763
-0.289691
-0.966184
-1.016889
0.115741
-0.573296
-0.646530
-1.308853
-2.566889
-1.761221
-1.639186
-2.199975
-3.720974
-2.707195
-2.950469
-4.778225
-3.521253
-3.564868
-4.440958
-4.352679
-4.514149
-5.540119
-6.397117
-6.035971
-6.777297
-6.691633
-7.066113
-7.712215
-6.707701
-7.272988
-8.519488
-8.405302
-7.888752
-7.705197
-9.008815
-7.895233
-8.453002
-9.885285
-8.101276
-9.947843
-8.722069
-9.940544
-9.142193
-10.042349
-10.252507
-10.360867
-9.975514
-9.879783
-9.738237
-10.471826
-10.514039
-9.425656
-10.269898
-9.547702
-9.491576
-9.340835
-9.057476
-10.690822
-10.402991
-10.749857
-9.951085
-10.278146
-9.528988
-9.398608
-8.613326
-8.361447
-8.214608
-9.890925
-7.775684
-7.899843
-8.794765
-7.648787
-8.201171
-8.710598
-8.586783
-6.637696
-7.585334
-6.412682
-7.790576
-6.834835
-6.777891
-6.481900
-6.573640
-5.313947
-6.007220
-5.903058
-4.142411
-3.811902
-4.981311
-3.417632
-4.633157
-3.560904
-3.422258
-2.080522
-2.320116
-3.175984
-1.205788
-1.031426
-0.838217
-1.372144
-1.362085
-0.918836
0.575669
