1.134639
0.888869
0.769667
1.291908
0.643771
1.790915
1.291347
3.196626
3.105116
2.348260
4.383677
3.426761
4.736013
3.360089
5.075129
4.399758
4.216679
4.385997
6.144319
5.136148
5.249869
6.906915
6.514246
6.356479
7.992320
7.232048
6.614028
8.409840
7.902122
8.407241
8.927779
7.872284
8.601936
7.979865
9.336388
9.456859
8.322409
9.275709
9.482410
10.158642
10.594469
9.731824
9.478844
9.666139
9.739567
10.389011
9.871104
9.276429
10.812988
10.352881
10.960856
9.738266
9.813761
10.636814
9.417684
9.064452
9.274103
10.500216
9.712298
9.722110
8.843017
8.896072
8.611576
8.579975
8.448681
9.596708
9.362386
9.111718
8.737856
8.189990
8.484612
6.953449
6.816028
6.794888
7.360499
5.995073
6.676302
5.792440
6.086542
5.289124
5.330727
6.265296
5.549964
4.982820
4.303983
5.159495
4.456646
4.286612
3.586109
3.123856
3.455942
2.436587
3.080198
0.879282
2.545243
1.688685
1.663178
1.471552
0.453418
-0.307495
0.448294
-1.274012
-1.064356
-0.498237
-2.400200
-1.839023
-2.340908
-3.202391
-2.221867
-3.723223
-3.690703
-4.385638
-4.125880
-3.343899
-3.559806
-3.874917
-4.661598
-4.370051
-5.929836
-6.250663
-6.477937
-7.314355
-7.575402
-7.007377
-7.122480
-6.757141
-8.054834
-8.480753
-7.116970
-8.519967
-8.927156
-9.177785
-9.053878
-8.938769
-8.069554
-9.656533
-9.504041
-9.762519
-9.892459
-10.308507
-10.030078
-9.055449
-9.702379
-9.507046
-9.860834
-9.895556
-10.483731
-10.644185
-10.768380
-9.646664
-9.606201
-10.319981
-10.590976
-8.938866
-9.666345
-10.372720
-9.186536
-8.935054
-9.388534
-8.709119
-9.142366
-9.102064
-9.855209
-8.561064
-8.017397
-9.325564
-8.063935
-8.709755
-9.185655
-8.586360
-7.569337
-7.184465
-6.786045
-6.460495
-6.530820
-6.515339
-6.247283
-6.895699
-6.016036
-5.424173
-5.639414
-4.609300
-5.068033
-5.526074
-4.263334
-4.802353
-3.620820
-4.094966
-2.839860
-3.184090
-2.439908
-2.297469
-1.763882
-1.430784
-1.424308
-0.826327
-1.502456
-1.217808
0.436218
-0.182789
