0.966661
-0.056671
1.830023
1.723912
0.826219
1.618336
2.069244
2.090426
2.592578
3.060378
2.933485
3.775251
4.082333
3.754189
3.778563
5.093543
4.798767
5.515660
5.494237
5.696115
5.473596
6.774625
5.878127
7.824744
7.519372
7.438942
6.878088
6.850554
6.911182
8.887189
7.853731
8.800692
8.140156
8.113250
9.706697
8.478970
9.553718
9.859439
10.248860
8.634326
9.511315
10.005251
9.167142
10.796902
10.104068
9.624689
9.922169
9.710812
10.865886
10.100148
10.738330
9.232671
9.569158
9.604464
9.477077
9.810457
10.584671
10.646034
9.791812
10.429868
9.188695
9.423309
9.727328
8.763685
9.697892
9.381280
8.994890
8.274103
8.524740
8.440147
7.137837
6.766824
7.223506
6.386655
6.470211
7.489764
6.711539
6.756659
5.670601
4.883757
6.062491
5.318552
5.226025
4.094854
4.890867
4.891101
4.393794
3.272135
3.109136
2.426359
3.378465
3.115855
2.337665
2.136646
1.434045
0.877399
0.197238
1.378023
1.089933
-0.417523
-0.430010
-1.421924
-0.059492
-1.576655
-1.316862
-2.644961
-1.384371
-3.129552
-2.002365
-2.145382
-4.144180
-4.571687
-4.949455
-3.701423
-4.409336
-5.636368
-5.844305
-6.186454
-6.454876
-5.401408
-7.071834
-5.777424
-7.343615
-6.236663
-7.090972
-7.491292
-7.862875
-7.790534
-7.049132
-9.018971
-7.589083
-9.042420
-8.709779
-9.541388
-9.738141
-8.488986
-8.240002
-8.776587
-9.075413
-10.468638
-10.173510
-9.005037
-9.885916
-10.296996
-10.205018
-10.258095
-9.734563
-9.272614
-10.792598
-9.177536
-9.856969
-10.046430
-9.642697
-9.595820
-10.139010
-9.776236
-9.253084
-10.231103
-9.266790
-9.803658
-8.531220
-9.345340
-9.390809
-8.391789
-8.294619
-9.194803
-7.608953
-7.456588
-8.661268
-8.213304
-8.458471
-8.430348
-8.306067
-7.448251
-8.034612
-6.213404
-7.558749
-6.061902
-6.233125
-5.445100
-4.860495
-5.469051
-4.298563
-5.086908
-4.473392
-4.766044
-3.841833
-4.014391
-3.638737
-3.347538
-2.322006
-2.040662
-2.807613
-1.256879
-2.422357
-0.460794
-1.048737
-0.508390
-1.082327
-0.657462
