0.647183
1.552699
1.860089
2.194782
1.463750
1.358746
1.539038
2.858003
2.032517
2.558305
4.049306
3.821839
4.348118
4.358536
4.838723
4.366882
4.920676
6.074309
4.963515
5.147209
5.560600
6.554119
6.749715
6.111091
6.671765
7.340136
6.795645
7.470558
8.567174
7.915033
7.482774
8.433138
8.716430
9.615949
8.080852
8.165535
9.790346
9.172193
8.634059
8.681436
10.157011
9.957852
10.079808
10.459772
9.057966
9.322903
9.083430
9.121955
9.238129
9.808827
9.230264
9.578020
9.545445
10.135631
9.080158
9.239861
9.737547
9.634049
10.036155
9.263239
9.458246
10.269490
8.631903
8.113975
8.564526
8.476689
9.320673
7.822872
8.066649
7.374033
7.758501
8.555997
7.648205
6.678511
7.456800
6.692650
6.257309
7.071308
5.161623
6.587678
4.663714
6.130769
4.706357
3.841748
4.438339
4.983680
4.859244
4.197840
2.954707
3.489604
3.116867
2.112864
3.005671
1.897789
2.548150
1.314274
1.201307
0.077313
1.240733
0.612064
-0.105554
0.016910
-0.882556
-1.198218
-1.269402
-2.004785
-1.266069
-2.979831
-3.302611
-2.543653
-2.900721
-4.163314
-4.753365
-4.795735
-5.328263
-4.954611
-5.282800
-5.639907
-4.899110
-6.385472
-5.690983
-7.200200
-6.554613
-7.589730
-7.514079
-7.780381
-8.134508
-8.670227
-6.933045
-8.292032
-8.613766
-8.724173
-9.429861
-9.157067
-9.727809
-8.503624
-8.948590
-8.532971
-9.755270
-8.788664
-10.423551
-9.348974
-8.786871
-10.078665
-9.357261
-9.775938
-10.650884
-10.710855
-9.674121
-9.949687
-9.213456
-10.801666
-10.217219
-10.754234
-10.331159
-9.724681
-10.051340
-8.970910
-9.207733
-8.873624
-10.038781
-9.673411
-8.872660
-9.799185
-8.175408
-9.629373
-8.187419
-8.021034
-8.994445
-7.141520
-7.912195
-8.581217
-7.247780
-7.907064
-7.897402
-7.635438
-6.387498
-5.713837
-5.573534
-6.391412
-5.591324
-5.529483
-4.147607
-4.451890
-4.625141
-4.570107
-4.897484
-3.447764
-3.750024
-2.760424
-1.932146
-2.863529
-2.757569
-2.645104
-0.821229
-0.422705
-1.874015
-0.386099
0.425991
-0.053982
