-0.666050
0.744562
1.051148
0.678172
1.631719
0.907368
1.886914
2.882825
2.910817
2.273158
3.219773
2.723227
3.419168
3.926360
4.092960
4.106871
5.933181
5.380106
5.880612
6.049671
5.688397
5.572410
6.503728
6.320742
6.543535
8.081107
6.734815
8.372299
8.513272
8.080946
8.421344
9.176086
9.199668
9.045929
8.911667
9.259818
8.769174
8.800971
9.285618
10.510047
10.350995
9.698641
9.849467
9.592668
9.723910
10.522279
9.593778
9.465463
10.789257
9.955912
10.524428
9.638150
9.083733
10.719621
9.693779
9.690268
10.419892
10.106641
8.778772
9.767766
9.501228
9.547986
8.836029
8.614806
8.280368
9.373925
9.027454
9.282644
8.594364
8.835550
7.868357
8.605636
8.323014
8.055632
7.940022
6.863771
7.581543
5.687978
5.508680
4.916335
6.025187
5.205561
5.735179
5.221207
3.749220
4.839761
4.488160
4.173038
3.321647
3.358125
3.557685
3.306391
2.389914
1.665309
0.808826
1.619181
0.743032
0.365241
-0.048661
0.050423
-0.577858
-1.095429
-1.724463
-1.587568
-1.911740
-2.066004
-2.224279
-3.347877
-3.500617
-3.339718
-4.311880
-3.220278
-3.950932
-3.265319
-5.501577
-5.444822
-4.722840
-5.826517
-5.726561
-6.852837
-5.428900
-6.835601
-6.414295
-7.529010
-7.769626
-7.278974
-6.556795
-7.875405
-8.826807
-7.323727
-8.825250
-8.588350
-8.004645
-8.982753
-9.866305
-8.610802
-9.369850
-9.802416
-9.219126
-10.095604
-9.915741
-9.509852
-9.844901
-10.067027
-10.508654
-9.753226
-9.717079
-10.221820
-10.813150
-10.753325
-10.225087
-10.070722
-9.615728
-10.376127
-10.627412
-10.684515
-10.029216
-9.157459
-8.673915
-10.423940
-9.359074
-9.274022
-9.004970
-8.095199
-8.311685
-9.098774
-8.528025
-9.423985
-8.902693
-8.842067
-7.160500
-7.848983
-6.673557
-7.912572
-6.648088
-6.327883
-5.801368
-5.961815
-6.310179
-5.939862
-6.524127
-5.687705
-4.926256
-5.298847
-3.721101
-4.788299
-3.165264
-4.369816
-3.873048
-3.997594
-2.834835
-2.901671
-2.720217
-1.410915
-2.130624
-1.971739
-1.196057
-0.995253
0.068375
0.147867
