-0.468468
0.677973
0.805457
1.858544
1.223809
1.203003
3.125954
3.092662
3.354782
2.754588
2.697140
3.548623
4.865550
4.087194
4.814844
3.905313
5.285092
5.003050
5.572720
6.068032
5.864804
6.510944
6.390421
7.742319
7.192717
7.002683
8.226182
8.427805
8.025021
8.435011
8.606871
8.878268
8.357499
9.631704
8.094486
9.235977
8.297359
10.058796
10.003824
9.793262
10.210402
9.074669
10.201012
9.617152
9.078070
10.850966
10.024272
10.929271
10.772818
9.422899
10.603560
10.512221
9.264811
10.672027
8.889606
9.787079
10.489947
10.239555
9.286046
8.858580
8.602802
9.428558
9.394129
8.467296
9.023685
7.839315
9.189436
9.165935
8.585494
9.090038
8.356145
6.780873
7.586345
7.427454
7.155536
6.650567
7.138014
5.496620
6.165208
5.432320
6.279783
4.645808
4.696178
5.074163
4.430477
3.745680
3.939213
3.410456
2.780393
2.091393
3.638922
3.266157
2.737295
0.989721
1.282156
0.868111
1.333333
0.668248
0.052000
-0.511761
0.091219
-0.110698
-0.137925
-0.678225
-0.890689
-2.042985
-1.925290
-1.664771
-1.994120
-3.817447
-4.300863
-3.860711
-3.117675
-5.165611
-5.014117
-5.521670
-5.164533
-4.861666
-5.517623
-4.949572
-6.096885
-6.553340
-5.996407
-6.830712
-6.686150
-7.851636
-7.207623
-6.708125
-6.947935
-7.522743
-8.264306
-8.634780
-7.673231
-9.149825
-8.336302
-9.680469
-9.016744
-9.267645
-9.228940
-9.075586
-10.004468
-9.252456
-10.389773
-10.651736
-10.093377
-9.900262
-9.325406
-10.709845
-9.856307
-9.550024
-9.987431
-9.024837
-9.333784
-9.093759
-10.216409
-8.905398
-9.627825
-10.604776
-10.027328
-8.840009
-9.830989
-9.198376
-9.803221
-9.671655
-8.423693
-9.303035
-8.465000
-7.812171
-8.500107
-7.416427
-8.584978
-6.930751
-8.289468
-7.995484
-7.315688
-6.030180
-6.141116
-5.573300
-5.247158
-6.152661
-4.659522
-6.136125
-5.680734
-5.675329
-5.476413
-5.006886
-4.736084
-4.086284
-2.764308
-2.176635
-3.133126
-2.823576
-2.509737
-2.780013
-2.327585
-0.295771
-1.676959
-1.229790
-0.984543
-0.952639
