0.953448
0.263111
-0.057294
2.017998
1.836943
2.855631
2.164777
3.400281
2.413484
3.058314
4.137824
2.855468
3.075627
4.460010
4.871310
4.331773
4.101199
4.439514
6.604087
5.234365
6.384714
7.166863
6.830428
6.415774
7.486612
6.599612
6.932095
7.887419
8.726447
8.642584
8.402000
9.441386
9.087129
8.810277
9.487317
8.876810
9.612763
9.156585
9.102229
9.916151
10.043895
10.574848
9.456385
9.502185
10.680421
9.414283
9.741738
10.014337
9.523306
10.801908
10.828546
10.393790
10.949002
9.738303
10.367279
9.299999
9.983482
9.897585
9.597751
9.317276
10.123453
9.135016
8.879736
9.197434
9.791390
8.900274
8.162549
8.773665
9.178120
8.158851
8.344298
7.227869
7.310833
6.615128
6.389446
6.315114
7.528584
5.670961
6.589207
5.890444
5.217592
5.049137
4.294139
5.409930
4.983016
4.137633
3.535771
3.224651
3.331073
2.721329
2.549226
3.070647
2.866193
1.286659
1.786753
0.613107
1.889201
1.446767
-0.397111
0.539744
-0.844708
-0.990435
-0.895715
-0.719725
-1.936139
-2.311408
-1.449056
-3.017641
-2.617784
-3.481998
-2.920184
-3.383232
-4.966387
-4.295239
-5.233525
-5.229498
-5.871193
-4.760785
-5.094306
-5.665281
-5.575610
-7.293126
-5.989172
-6.338131
-6.293526
-7.926214
-7.063614
-7.990186
-8.844520
-8.351577
-8.898661
-8.387731
-8.753857
-8.511161
-8.389230
-9.567799
-9.841107
-9.900988
-9.117626
-8.609737
-10.438746
-8.752589
-9.239645
-9.582657
-8.939069
-9.630734
-9.382009
-10.335975
-10.197836
-9.655150
-9.401725
-9.894084
-10.747478
-10.583005
-10.196105
-10.161269
-9.765559
-9.741129
-9.044205
-9.750571
-9.622340
-8.808460
-9.221837
-8.930196
-8.927719
-8.526056
-8.696449
-7.620918
-7.783215
-8.331533
-7.440156
-8.185225
-7.314519
-7.751208
-6.673027
-6.587388
-7.425433
-5.766804
-6.363287
-5.398515
-5.983485
-5.751279
-4.362346
-4.542063
-5.039802
-4.778688
-4.204815
-3.574155
-3.383111
-3.789436
-2.753393
-2.541330
-2.049238
-2.303357
-1.878210
-1.985154
-1.339026
0.150526
-0.283561
0.927496
