-0.639508
1.448350
0.378768
1.004098
1.396549
1.138766
2.321032
2.905831
2.203001
3.569833
4.290527
2.879596
4.372473
3.453292
5.469561
5.816868
5.179203
6.189663
4.949257
5.999834
5.434835
6.137270
6.365664
7.479561
6.551809
7.490938
7.847941
7.809544
7.768529
8.263945
8.060832
8.735103
8.471840
8.739753
8.996275
9.003254
9.609323
9.055904
9.103167
9.774175
8.660081
9.359481
9.718150
10.732521
9.882897
10.833928
10.775555
9.942750
10.810659
9.013617
9.971114
9.610151
9.167926
10.442981
9.122562
10.355164
9.118895
10.431924
9.758992
8.553641
9.430945
8.552603
9.715629
8.810243
8.368674
9.116845
8.917710
9.008347
8.518965
7.903273
7.956060
7.866603
7.002406
7.201022
7.156345
6.397915
6.571649
5.759486
6.759312
6.673391
6.293383
6.090058
5.085585
4.173964
4.013811
4.654287
3.941464
4.233166
3.459109
2.783771
2.861352
1.916289
2.593500
2.386952
1.122071
0.408734
1.593661
0.997615
0.902731
-0.289994
-0.175953
-0.504219
-1.448412
-0.826897
-2.350183
-1.226872
-2.383141
-2.313139
-2.542275
-2.902161
-3.184277
-3.665893
-3.097837
-4.902557
-3.919178
-5.040021
-4.503576
-5.253550
-4.981504
-5.116801
-5.209192
-6.239111
-6.668696
-6.404682
-6.979497
-7.682061
-7.938691
-8.454571
-8.266750
-8.083885
-9.084497
-8.160502
-9.202064
-8.881969
-8.133948
-8.872952
-9.278372
-8.471110
-10.365747
-9.080196
-9.998218
-10.427032
-8.827699
-10.266955
-10.519522
-10.621603
-9.080176
-10.791781
-10.529056
-9.291365
-10.385673
-10.769247
-10.266335
-10.835469
-10.548234
-10.086853
-9.708561
-10.069743
-10.347332
-9.797712
-10.019900
-9.076329
-8.956168
-9.374913
-8.826483
-9.076895
-9.179582
-9.430175
-7.711195
-7.217220
-7.522275
-6.897739
-8.189452
-6.437600
-7.218292
-6.210330
-6.678047
-6.188774
-6.430077
-6.877163
-5.541410
-5.956006
-4.290921
-4.721721
-4.391512
-3.315691
-3.549542
-3.416106
-3.403115
-2.324678
-3.635561
-3.362922
-1.614997
-1.393224
-1.399387
-2.180785
-0.811294
-0.176573
-0.438455
0.106482
