-0.092179
0.152173
1.044639
1.524720
1.703176
2.065648
1.959103
1.670564
3.255181
2.600726
2.768174
3.548522
4.182078
3.351518
4.043999
3.875224
5.035242
6.082644
6.396726
5.496989
5.854314
5.749766
6.960351
7.802552
6.844893
6.404967
8.342550
7.881754
8.197443
7.269879
9.144225
9.208001
8.868348
7.985690
7.993425
8.647405
8.929322
8.718264
9.823297
9.610970
10.244720
9.910006
9.288075
9.271101
8.935601
10.605392
9.032074
9.733650
10.714460
9.548683
10.250311
9.575083
9.472991
10.636547
10.540600
9.104484
10.616706
8.883759
10.133514
10.071813
10.124040
9.904098
9.845578
8.368187
8.897370
9.319918
8.653341
8.100562
7.846338
8.280831
7.686582
7.014682
8.234103
6.987570
6.498050
6.457665
6.448458
5.910750
5.862772
6.769776
5.453779
5.794876
5.077825
5.752223
5.209260
5.154654
4.062673
4.136113
3.933123
2.362250
3.232058
2.226031
2.730180
2.203131
2.049934
1.820838
0.159505
-0.006907
0.546890
0.114894
0.425606
-1.153404
-0.882528
-1.059765
-0.735669
-2.595508
-2.044978
-1.749641
-1.994086
-2.686491
-3.776054
-2.953830
-4.646909
-3.318807
-4.018656
-5.188799
-4.817312
-4.987902
-5.573030
-6.535384
-6.166372
-6.122989
-6.448990
-6.714062
-7.027016
-7.680493
-7.678674
-7.796813
-8.811602
-7.860275
-7.825163
-9.356591
-8.571041
-8.556227
-7.979488
-9.645356
-10.102983
-9.946487
-10.002914
-8.830250
-9.773986
-9.927969
-8.806094
-9.449388
-9.805691
-9.410960
-9.910211
-10.964514
-10.445327
-10.624598
-9.315894
-10.429510
-10.076051
-9.102113
-8.961579
-9.926781
-9.030737
-9.676461
-9.283392
-8.781496
-9.525304
-9.183692
-8.805823
-8.077060
-8.775210
-9.712702
-7.822051
-8.365064
-8.260275
-7.674047
-8.408926
-7.910227
-6.654955
-7.677821
-6.982283
-7.142228
-7.198264
-6.041928
-6.465840
-5.097600
-5.578071
-5.131023
-4.466688
-5.720069
-4.116120
-3.288354
-4.918395
-2.714885
-4.247328
-4.088114
-2.378160
-3.286491
-2.809794
-2.803202
-2.378001
-0.408564
-0.110431
-0.332260
-0.513676
0.742244
