0.014891
0.927269
0.724368
1.043565
1.201754
1.644993
2.632346
1.784874
2.595429
3.177720
3.422777
4.571432
3.956173
4.121913
4.967132
5.021376
5.556636
4.464913
4.853692
5.877541
6.055506
6.713448
6.784938
6.423480
6.762374
6.524739
7.699382
8.470536
8.098618
8.542725
7.914339
9.267726
9.113344
8.433908
9.350540
8.176137
8.571545
8.961851
9.470978
9.135689
8.907783
9.308511
9.349155
9.599290
10.253102
9.783610
9.410545
9.310205
9.832232
10.534656
10.834911
10.048897
9.797240
9.967461
9.337335
9.536272
9.691872
9.059783
9.025090
8.925887
9.130753
10.154062
9.436171
9.695565
8.740762
8.533156
7.700862
7.866821
7.671553
8.709640
8.139615
6.957703
7.580557
7.459043
6.211444
6.356191
6.228945
5.465992
6.657611
5.116992
5.839515
5.886437
4.181191
5.749346
5.328076
4.929962
3.098131
3.904619
2.582366
2.592918
3.382522
2.828468
2.068830
1.864058
2.091546
1.904044
1.134913
-0.183019
0.378843
0.153719
-0.164612
-1.591928
-0.430884
-1.024302
-1.610239
-2.552882
-1.710937
-2.349258
-2.965092
-3.102566
-3.215449
-2.877099
-3.777694
-4.888108
-4.923022
-3.858308
-4.843450
-5.254333
-5.189278
-5.082182
-6.282776
-6.026462
-6.131212
-7.610991
-6.208458
-6.290920
-7.373362
-8.359608
-8.605959
-8.676097
-8.209895
-9.379607
-8.033168
-8.904860
-8.157526
-9.303749
-9.806752
-8.856766
-9.916580
-8.891951
-8.691530
-9.001773
-10.153258
-10.803398
-10.479350
-8.933610
-10.730757
-10.509804
-9.166257
-9.234351
-9.863280
-9.378287
-10.643661
-10.135921
-9.238381
-10.291681
-9.852310
-9.342116
-9.317552
-9.081956
-9.324163
-9.687012
-8.990451
-10.047585
-9.510437
-9.347134
-7.809843
-8.203617
-8.434185
-8.073029
-7.467774
-7.782326
-7.255446
-7.714034
-6.678324
-6.831675
-6.498925
-6.997668
-6.260230
-6.489318
-5.154424
-5.652939
-5.333504
-4.994921
-5.271947
-4.243091
-3.929892
-4.060092
-3.936114
-3.427129
-2.178297
-3.125895
-2.924313
-2.410060
-1.045247
-1.562661
-1.821919
-0.866274
0.379082
0.926275
