0.064162
1.510327
0.249820
0.410661
1.733341
1.427691
2.499816
2.477291
2.338779
4.028959
2.671874
3.984729
3.011757
3.909469
4.986940
4.204796
5.389740
6.102789
6.051408
6.811579
6.972576
5.510939
7.187317
6.019163
6.482711
6.969812
7.178567
7.595527
8.587110
7.849715
8.500472
9.214199
8.616958
8.038981
8.120666
8.588254
8.529960
9.490668
9.330254
10.205363
8.812999
9.331979
9.104148
10.274254
10.708014
10.131795
9.990395
9.894712
9.459720
10.095595
9.283923
9.093864
9.098708
10.456047
10.544108
9.976325
9.902314
9.270252
9.344756
10.026312
10.051356
8.634034
8.184394
8.164001
8.232002
9.579159
9.221290
8.656918
8.556630
7.710831
8.658644
8.285916
7.445218
6.765687
7.596118
6.592206
5.624755
7.025391
6.096368
5.748376
6.559372
4.383666
4.399479
3.901945
3.582507
4.896133
3.478615
2.835617
3.517763
2.382018
3.493602
1.601978
1.421149
1.498625
0.956700
0.771165
0.607858
0.647245
-0.229292
0.904915
-0.801825
-0.219549
0.046468
-1.876907
-1.673594
-0.946951
-2.712443
-2.177069
-1.974298
-3.270469
-2.691688
-3.242125
-4.375559
-3.289868
-5.511003
-3.894139
-5.287786
-5.353954
-5.280806
-6.166270
-5.631058
-5.470224
-6.160347
-6.659995
-6.943108
-7.800932
-6.758504
-8.512510
-8.541588
-7.355363
-8.571223
-8.308719
-8.396264
-9.275467
-8.042811
-9.016486
-9.770055
-8.805510
-9.469357
-10.351969
-10.199872
-9.750740
-8.895125
-9.987180
-10.769326
-10.053463
-9.148969
-9.569843
-10.123733
-9.180134
-9.106111
-10.914866
-9.640986
-10.223137
-10.005112
-9.441982
-9.865312
-9.929438
-9.016549
-9.065218
-9.894722
-8.982973
-8.630726
-8.349307
-9.799459
-9.742567
-8.685328
-9.188490
-8.556563
-7.633857
-6.988348
-8.007409
-6.923461
-7.415495
-7.576964
-6.358571
-7.258129
-7.218094
-5.698401
-6.633073
-4.670723
-5.919702
-4.738671
-4.330705
-5.353875
-4.696072
-4.021152
-3.664978
-4.381552
-2.096499
-2.987476
-3.101906
-1.822064
-1.966547
-0.826228
-0.265014
-1.731824
-0.552829
-0.842797
0.970346
