1.165481
-0.020165
1.875146
0.875096
2.388504
1.559692
1.303198
3.478746
3.093893
3.331739
2.909333
2.817764
3.604323
4.495630
4.425536
4.339240
5.363260
5.287735
5.668922
5.602289
5.749138
5.584533
5.748831
7.010234
6.568699
7.989434
7.421461
7.581278
8.529928
7.451933
8.882206
7.525105
8.489761
8.153601
9.266567
8.294021
8.816131
9.973592
9.612039
10.207932
10.257591
9.111702
9.306669
9.817064
10.056440
10.080949
9.322858
8.985691
9.383747
9.425362
10.330169
9.631952
9.702117
9.821341
9.209371
9.075999
9.488220
9.807275
9.182752
9.416132
9.752354
8.877275
9.438544
9.523433
8.798812
7.819716
9.397605
9.372195
8.181939
7.288769
8.722954
7.311202
6.977375
7.757280
6.836433
6.723387
7.069682
6.649582
6.000265
6.191251
6.113373
4.497348
4.694257
5.402367
4.587954
5.094526
3.984483
3.380431
3.427134
3.646097
3.156605
2.640314
1.523871
2.715257
2.127422
2.070277
0.137106
0.311903
-0.452483
-0.668294
0.401934
0.210599
-1.763311
-1.532538
-0.823173
-2.042163
-2.947641
-3.084794
-3.610546
-2.234601
-3.247033
-3.069081
-4.932984
-5.134311
-5.071146
-5.538448
-5.164755
-4.491462
-5.524148
-6.186093
-6.658960
-7.054687
-7.471733
-7.332775
-7.161259
-6.540701
-8.488942
-7.566908
-7.327936
-7.388442
-8.806643
-8.409430
-9.398835
-8.815039
-8.057855
-9.450814
-8.515443
-8.630461
-8.899996
-9.425407
-10.143714
-10.648582
-10.702946
-9.731661
-10.036877
-10.464621
-9.350062
-10.890377
-10.325152
-9.687312
-10.371033
-9.135418
-10.703239
-10.549970
-10.690570
-10.224209
-8.982474
-8.975512
-9.373919
-10.488533
-8.913374
-9.273926
-8.334064
-8.642952
-8.190917
-8.538797
-9.328561
-9.354886
-8.984290
-7.217418
-7.257241
-7.513720
-7.317002
-7.881405
-7.605567
-6.999094
-7.017997
-5.597137
-5.974792
-5.202309
-6.534741
-4.967712
-5.998707
-5.333808
-4.205066
-3.377408
-4.574775
-4.168110
-4.175065
-3.724693
-3.087178
-3.054489
-2.587763
-1.600966
-1.702478
-1.159000
-1.349989
-0.273719
0.635358
-0.479648
