1.159187
-0.294436
1.222286
0.664982
2.530076
0.997276
1.352077
3.178937
3.161036
3.654797
2.471947
3.417741
4.600441
3.842622
4.286385
5.805555
4.323897
4.531830
5.928800
6.667955
5.891413
7.034850
6.031109
6.574558
7.674530
6.341157
8.033092
8.641590
7.919848
8.873645
7.707661
9.099077
9.259021
7.885530
9.034998
9.087664
9.515461
9.736301
10.227343
10.302862
9.371168
10.664328
9.555373
9.674666
9.664010
10.578802
10.118275
10.926388
9.383042
10.674319
9.387146
10.881269
10.380366
9.262152
9.053679
9.920055
8.843094
10.426880
9.509693
9.962986
8.778228
8.992815
9.478586
9.738204
9.831069
9.298753
8.529756
7.663700
8.251816
8.621427
7.383917
8.299308
8.361169
7.152207
7.329438
7.627297
6.567940
6.697810
6.552117
6.151792
6.033218
4.944177
5.160163
3.995859
4.935470
4.053921
4.575045
3.242704
4.006350
3.293737
3.665640
1.839062
1.187279
2.289169
1.245770
0.699635
0.844208
-0.154950
-0.492370
-0.465823
0.238152
0.127857
-1.815952
-1.486655
-0.658491
-2.496422
-2.093684
-2.650615
-3.235669
-3.814736
-2.835635
-4.004578
-3.968009
-3.285291
-5.449213
-4.445619
-5.650136
-4.380806
-5.010599
-5.389711
-7.123820
-6.108164
-6.359505
-6.513851
-6.147447
-8.025855
-7.886576
-7.625680
-8.320271
-8.425039
-9.077729
-8.567616
-8.916537
-9.212937
-9.562820
-9.319056
-8.256925
-9.257270
-10.078487
-10.227611
-9.048390
-10.386791
-9.300311
-9.095144
-9.904892
-10.267294
-10.573766
-9.208959
-10.445849
-9.133058
-10.482670
-10.867768
-10.346872
-9.711527
-8.911801
-9.742464
-10.347536
-8.829472
-10.206824
-9.537182
-8.528151
-9.138227
-8.928638
-9.828061
-9.461166
-9.046637
-9.049130
-9.433178
-8.144887
-7.273826
-8.717921
-7.539360
-8.117806
-7.464263
-6.923022
-6.383046
-6.340552
-7.236852
-6.881443
-6.752625
-4.929779
-5.315306
-5.901680
-5.021414
-4.064519
-3.746554
-3.250762
-3.535237
-2.417936
-2.485394
-1.924483
-3.000006
-3.028209
-1.093473
-2.209458
-0.285212
-0.392547
-1.323281
-0.196173
-0.446324
