-0.096266
1.297125
1.097602
0.725389
1.744177
2.099020
2.220255
2.601389
2.255317
2.177434
4.240434
3.081743
4.928519
4.482531
5.045920
5.156970
5.579405
5.870182
6.597063
6.865554
6.573890
7.167574
6.389929
6.374702
6.787248
7.628668
7.550292
7.949586
7.758904
7.188258
7.551912
7.625397
8.425111
8.538113
9.250540
9.667645
8.875419
9.533810
9.112521
9.214498
9.404949
9.820939
10.735668
9.417351
9.906445
9.701594
10.404491
9.110016
9.889050
10.049232
10.759112
9.340709
10.607192
9.020855
9.913101
10.200644
10.210061
10.330241
9.651091
10.150353
9.136576
9.681128
9.095123
8.578522
9.486252
7.818525
7.854720
8.322369
7.401286
7.682943
7.821629
7.988550
8.104222
8.187941
6.724948
6.493531
7.467223
5.684987
6.653371
6.120120
5.914733
4.547955
4.557812
4.509571
4.030498
3.376725
4.141782
3.552976
3.415272
2.709005
3.377163
2.310276
2.149162
1.939579
0.657421
1.654962
0.382392
-0.195611
0.448640
-0.018426
0.159236
0.132863
0.037126
-0.849593
-2.091650
-1.638043
-1.343417
-1.671960
-2.693792
-2.886580
-3.968958
-4.661555
-3.028122
-5.122666
-3.744801
-4.929542
-5.321918
-5.822171
-5.121938
-5.099521
-5.377989
-5.459251
-6.645813
-6.089623
-6.275854
-7.550175
-6.620553
-8.205690
-7.252939
-7.627564
-9.238130
-8.025722
-8.949206
-9.400934
-9.442781
-9.821336
-8.204989
-9.212783
-8.872884
-8.924596
-10.111761
-10.052400
-9.315891
-10.548683
-10.246743
-9.352244
-9.240661
-10.044927
-9.775620
-9.965490
-9.114659
-9.342507
-10.518440
-10.342283
-10.583523
-10.767968
-8.916055
-9.386701
-9.487364
-10.307906
-10.104970
-9.445410
-8.206424
-9.773437
-9.017682
-8.402313
-7.681336
-9.208933
-8.744019
-7.503553
-7.982988
-7.782105
-8.100529
-7.279254
-7.545349
-6.216452
-5.670883
-6.240685
-5.598414
-6.112765
-6.613180
-5.836379
-4.417964
-5.664835
-5.394327
-4.577873
-4.243356
-3.509746
-3.173945
-3.782819
-2.233758
-3.263261
-1.648570
-1.670743
-2.038752
-1.188237
-1.529780
0.179412
-1.102002
0.279695
