0.853629
0.612868
1.643438
0.945814
2.464752
2.371322
1.935894
2.588310
3.701567
3.110114
3.131881
3.009144
4.735498
4.941585
4.025386
3.839259
4.857362
5.066085
6.161401
6.253686
6.355314
6.464979
5.919450
7.043959
7.773952
7.597351
8.313632
8.343506
8.446667
7.893174
8.111742
7.889147
9.469114
8.760740
8.546127
8.522625
9.773684
9.304742
10.337638
10.171189
8.841267
9.848692
9.817033
9.257044
9.326758
8.986688
10.652477
9.592309
9.042565
10.050868
10.187381
10.054146
9.432698
9.640777
9.823949
9.895425
9.921461
9.833681
8.673503
9.221381
8.479676
9.248151
8.914402
8.064057
8.370616
9.655921
9.036661
7.557962
8.583352
8.668685
8.348201
8.194611
8.233112
6.513905
6.260894
7.079730
5.709404
6.927682
6.938571
5.938225
6.352644
5.421321
5.344095
5.436762
4.566361
4.693064
3.362686
2.898434
3.600653
4.078965
1.904998
1.646095
2.641963
1.363650
1.720339
1.758721
1.124877
1.604468
-0.452475
0.080150
-0.841162
-0.513094
-0.441368
-1.734319
-1.906285
-2.475554
-2.839285
-3.323004
-2.960895
-2.357471
-4.218727
-4.453440
-4.418977
-4.335011
-4.897506
-4.980935
-4.413895
-5.688030
-5.161081
-6.186424
-5.149436
-6.364247
-7.520037
-6.050994
-6.311447
-7.780653
-7.814831
-6.753954
-7.544800
-8.340637
-7.403519
-8.038935
-7.956239
-8.628013
-9.310629
-9.653884
-8.667145
-9.012794
-10.134349
-9.154255
-9.681252
-10.543119
-9.270492
-10.816894
-9.255456
-9.224949
-9.646098
-10.465447
-9.510878
-9.256592
-10.395631
-9.367218
-9.048612
-9.272427
-8.914867
-9.296467
-10.573385
-9.833448
-8.677916
-9.645946
-8.462114
-9.938333
-8.619119
-8.866667
-9.232903
-8.287532
-9.553881
-8.698162
-8.553180
-7.637862
-7.141331
-7.070906
-8.270998
-7.450037
-7.236561
-7.630357
-6.321234
-7.205123
-5.399403
-5.748774
-6.264189
-5.615269
-4.810115
-5.334111
-4.550314
-4.911515
-4.158764
-3.883903
-2.611868
-2.777347
-2.597190
-1.781689
-1.261636
-1.697137
-2.108051
-1.506960
-0.303460
-0.431647
0.416720
0.451448
