1.007592
1.051701
1.242177
1.517499
1.067525
1.536434
2.519867
2.919001
2.738113
2.891317
3.742779
3.576001
2.979751
3.934742
4.800495
4.405552
5.978809
5.104016
5.875911
5.107611
5.888956
6.046684
7.248938
6.461591
7.463966
6.905814
7.017849
8.664866
7.307386
8.219972
7.727347
8.164201
8.514664
8.288261
8.344208
10.013755
9.364419
8.534959
9.210178
10.261573
10.142947
8.961186
8.908656
10.794690
9.151767
9.747929
9.948090
10.626453
10.572750
9.690557
9.707643
9.849441
9.623101
9.710465
9.636789
10.449135
10.154525
9.261318
9.350653
8.546328
9.462811
9.512108
8.383311
10.017179
9.283451
8.149545
8.692544
9.085238
7.553076
7.403005
7.095561
7.150184
8.258630
6.833356
6.888898
5.859554
7.115300
7.149934
6.970315
6.304467
5.433423
5.572964
5.032971
4.836509
3.828411
3.471430
3.826961
3.401550
3.353087
3.587724
2.428613
1.829140
2.428831
1.457226
1.179054
0.334376
1.352365
1.067517
1.238645
0.550545
0.517743
0.141768
-0.470632
-0.656997
-1.846308
-1.850506
-1.930579
-2.527633
-3.512614
-3.087257
-2.394822
-3.499103
-3.281628
-4.748862
-5.289864
-5.245479
-4.839237
-6.315455
-4.790008
-5.246926
-6.729420
-5.906355
-5.622059
-7.091067
-7.094788
-6.800890
-6.995718
-8.691925
-7.762516
-8.160457
-8.155666
-7.604737
-7.814208
-8.908326
-8.385000
-9.911318
-10.128160
-9.668808
-10.320430
-9.859519
-8.988958
-8.922410
-9.933638
-9.176810
-9.077549
-9.771666
-9.593717
-9.445700
-10.885127
-10.871868
-9.343490
-10.203767
-10.370201
-10.785057
-9.192959
-9.823259
-9.692295
-10.518801
-10.413103
-9.099697
-9.067694
-9.702343
-9.227497
-8.983926
-8.716882
-8.861213
-8.856097
-8.223837
-8.665689
-7.190700
-7.469916
-8.688237
-8.005835
-7.693193
-7.512100
-7.811086
-5.892743
-6.712134
-6.742722
-5.622186
-5.010390
-4.515211
-4.614329
-4.287499
-4.581318
-5.185948
-4.671416
-3.554522
-3.577012
-2.873300
-3.461343
-2.542925
-2.463758
-1.284753
-0.808432
-1.753771
-0.106608
-0.672363
-0.651705
0.902280
