0.271190
-0.054767
0.027079
1.117919
0.582774
0.934934
1.970558
1.756653
2.566355
3.206213
3.804654
3.458072
3.302969
3.355946
4.979287
4.427196
5.891780
5.413579
4.753866
6.642347
6.381120
5.878946
6.071329
6.583315
7.394141
7.345007
7.867650
7.888838
8.741520
8.803205
7.306515
8.191175
9.178729
8.785174
9.735726
8.197937
9.290318
9.160891
8.837236
8.608114
9.460785
9.635263
9.188415
9.369012
10.668604
9.283853
9.114226
9.188394
9.487110
9.803103
10.639148
10.243914
10.500749
10.185851
9.798063
9.061257
10.030502
9.575882
10.402398
10.254395
8.943103
8.691594
9.089548
9.620597
8.697048
8.038042
8.165883
8.699403
8.020213
8.724013
8.050169
7.803456
7.269091
7.928024
6.277511
5.938248
6.389117
5.683321
6.391147
5.499254
5.175841
4.597881
5.541673
5.566209
4.505224
4.798770
4.195304
3.979412
3.429160
3.697629
2.024950
2.143970
2.555978
2.337936
1.544025
1.265908
0.160261
-0.307505
1.258377
0.418843
-1.119577
-0.794016
-0.102772
-0.994440
-1.677781
-1.312006
-1.645009
-2.494783
-3.303292
-3.984308
-4.030916
-3.483052
-3.857405
-4.019189
-3.602525
-4.117423
-4.775635
-5.378345
-5.672014
-5.724884
-5.530051
-7.020404
-6.639863
-7.486485
-6.458547
-7.111462
-8.271359
-7.128757
-7.143668
-8.356172
-8.279577
-8.782479
-9.521675
-9.260288
-8.589146
-8.883218
-8.915451
-10.147459
-9.766547
-9.638333
-10.405457
-8.737449
-10.250498
-9.677571
-10.593449
-10.572190
-9.480451
-10.779418
-10.762370
-10.354829
-10.090762
-9.091347
-10.462665
-10.659197
-10.672514
-9.908666
-9.841324
-9.573099
-9.217339
-8.985710
-10.289193
-10.182463
-8.810566
-9.329655
-8.400231
-9.667606
-7.681321
-8.414128
-8.268429
-9.027315
-7.130300
-7.823251
-7.350003
-7.004936
-6.137663
-7.270469
-6.246415
-5.705220
-6.420010
-5.961534
-4.868841
-5.430510
-5.819977
-4.332637
-4.005089
-5.111504
-4.550885
-3.927191
-4.161242
-3.589427
-2.189914
-2.032061
-2.465573
-1.482048
-2.064067
-2.078733
-1.383532
-0.715609
0.256229
-0.173501
