-0.617372
0.002478
1.786805
2.069538
1.457337
1.631679
1.316684
3.315481
3.355587
2.538836
3.138129
3.991305
4.832095
3.354837
5.485417
4.934438
4.494659
5.087546
4.974386
4.901131
6.622986
5.784211
6.732632
6.415798
7.530023
7.997100
6.756329
8.664022
8.496295
8.456787
8.543272
8.535920
8.853791
9.621654
7.989339
8.363751
8.582979
9.349396
10.293225
8.754207
9.652114
10.283596
9.275033
9.347797
9.233568
8.926408
9.206105
10.211524
10.376048
10.334247
10.914798
9.721984
10.208738
10.315933
9.306481
10.172548
9.133110
10.518773
9.159965
8.544766
8.549580
9.224095
8.803559
8.671792
8.574420
8.562857
7.930068
8.075173
7.668225
7.267938
8.649798
7.909445
8.047133
6.428966
6.615349
7.183135
5.964313
5.712335
5.244247
6.374248
5.134708
4.770441
4.500100
5.202568
5.212518
4.548844
3.338629
3.776321
3.073487
3.449931
2.642080
2.783363
1.754415
1.594611
1.752464
1.621266
1.243472
-0.044123
0.848459
0.464753
-0.543815
0.007562
-0.489923
-0.644885
-2.176865
-1.073428
-1.852828
-2.170529
-3.602078
-3.019548
-4.286743
-4.537257
-3.979389
-3.284426
-4.196783
-4.545808
-5.288826
-5.425963
-4.830310
-5.020928
-5.796251
-5.886689
-6.632670
-6.839253
-7.817337
-7.580766
-7.831334
-7.234372
-8.670465
-7.818961
-8.890789
-7.884814
-8.919335
-9.533075
-9.757116
-8.402946
-8.551755
-8.364726
-10.390589
-9.636073
-9.270491
-10.257584
-9.392657
-9.409497
-9.568280
-10.469971
-9.219797
-9.707217
-9.374404
-9.294774
-9.682020
-10.647902
-9.361744
-9.556368
-10.532201
-9.556364
-9.573711
-9.210976
-9.919862
-10.035482
-9.781397
-8.713315
-8.310275
-9.702782
-9.662919
-8.734246
-9.007817
-8.244405
-9.226600
-8.726149
-6.993208
-7.213898
-7.716870
-6.656968
-6.367737
-6.228395
-6.686884
-6.424870
-5.419702
-6.418851
-5.398024
-4.557660
-5.020120
-4.182200
-3.862434
-4.871600
-4.958013
-3.907092
-3.330498
-2.416022
-3.155077
-1.670923
-1.880948
-2.520746
-0.718590
-2.227516
-1.861006
-0.342361
-0.226612
0.469193
