0.297658
0.344729
1.106709
0.455760
1.943522
0.920719
2.471145
2.364699
2.809510
2.347072
2.727291
2.722872
4.285030
3.684636
4.727141
4.750667
5.068901
6.262669
6.483833
5.497424
6.163883
5.925349
7.379441
6.365561
7.210676
7.272274
7.943860
7.087478
8.281653
7.594824
7.492258
9.062264
9.077894
8.750588
9.525849
9.246233
10.176081
9.633144
8.910920
9.109743
9.147618
9.994522
8.793669
10.733109
9.322970
9.876678
9.793729
9.155988
9.860312
9.647066
9.222586
10.062623
9.959176
10.423421
10.125993
9.236659
9.988639
10.315489
9.330220
9.599545
9.402877
9.483279
8.228778
9.789967
8.434134
9.005866
9.140705
8.442432
9.202189
8.462216
7.390287
7.284856
8.458105
7.104980
6.432564
6.813299
6.748195
6.988462
6.580495
6.636170
5.786141
5.464051
4.831366
4.127729
4.656045
4.692949
3.342602
4.495981
4.231838
4.033315
3.092798
2.677969
2.302810
2.457555
2.405227
2.225070
1.783318
1.431714
0.660687
0.444388
0.219751
-1.466809
-1.556618
-0.285914
-1.220317
-1.912426
-2.439680
-3.103379
-3.115800
-3.655415
-2.992779
-3.633467
-3.597458
-3.802664
-4.379081
-4.379922
-4.558712
-4.590103
-4.943200
-6.843669
-6.056193
-5.408122
-5.677178
-6.175518
-7.160250
-8.190628
-6.933783
-8.117977
-7.603764
-7.954203
-9.136657
-8.574241
-8.062772
-9.384060
-8.009726
-8.192187
-9.288957
-9.667147
-8.539935
-10.284889
-9.719782
-9.735007
-8.767873
-9.286558
-10.180408
-9.762250
-9.539625
-9.797380
-10.166977
-9.588768
-10.923113
-10.681126
-10.357185
-9.383007
-9.488982
-10.414382
-9.760418
-10.006357
-9.634393
-8.934817
-8.903422
-9.415615
-9.150988
-9.346532
-9.087518
-8.068084
-7.817321
-9.329760
-8.388653
-7.300712
-7.311471
-8.329048
-8.205206
-7.356700
-7.558938
-7.508168
-6.960987
-6.936764
-6.161591
-6.299222
-5.902756
-6.038677
-6.080835
-4.268134
-3.578769
-3.923394
-4.476872
-3.797297
-2.941096
-3.195120
-3.111154
-2.380738
-3.158558
-1.126384
-1.739115
-0.498911
-0.360542
-1.594335
0.278070
-0.065875
