0.819074
1.329711
1.124826
2.154121
2.288536
2.377521
1.616288
3.250571
2.018585
3.229699
3.619132
2.723204
4.673188
4.548938
3.808353
4.451247
4.829085
4.968553
4.787751
5.301559
6.560587
7.099170
5.701418
7.811093
7.691862
7.850642
7.911260
7.468005
7.843109
7.250417
7.301820
8.674329
7.803215
8.466100
7.926617
8.764927
9.970263
9.079292
8.934724
8.971838
9.070071
9.891615
9.935364
9.854399
10.299338
10.531795
9.384780
9.222065
9.375269
9.597135
10.919780
9.766859
9.108649
9.240537
9.894593
9.372478
9.786859
10.535549
10.518507
9.890145
10.218488
8.796557
8.759416
9.174904
9.309317
9.187806
9.033180
8.636126
8.077536
8.508843
7.446074
7.346818
7.827512
6.516542
7.466800
7.397104
5.760507
5.743115
6.284733
6.573545
5.522110
5.147670
5.565149
4.561240
3.805979
3.316080
4.962446
3.143670
2.676570
2.514895
3.257308
2.777772
2.759902
2.104402
2.506869
2.141780
0.737943
1.441011
0.555028
-0.004255
-0.606804
0.011594
-1.356815
-0.316179
-0.930557
-1.954770
-3.025737
-1.591922
-3.332563
-3.266251
-3.086633
-3.933052
-3.997015
-3.414286
-4.762281
-4.679122
-5.786204
-4.610596
-6.569868
-6.438598
-5.820794
-6.038330
-7.094372
-7.052674
-6.457723
-7.506952
-7.534342
-7.921447
-7.443797
-7.336804
-8.619719
-7.555598
-9.548213
-9.564416
-9.052756
-9.103230
-9.270274
-10.095640
-9.483523
-9.588072
-8.814518
-10.573960
-10.179768
-9.952499
-10.623338
-9.653307
-9.110530
-10.035556
-10.491835
-10.985145
-9.881011
-9.632983
-10.754114
-9.718291
-10.067578
-10.149713
-10.295182
-8.803192
-8.711198
-9.506371
-9.477388
-10.008313
-9.423190
-9.952473
-8.240860
-9.470132
-8.847364
-7.977592
-7.285845
-7.922349
-7.431425
-8.417617
-7.214551
-7.593614
-6.699665
-6.420962
-6.776797
-7.323253
-6.723213
-6.079416
-5.351078
-4.365462
-5.074736
-4.123648
-4.076016
-4.009560
-4.188910
-3.012550
-3.814865
-3.271743
-1.857815
-3.093722
-1.761478
-2.392864
-0.774757
-1.180037
-1.781579
-0.921372
-0.391979
0.745787
