0.408393
1.570118
0.751787
1.488871
1.675399
1.502342
1.629699
2.044110
2.253665
2.931448
4.297488
4.169101
4.915239
4.756994
4.877698
4.850080
5.157182
6.112570
6.511851
6.335980
5.132931
5.862589
6.933070
7.276127
7.344001
6.936523
6.988938
8.477471
8.757049
8.000476
8.595765
9.318673
9.400394
7.765015
9.087965
9.263866
9.736793
8.857903
9.436156
9.621041
9.258829
8.744789
10.537002
9.438189
10.283061
9.872849
10.002022
9.682522
10.541266
9.238436
10.456609
10.541901
10.745848
10.406046
8.956844
10.462440
9.507743
9.320945
9.534771
9.641864
10.189064
9.355053
8.536244
8.944871
9.720984
7.824449
8.619313
8.795368
7.933465
8.540914
7.174890
8.209872
8.005966
7.128683
7.553751
7.406173
7.125509
5.742180
5.172610
5.399570
4.753989
5.424328
4.891359
5.396254
4.747286
5.139108
4.095209
2.774190
2.955928
3.184533
2.889915
2.494458
3.040449
1.914089
1.020754
1.369380
0.568362
0.734093
0.553266
0.438528
0.422953
-1.340010
-0.338714
-0.366675
-2.210877
-2.228183
-2.001722
-2.220867
-2.560590
-3.586623
-4.087058
-4.416346
-4.957012
-3.294966
-4.285412
-4.007381
-4.701261
-5.262329
-5.840748
-6.097479
-6.707929
-6.954666
-5.801958
-7.233533
-6.303959
-8.006261
-7.484164
-7.940424
-8.689613
-8.836644
-9.000792
-8.202747
-7.908001
-9.698763
-9.254496
-9.164737
-8.544910
-9.063004
-8.444693
-10.311363
-9.239628
-8.868949
-9.788334
-10.449330
-9.077924
-10.849941
-10.502473
-10.361475
-9.488503
-9.419449
-10.161236
-9.915763
-9.438346
-9.242227
-9.865076
-9.781368
-9.393072
-9.105577
-8.933278
-10.257032
-10.063485
-9.629170
-10.167296
-8.144175
-8.299290
-8.907699
-8.682251
-9.077415
-8.070670
-7.911969
-7.803812
-7.456254
-8.359024
-6.294353
-7.863427
-7.736528
-6.385581
-6.931151
-7.081441
-5.263104
-5.427970
-5.634470
-5.057557
-5.578100
-4.971954
-3.437986
-4.472366
-2.772481
-2.984827
-4.020246
-3.723456
-3.177994
-1.277123
-2.840544
-0.910050
-2.152890
-1.909950
-0.290817
-0.147093
-0.690231
