0.901912
1.562345
1.443852
2.244822
1.903000
2.166848
2.068683
2.808805
2.686969
3.593727
3.179831
3.538676
3.295015
3.555292
4.928108
4.106991
6.013548
6.187190
6.031267
4.947579
5.384769
6.989876
6.666033
6.507831
7.656574
7.400252
7.384214
7.674865
7.536950
8.210078
8.516431
9.358981
9.480181
9.674035
8.413181
8.699095
9.572257
9.522760
8.708118
9.971062
8.617789
9.859132
9.005141
9.096044
9.392795
10.071191
9.112778
9.720685
9.515691
9.869559
10.462364
9.137220
9.352645
10.615842
10.542825
9.239934
8.762854
10.476859
10.565587
10.180474
9.426672
9.473288
9.877169
8.502739
8.001976
8.628793
8.997202
9.051473
8.848455
7.563730
7.990261
7.547325
7.798081
8.097749
8.052660
6.904433
5.859527
5.944205
6.007855
6.432051
6.032103
5.765959
5.491569
5.052328
4.974258
3.805306
4.594116
3.994022
2.693562
2.767270
2.988117
2.044962
2.211456
1.309797
1.687077
0.503612
0.166779
1.609278
-0.653923
0.990034
-0.780652
-0.922923
-0.214775
-1.687688
-1.474173
-2.791348
-3.103917
-2.845967
-3.202817
-2.513088
-3.593923
-3.128533
-4.963743
-5.138373
-3.553203
-3.848704
-5.796625
-4.706306
-4.995805
-5.549378
-5.175957
-7.310593
-6.262916
-7.613342
-7.296588
-6.637000
-7.674682
-7.405561
-8.301185
-8.808445
-7.395526
-9.199738
-7.624617
-8.107713
-9.827125
-9.115578
-9.487421
-9.141660
-9.722044
-9.447770
-10.066230
-9.289741
-10.041956
-9.595103
-10.794615
-10.091541
-10.848274
-9.771860
-9.829596
-9.627451
-10.652098
-9.344955
-9.937241
-9.219434
-10.274380
-9.517743
-9.643426
-9.161365
-10.302630
-10.424565
-8.860221
-8.957768
-8.696640
-9.615781
-8.925671
-9.167531
-8.843807
-7.672348
-8.721048
-8.375476
-7.546588
-6.744385
-8.422765
-7.923945
-7.533430
-7.073614
-6.203072
-6.862302
-6.534286
-5.490527
-6.592518
-5.979459
-4.760226
-4.227239
-3.978119
-3.751436
-4.449743
-3.245093
-3.555804
-3.553640
-2.847410
-3.486330
-2.344056
-1.810647
-0.670478
-1.228190
-0.805233
-1.492715
-1.172768
0.964213
