0.753186
1.237782
0.487145
0.652800
1.512222
2.603876
1.303046
2.566596
2.406278
3.551562
2.857164
3.583447
4.083960
4.221709
3.964054
4.324815
4.222160
4.554621
6.442531
5.239197
5.758595
7.092920
6.330619
7.701647
6.385753
6.472646
6.690014
7.096923
7.910017
8.642020
8.881678
9.110130
8.438440
7.863689
9.051449
8.990403
8.651173
9.182668
9.159483
9.457535
10.179815
8.934502
8.942524
9.573238
10.221052
9.161214
10.385166
9.582295
10.346027
10.498050
10.227487
10.813819
10.757410
9.198485
8.938646
10.513386
10.540384
9.462065
10.290617
9.406008
9.650420
9.997055
8.254764
8.519633
8.252168
8.542145
7.654402
7.746240
9.216354
7.704540
8.691668
7.982850
7.196835
7.765606
6.362617
7.135673
7.097948
5.447429
6.474021
5.974663
5.153973
5.617698
5.256438
3.824853
3.659432
4.383028
3.193193
4.615428
3.855007
2.954034
2.880062
2.511404
2.699380
2.552740
2.028594
1.346138
0.317230
1.062818
0.543650
-0.604249
0.395674
0.281821
-0.315991
-0.320124
-0.719425
-1.987295
-3.163111
-3.067885
-2.488588
-3.422869
-3.202623
-3.148686
-4.813095
-5.171822
-4.276234
-4.574619
-4.173435
-5.826410
-5.103418
-5.856458
-5.467019
-6.316007
-6.160462
-5.898278
-6.369498
-7.651379
-8.431007
-7.269087
-8.555172
-7.384269
-8.885179
-8.054067
-9.481626
-9.656534
-8.558226
-9.658820
-9.175430
-10.014256
-9.229587
-8.934439
-9.848953
-9.805271
-10.388855
-10.732887
-10.308936
-9.484748
-10.231237
-9.421104
-9.308449
-9.661545
-9.348106
-10.048096
-9.411723
-9.843953
-10.342593
-10.524407
-10.597461
-9.942035
-10.416005
-10.097345
-10.020819
-8.932180
-10.003006
-8.756752
-9.067414
-9.386404
-8.906931
-9.302826
-8.780466
-8.386879
-7.892494
-7.649888
-6.976866
-8.177479
-6.329591
-7.102218
-7.075892
-7.198362
-5.386794
-5.044444
-5.388066
-5.304974
-4.870625
-4.925579
-3.622892
-4.564513
-3.285321
-4.306796
-3.766418
-3.364504
-1.814781
-1.527229
-1.440134
-2.498673
-1.468602
-1.944944
-0.185786
0.026523
-0.029841
-0.436241
