-0.139470
0.951978
0.652897
1.748586
2.015064
1.628268
1.935883
3.050712
3.627417
3.624387
4.366693
3.428860
4.394762
4.893372
5.507774
3.906714
4.853320
6.057024
6.513207
5.999198
5.982901
7.265578
6.340166
7.557776
7.585078
7.409633
8.221619
7.052897
7.604589
7.625571
8.666808
8.450962
8.782174
8.247595
9.776843
9.671817
8.511066
8.799292
9.326072
9.875088
9.076955
10.289391
9.348761
9.937927
9.502824
10.658780
9.507992
9.358426
9.183410
9.336021
10.706200
9.974756
10.669671
10.874791
10.698297
10.784522
10.005721
9.987444
10.076125
9.241455
8.843868
9.665046
9.930880
9.551240
9.801301
8.565595
9.543563
9.149583
7.341863
8.766591
8.057841
6.868949
7.319363
7.107808
7.103939
6.926928
6.326167
6.443698
6.035502
6.166238
5.455355
5.985960
4.311671
4.647774
4.311290
3.980289
4.639965
4.659821
3.025958
2.211121
2.257400
1.800908
1.777294
1.590766
0.906809
1.988254
1.060148
-0.265064
-0.401023
0.294639
-0.082943
0.205159
-1.387887
-1.811397
-1.253245
-1.950680
-1.216147
-2.855059
-3.446967
-2.354776
-3.053063
-4.588635
-4.900733
-3.346471
-3.773332
-5.137374
-4.590126
-4.944436
-5.029747
-6.445860
-6.252676
-6.843267
-6.979730
-7.213581
-6.805292
-7.722323
-7.913422
-6.926306
-7.457429
-8.077514
-7.632065
-8.486066
-8.205560
-8.364348
-8.912905
-9.396527
-9.917098
-9.280896
-9.875125
-8.639264
-9.048955
-9.670707
-10.673098
-9.350204
-9.204503
-9.486624
-10.857682
-9.813939
-10.203091
-10.711083
-10.943719
-10.483881
-9.026231
-9.647606
-9.540814
-9.425302
-9.511219
-9.424843
-9.375698
-8.544487
-10.141540
-9.441918
-9.475784
-9.681112
-8.573809
-9.583325
-8.295359
-8.703910
-7.581829
-7.268410
-7.953298
-7.787494
-7.528873
-6.520291
-6.692391
-6.719166
-5.930734
-5.554703
-6.085160
-6.015123
-5.280235
-5.106686
-4.764774
-5.433263
-4.468318
-4.624999
-4.131282
-4.040124
-2.670568
-2.331621
-2.534425
-2.867555
-1.293976
-2.562357
-1.140845
-1.624689
-1.775149
0.050274
-0.340748
0.832824
