1.058179
0.603579
0.656019
0.839173
2.478425
1.315185
3.068365
2.558694
3.673095
3.149493
4.246399
3.120248
4.501185
3.982473
4.990360
5.204749
5.742308
4.887474
4.873245
4.982248
7.101440
6.216252
6.353769
5.981286
6.433289
8.074845
7.426643
8.066658
7.135527
8.243158
7.827912
7.563575
8.655096
9.379653
9.567334
9.558101
8.549905
9.322070
9.443954
9.396838
9.825335
10.106981
10.483011
10.019001
10.844394
9.122213
9.433538
10.633264
10.642722
9.764488
10.833285
10.807756
10.903959
10.056550
10.032728
10.509189
10.019816
10.445327
9.567937
9.311934
9.414882
9.911148
8.696296
9.973165
9.418374
8.909264
8.427089
8.959502
8.166720
7.959368
8.469595
8.301033
6.630324
6.603148
7.308685
5.876522
6.163190
5.656637
6.360844
6.758631
4.688263
5.545189
5.469317
4.698531
5.190726
3.412271
3.127999
2.952162
3.553860
2.532023
2.769652
1.502194
1.269192
2.797776
0.915020
1.573918
1.761586
-0.233795
0.384590
0.442166
0.407873
-0.987861
-1.098497
-2.111069
-1.806924
-2.648367
-1.648047
-3.058203
-2.730229
-4.072140
-2.672037
-3.845759
-4.044049
-5.096600
-4.290824
-5.744852
-5.388108
-4.640503
-6.304017
-6.257686
-6.035502
-6.941210
-7.264338
-6.012361
-7.287147
-7.192238
-7.608922
-8.679816
-8.433426
-8.217427
-8.839005
-8.278575
-8.889842
-9.229484
-9.878685
-8.216398
-8.910907
-8.769288
-10.108324
-9.549011
-9.443244
-9.518455
-9.857593
-9.409743
-9.637422
-9.582385
-10.655030
-9.296802
-9.159188
-10.533221
-10.409223
-10.356025
-9.304405
-9.482917
-9.444710
-9.524874
-9.746776
-9.862715
-10.409985
-10.355106
-8.905973
-9.057786
-8.629952
-8.301255
-8.386015
-9.053923
-8.835898
-8.645817
-7.497629
-7.475983
-8.450044
-7.106665
-7.839160
-7.420522
-7.940632
-7.540365
-6.731450
-6.510992
-6.925018
-5.281685
-5.924328
-4.900310
-5.617004
-4.048237
-5.098470
-3.395485
-3.495985
-4.469353
-3.128426
-3.524175
-2.450759
-3.051115
-2.801175
-2.361210
-2.502651
-2.048573
-1.220445
-1.532667
-0.601272
-0.684327
