-0.455421
-0.204232
0.584389
1.607697
2.478826
2.143765
2.228067
2.148943
1.811547
3.374415
3.324687
4.626498
3.983405
4.016029
4.122924
4.367208
4.521363
5.266067
6.252950
6.209698
5.274002
6.209781
5.651280
5.925338
7.465019
7.717240
6.708843
8.472474
8.158468
8.795955
7.495261
8.024094
9.375506
8.500514
8.633375
9.500736
8.385062
8.702538
8.852974
10.170193
8.970779
10.538261
9.939237
9.615332
9.620083
10.354464
10.110327
10.762252
10.181759
9.811996
10.479044
10.151389
9.065122
9.347586
9.039492
8.897737
9.826626
9.635476
9.868633
8.858671
9.737907
10.025463
8.541571
8.381024
8.990236
8.195634
9.532884
8.686186
8.728971
8.235895
7.423965
7.533131
8.120770
7.927034
6.888473
6.832600
6.304353
5.554998
6.114446
5.834133
4.948803
5.743638
5.209010
5.103498
4.529046
4.054368
4.308132
4.374466
3.115016
3.428570
1.905201
2.798639
1.517610
2.401354
1.105217
2.245904
0.042914
0.780305
0.418738
0.183397
-0.093915
0.106543
-1.242447
-1.815335
-1.843679
-1.867989
-2.023594
-1.546690
-2.278462
-3.414365
-3.923917
-3.993868
-4.405300
-4.916178
-5.268151
-5.700919
-4.865892
-5.668548
-6.336155
-5.589637
-5.902921
-5.816764
-6.965565
-6.082642
-7.215837
-6.402969
-7.124159
-7.811697
-7.068514
-8.545949
-8.018587
-8.435069
-8.630841
-9.191010
-9.148850
-8.908324
-8.916042
-9.949221
-9.863612
-9.346365
-10.478119
-10.257220
-10.437217
-10.421575
-9.413059
-10.584564
-8.975029
-10.968045
-9.293434
-10.916452
-10.263333
-9.011259
-9.901094
-10.511431
-10.458847
-8.865312
-8.772638
-10.554740
-9.710076
-9.808387
-9.718767
-8.368516
-8.256540
-9.371744
-9.513818
-9.664274
-8.988247
-9.111512
-8.048798
-7.957822
-8.402525
-7.183754
-8.428683
-7.084064
-7.168892
-7.558422
-7.511750
-6.991036
-7.023809
-6.843586
-6.383575
-5.114036
-4.388830
-3.959235
-5.082330
-4.863688
-3.371052
-3.612966
-3.806873
-2.719814
-2.077656
-1.552392
-1.606524
-0.988664
-0.672222
-0.663256
-1.266288
-1.500091
0.471143
-0.845054
