0.439913
1.199529
0.011453
1.190215
0.662791
1.233148
1.187135
3.317726
3.563015
2.385085
2.921754
4.217896
3.282403
4.144542
3.993873
4.836393
4.258520
6.321476
5.278962
5.928208
7.104155
6.724455
7.120705
6.217314
7.139397
6.894389
8.059772
7.173022
8.749788
8.704982
8.215741
9.209174
8.976345
8.783109
8.220167
9.373196
9.226932
8.467935
9.579820
10.040220
9.006502
9.820223
10.425474
10.757036
9.795268
10.786886
9.553010
10.749093
10.148702
10.136041
9.683197
10.945599
10.737391
9.491532
10.756813
10.665470
10.607636
9.072156
10.325575
9.707656
9.747722
8.500607
10.156340
8.508903
8.601599
8.191836
8.300381
9.236048
8.204141
7.274460
7.387777
7.777706
7.428324
6.740047
7.145582
5.865750
7.003172
6.996716
5.149444
5.468909
5.678182
5.458000
4.949992
3.886921
4.213214
3.409047
4.185919
2.760092
3.248928
2.348266
2.850455
1.928531
1.527243
2.343643
1.617197
1.373156
-0.054946
0.685018
0.223247
0.224849
-1.117924
-0.825998
-1.724458
-0.932742
-2.425592
-2.366864
-3.056338
-1.716576
-2.937833
-2.261078
-3.199385
-4.525017
-3.374931
-3.525370
-4.569931
-5.571022
-5.895375
-4.748707
-5.566321
-5.972951
-5.412991
-5.957069
-7.197814
-7.112537
-6.906877
-7.480776
-6.792706
-7.361648
-8.503379
-7.694476
-8.212295
-7.688316
-9.113388
-9.097557
-8.411163
-9.521253
-8.600622
-9.849566
-10.164611
-9.734857
-10.597762
-9.259722
-9.354343
-10.562705
-10.169361
-10.623455
-10.686015
-10.819799
-9.446148
-10.475130
-10.107014
-10.783822
-10.671516
-10.457346
-10.606749
-10.113123
-9.299726
-9.308873
-9.859535
-10.427803
-9.260230
-10.151721
-9.801689
-9.337459
-7.921780
-8.260770
-8.967493
-7.447221
-8.527624
-7.614538
-8.294906
-8.656548
-8.064402
-7.734203
-7.605195
-6.255444
-6.829570
-6.480975
-5.781259
-6.395904
-5.376942
-5.841942
-4.777746
-5.514965
-4.534344
-5.083832
-3.909280
-3.613145
-2.516514
-4.041131
-1.870286
-1.881004
-1.753227
-1.147839
-1.192837
-1.692093
-1.120149
-1.003418
-0.974155
-0.346192
