-0.008150
1.380933
1.683678
1.047547
1.566274
0.928247
2.920197
1.783157
3.587594
2.147978
4.043895
4.410873
4.439430
3.299749
4.926237
5.756594
5.141877
5.559929
5.400878
5.358715
6.669249
5.703673
6.384159
7.477000
7.397961
7.606942
6.862965
8.494866
8.053197
8.895199
8.967511
8.311607
8.332689
8.321289
9.750627
9.410116
9.007555
9.915847
8.783284
9.695005
10.137786
9.334949
8.774110
10.537372
9.599055
10.228147
9.487398
10.592501
9.930046
10.875591
10.877835
9.141220
9.139265
9.924103
10.386930
8.903508
9.908077
8.899561
9.821621
8.874244
9.611071
8.762984
9.434634
9.141841
8.230419
9.746643
8.356915
8.744533
7.427595
8.137956
7.708590
7.154800
6.650481
6.977519
6.272775
7.821956
6.114685
6.997713
6.006245
6.772452
6.560332
5.295782
5.932694
4.972627
3.849690
3.862447
4.323983
4.410242
3.798194
2.720658
2.962013
3.179517
1.509424
1.617892
0.792455
0.482228
0.658934
-0.153086
-0.266575
0.839099
-0.319903
-0.141267
-1.927798
-1.105008
-1.386177
-1.912775
-1.280899
-2.880748
-3.407044
-2.204423
-3.829779
-4.258061
-3.632833
-3.831141
-4.864830
-3.850388
-4.831817
-5.822411
-6.246307
-5.868432
-5.489986
-6.286736
-7.393903
-7.394713
-8.054488
-7.031047
-7.158345
-7.453297
-8.773111
-7.719583
-7.784818
-7.787296
-9.555868
-8.398229
-9.532537
-10.041081
-9.362454
-8.573715
-8.702075
-8.939322
-9.748950
-10.197946
-10.338009
-8.942313
-10.384923
-10.688170
-9.970365
-9.557709
-9.785249
-9.667791
-10.962896
-10.144913
-10.049265
-9.219826
-9.276314
-10.406552
-9.147071
-8.838197
-10.394307
-10.203749
-10.077717
-9.820641
-8.920959
-8.202449
-9.352514
-7.784689
-9.515912
-7.888554
-7.504925
-7.115895
-7.563383
-8.493846
-8.440888
-6.545750
-6.890907
-5.922130
-5.784962
-6.940421
-6.672776
-5.354719
-6.443850
-5.443609
-4.712879
-4.288589
-4.759050
-5.197212
-4.264763
-3.076604
-3.915671
-2.434190
-2.632734
-1.944820
-2.775674
-2.281767
-0.684862
-1.196670
-1.603323
-1.600729
-1.139007
-0.601200
