-0.535054
-0.251193
1.813855
1.155631
2.341848
2.664742
2.050658
2.247724
2.740018
2.653279
2.581319
3.710143
4.793875
4.557052
4.458799
4.679517
4.799509
5.723822
5.041113
6.683753
6.185786
6.785942
7.172112
7.377284
6.900748
7.909121
6.740773
7.536612
8.195272
7.111307
7.556397
9.044200
9.312341
9.496731
8.630621
9.422246
8.312287
8.989325
9.013272
8.923200
9.142804
8.749897
10.512181
9.071257
10.578901
9.537590
10.890488
9.670663
9.208128
10.856323
9.675498
10.279502
9.696071
10.584516
10.132794
9.507183
10.158689
9.933756
10.383925
9.729530
9.775218
10.175375
10.027910
9.077245
8.863532
7.893847
8.000841
9.434849
7.875460
8.242520
7.303953
7.939712
7.752387
6.835392
6.380320
6.192311
6.000357
5.680146
5.624992
6.294142
6.202372
5.781049
4.228708
4.970166
4.576639
3.447184
3.494818
4.080382
4.108386
3.140697
1.921589
3.134801
2.690383
2.041482
1.208328
0.429986
1.547199
0.426103
0.396865
-0.813640
-0.995955
-1.491207
-0.538602
-0.823608
-2.299769
-1.980885
-3.145825
-3.005307
-2.749848
-2.708215
-2.579840
-4.566008
-3.059050
-5.242132
-4.763363
-4.323312
-4.819814
-5.390182
-5.335732
-5.852651
-6.163925
-7.037571
-6.511084
-6.192741
-7.224835
-6.943798
-8.188979
-8.121673
-7.232531
-8.053001
-9.134591
-7.963581
-9.542473
-8.702239
-8.296372
-9.753155
-10.159855
-9.284929
-8.848568
-10.066410
-8.643007
-9.912435
-9.573906
-10.251152
-10.717193
-10.755596
-10.795376
-9.521853
-9.794116
-10.977726
-9.057437
-10.753271
-9.556107
-10.701466
-9.916670
-10.223127
-10.064043
-9.912940
-10.498595
-10.265351
-8.437795
-10.128504
-8.907793
-9.428478
-8.677625
-8.970089
-8.241174
-8.598685
-7.758567
-8.381573
-7.707272
-8.444904
-7.146272
-7.386649
-7.518898
-7.465994
-6.700554
-6.453577
-6.967801
-4.897347
-5.484698
-4.460954
-4.485876
-4.673525
-4.797259
-4.069029
-4.052387
-4.026196
-3.665888
-2.141432
-3.715576
-3.349220
-2.328923
-1.299743
-2.203761
-1.096101
0.056629
-0.465764
0.079726
0.492942
