0.776171
0.762766
1.659095
1.368781
0.947087
0.964543
2.972778
1.840461
2.432078
2.359225
4.237522
4.020715
3.444726
3.645530
3.876735
4.625815
5.611925
6.164695
5.633770
6.706795
5.867274
5.498727
7.463929
6.905096
6.105956
7.992368
7.316645
8.056267
7.973722
8.968264
7.895406
9.281599
8.107915
8.307068
7.938543
8.335903
9.603283
9.384719
9.933171
8.975782
8.809337
9.617108
9.495992
9.281492
10.857984
9.250285
9.796726
10.119610
10.863867
9.905348
10.910438
9.312819
9.213006
9.642510
9.726059
10.243298
10.181501
10.356259
8.669985
10.312121
10.202041
8.741369
10.138211
9.882723
8.130176
8.607418
9.014826
9.291686
7.885803
7.310463
8.594808
7.122554
7.302412
7.625958
6.363083
7.002556
5.828765
7.196028
6.478447
5.203519
4.897875
5.572621
5.352711
5.770864
4.263991
3.529652
3.111802
4.349616
2.396804
3.899943
2.999383
1.776210
2.656986
1.659052
1.198941
0.804763
1.289309
1.362050
1.153766
0.484994
0.135341
-0.243565
0.012944
-2.247636
-1.093389
-2.612630
-2.306451
-1.814919
-3.581686
-2.899183
-3.581795
-3.589787
-4.102708
-4.171193
-4.549981
-4.371582
-4.751089
-4.633922
-5.951182
-6.335386
-5.342313
-5.714629
-5.780805
-6.477709
-8.069364
-7.649920
-7.348308
-7.535475
-7.788095
-7.805889
-8.526209
-7.586023
-7.671903
-8.989554
-8.879591
-9.076678
-8.713754
-9.563343
-9.421953
-9.148736
-9.545801
-8.923285
-10.196026
-10.699931
-8.983047
-8.997701
-9.446482
-10.442906
-10.126159
-10.074263
-9.666402
-9.933423
-10.149736
-10.224624
-9.325737
-9.001611
-9.772638
-10.113092
-8.930052
-9.430445
-8.841208
-9.572676
-8.761143
-9.308087
-8.483762
-9.690659
-9.385802
-8.089384
-9.026398
-7.445578
-7.636054
-8.124506
-6.782837
-7.413504
-7.521816
-7.532559
-5.764690
-5.957962
-6.823848
-6.360847
-5.842203
-4.608811
-4.664676
-5.783438
-5.047713
-4.473178
-3.109879
-4.443164
-3.243639
-2.772892
-3.466862
-2.914519
-2.550521
-1.555761
-0.942184
-0.631467
-1.634479
-0.825211
-0.076651
-0.701749
