-0.215210
0.367351
1.693769
1.504996
1.998389
0.943332
1.603487
2.702292
3.177501
2.889636
3.906675
2.813578
4.475273
4.062469
4.447942
5.403361
4.215182
6.258012
6.442078
6.230769
5.756801
7.161318
6.127030
5.991675
6.152440
7.942110
7.981089
7.124848
8.836671
7.984159
8.158216
8.894597
8.108016
7.802362
9.434909
8.966968
8.763053
9.378746
9.281066
9.794598
10.357631
10.604876
9.936034
10.027067
10.486358
9.920011
10.459510
9.294163
9.773507
10.296271
9.255685
10.597548
9.993249
9.338077
9.755558
10.571171
9.799331
10.560693
9.861000
10.252260
9.416548
9.418064
9.977376
9.555505
9.169813
8.078402
9.125586
8.330010
8.482711
7.110584
7.483634
7.068912
7.724323
7.926278
6.287313
7.205558
7.143184
6.847050
6.007080
5.688664
4.655974
4.361822
4.354430
5.703549
5.105461
4.118196
3.042139
4.342169
4.147413
3.881550
2.357534
2.772881
1.499901
2.342334
1.140126
1.932185
1.305263
0.303604
-0.291140
-0.766931
-0.320428
-1.135706
-1.537830
-1.110496
-1.915586
-1.895622
-1.451721
-3.066434
-3.706285
-3.086003
-4.049166
-2.944066
-3.213373
-4.281720
-4.543540
-5.262444
-5.888317
-4.484099
-6.065032
-5.637951
-5.302837
-7.183403
-7.545558
-6.744951
-6.554425
-8.258434
-7.407697
-7.832285
-8.210441
-8.544416
-7.898654
-9.010191
-7.785112
-9.592721
-9.293756
-9.514686
-9.060564
-9.170067
-9.717541
-9.690661
-10.590746
-10.524929
-8.982133
-9.757192
-9.707291
-9.575708
-9.804734
-9.029466
-10.129190
-9.900551
-10.297642
-10.587970
-9.763172
-9.287735
-9.401151
-9.266449
-9.337950
-9.059170
-10.546006
-10.103894
-9.576172
-9.920723
-9.619492
-9.944006
-9.256649
-9.620060
-9.428617
-8.396310
-8.804359
-8.566680
-7.695189
-7.726918
-7.980577
-6.401849
-8.046804
-7.807641
-6.395712
-7.123518
-6.591263
-6.707523
-4.771260
-5.337724
-5.062420
-4.340662
-5.344296
-3.684104
-4.068396
-4.589513
-2.681540
-3.816727
-2.915676
-2.862290
-2.500954
-2.843921
-0.865892
-1.523808
-1.011233
-0.559814
-0.226503
0.389695
