0.749332
-0.371276
1.057694
0.765926
1.354113
1.844529
1.622866
2.242696
2.903685
3.095928
2.595864
2.734906
3.204601
4.763719
3.668750
5.322313
4.471320
5.614201
6.058296
6.197103
5.366015
6.517400
6.486431
6.320031
7.290020
8.240694
8.261501
7.607701
8.723310
7.329723
7.848603
9.311189
9.036064
9.710009
9.032004
8.711637
9.790751
10.061727
8.763761
9.940874
9.464845
10.588609
9.210828
10.070809
10.299315
10.007879
9.050078
10.209560
9.953204
9.907933
10.707107
10.425666
9.117017
10.565690
10.312173
10.146799
10.024710
9.013680
8.635212
8.690305
9.742779
9.352938
8.996661
9.679988
9.783298
8.916887
8.609687
8.486131
8.781478
7.848802
7.330759
8.052251
7.324572
6.352828
6.960258
7.611528
7.417178
5.523175
6.612867
5.205077
6.483085
4.759973
5.735580
5.374258
5.439348
4.293422
4.471448
3.905658
3.235673
3.349347
3.182472
2.666762
1.909758
2.559870
1.544305
1.795208
0.225480
-0.204815
0.716266
0.321062
-0.690498
-1.054686
-1.185394
-2.193058
-1.987345
-2.536023
-2.853271
-2.009350
-2.307143
-3.182337
-3.743878
-3.648000
-3.983830
-3.443852
-5.414143
-4.632878
-4.436907
-5.260825
-6.221072
-6.484776
-6.489804
-6.428216
-5.767339
-6.004286
-6.342380
-6.847032
-7.477676
-6.832584
-7.452895
-7.215596
-7.914965
-8.925093
-8.172596
-8.881725
-8.365708
-9.145915
-8.307251
-9.281164
-8.789159
-10.471230
-10.335913
-9.032835
-10.617098
-9.574229
-9.692914
-10.135009
-10.258774
-10.884371
-10.150896
-10.609920
-9.511102
-9.660858
-10.562284
-10.336874
-9.623162
-9.789755
-9.689186
-10.028278
-9.474658
-9.637722
-8.737128
-8.506931
-9.637115
-9.882985
-9.057978
-9.149422
-8.902144
-8.089342
-7.758826
-9.088538
-8.418659
-8.132093
-7.668045
-6.682483
-7.698076
-6.872761
-6.569119
-5.392588
-6.270049
-5.804440
-5.357034
-4.576935
-4.635573
-3.928323
-4.021616
-4.790140
-4.178170
-4.592425
-3.734788
-3.871246
-3.762415
-3.071266
-2.403866
-1.617729
-1.410904
-1.130110
-1.869014
-0.317463
0.092105
0.358711
