1.199601
0.970720
0.227523
1.906832
1.629451
2.487708
1.476335
2.182703
2.425134
2.943803
2.466197
3.642815
4.618671
4.763369
5.107193
5.300111
5.886773
4.838493
5.790743
6.757672
6.304678
6.754814
6.838684
6.507556
7.478536
7.405956
7.683959
8.131175
7.942724
7.568503
8.153016
7.944361
8.144735
8.608041
8.671684
8.271437
8.381403
9.011196
9.586607
10.401648
10.208715
9.963712
9.129270
9.899661
10.841979
9.962223
10.530756
9.535273
9.594522
10.641758
10.650116
10.224696
9.989688
10.131233
9.768711
8.993007
9.468342
9.110636
9.490107
9.881333
9.561018
8.925002
8.399204
9.288582
8.554702
9.332958
8.289689
9.076885
7.370097
8.250605
7.721914
8.458267
8.055334
7.526457
7.878662
6.768157
6.676968
7.300457
6.989137
6.463650
4.711005
5.715167
5.670798
5.480434
4.103175
4.877172
3.667418
4.472211
2.646610
3.664215
3.327264
1.989493
1.437000
1.649857
2.086354
1.827588
1.117923
0.058073
0.632560
0.344219
-0.978609
-0.583614
-1.926695
-0.275404
-1.533192
-1.613438
-1.559741
-3.002902
-2.646102
-2.754999
-3.646915
-3.600642
-4.370476
-4.933611
-5.524557
-4.080865
-4.909019
-5.912009
-5.747762
-6.203503
-5.391989
-5.818826
-6.161688
-6.967169
-6.841319
-8.213310
-6.571991
-6.797375
-6.973072
-8.103424
-9.152430
-9.329750
-8.248019
-8.475131
-9.801014
-9.468360
-9.932585
-8.514834
-9.757295
-8.639569
-10.102413
-9.274705
-8.781644
-8.941127
-9.220632
-10.228738
-10.188212
-9.513114
-10.543739
-10.618103
-10.116950
-10.930277
-10.289437
-10.172510
-10.671436
-9.611803
-9.756576
-10.526790
-8.937182
-9.987163
-10.268617
-8.326825
-8.771564
-9.960425
-8.035970
-9.168200
-7.737608
-9.003605
-7.858696
-8.122270
-7.129617
-7.184087
-6.638659
-8.227255
-7.428880
-6.728554
-7.003772
-7.162826
-6.785911
-6.734111
-4.966254
-4.658348
-5.823044
-4.037440
-4.676135
-5.221324
-3.015640
-2.996216
-2.481221
-3.133994
-2.032203
-1.631170
-1.943593
-0.990144
-1.717762
-0.505050
-0.497218
-0.468366
0.067782
0.223017
