-0.353185
0.552522
0.512828
1.592541
0.596971
0.930376
2.145918
2.937539
3.583432
2.178310
4.099744
3.202448
3.840092
3.696313
5.078550
4.877009
4.263862
6.310353
4.905656
6.338724
6.555359
6.772182
7.443301
7.818376
7.002714
7.267818
8.441906
8.261200
7.191585
7.330030
8.547602
9.287806
9.457326
8.560161
9.210747
9.007841
9.948009
9.835210
9.413582
9.449380
10.087838
9.749589
10.181580
10.164954
9.325068
9.232421
9.191694
9.631488
9.410031
10.363464
10.380278
9.011019
9.211251
9.088523
9.474322
10.365859
10.132898
9.569100
10.423602
8.749474
9.351940
8.810113
9.534114
8.094861
8.727410
8.811410
8.007158
9.281334
8.501695
7.364966
7.560231
8.281014
6.829199
6.308126
7.885110
7.163091
6.124687
6.418286
5.330836
6.031716
5.195721
5.307007
5.070176
4.209525
3.793273
4.613218
4.801080
4.529812
3.092976
2.705841
2.294849
2.263079
2.878950
1.477467
2.312684
0.386883
1.221253
0.293060
0.055328
-0.587556
0.246345
-0.136285
-1.032950
-1.751295
-0.594215
-1.991912
-2.934472
-2.835897
-2.487640
-3.322509
-3.205171
-4.255245
-4.592844
-5.091268
-3.673618
-3.957945
-5.559261
-5.144234
-5.149515
-5.297806
-5.192919
-5.889610
-6.998089
-7.823876
-7.066249
-6.342926
-8.165454
-6.822506
-8.356074
-8.673589
-7.660619
-9.219795
-7.889332
-9.200356
-9.633182
-8.218568
-8.532436
-9.911764
-10.096746
-10.023991
-9.037873
-10.156780
-10.612083
-9.081759
-10.802070
-9.007634
-10.021847
-9.605394
-10.922231
-9.674183
-10.081182
-9.655193
-10.341137
-9.637793
-9.229067
-10.662116
-9.190832
-9.570858
-9.510793
-9.253506
-9.908550
-10.226632
-8.905419
-8.097167
-9.779002
-7.812916
-7.774745
-9.435998
-7.608268
-8.445029
-7.278878
-7.972739
-6.523170
-8.134710
-7.791333
-6.356697
-6.003068
-6.057471
-7.105772
-6.185907
-6.018608
-5.915507
-4.226577
-3.884796
-5.199364
-4.369726
-3.478385
-4.004393
-3.259705
-3.401641
-3.070709
-2.751356
-1.454001
-2.542512
-0.889679
-0.277650
-1.333621
-0.283532
0.252004
-0.249731
