1.305441
1.277095
0.657505
2.074128
0.776299
2.832052
3.172972
3.309317
3.597957
2.280892
3.245515
3.192996
4.137437
5.218898
5.470493
5.098060
5.979977
4.511108
5.345325
4.884335
5.463763
6.399704
6.197667
7.328046
6.945645
6.583549
7.116957
8.624762
7.410271
7.389679
8.079384
7.651144
7.655763
8.458855
7.930526
8.842329
9.518828
9.218504
9.811997
8.648804
9.228952
10.084769
9.554459
9.242369
10.142367
9.790650
9.086630
10.346516
9.077647
9.695537
9.919749
10.276617
9.125749
9.579157
10.504336
9.610330
8.835070
9.120393
9.068338
8.970700
9.772140
9.112680
9.680662
9.579006
9.813389
8.202839
9.528809
7.810058
9.040045
7.282549
7.790951
6.930967
6.863308
8.070804
7.482702
7.808816
7.229589
6.741942
5.159668
6.122809
4.815249
4.656882
4.803911
4.916368
5.205791
4.277146
4.704147
3.692647
2.720118
3.164131
2.020025
2.127638
1.185339
0.996934
2.086016
1.094766
0.974361
0.064921
1.056850
0.548757
-0.432358
-1.053371
-0.331625
-1.583541
-1.905953
-2.342140
-1.428901
-1.698959
-3.345883
-2.810560
-2.681150
-4.655102
-4.686603
-3.877806
-3.920460
-5.272595
-5.030927
-5.939214
-5.796998
-5.872919
-6.246145
-6.427777
-7.375275
-7.176755
-6.942354
-7.106535
-8.077223
-7.851357
-7.853257
-9.010923
-7.380933
-9.188565
-9.122573
-9.344470
-9.510657
-9.025476
-9.716630
-9.005218
-8.607237
-10.375432
-8.832912
-9.960062
-10.737210
-10.356357
-10.378231
-9.762473
-10.248595
-9.473269
-10.885134
-9.788683
-9.409647
-10.644943
-10.760499
-9.827310
-9.531260
-10.539414
-9.151733
-10.590866
-9.525726
-9.137546
-8.544309
-9.529474
-9.632681
-9.253819
-8.564784
-7.843037
-8.807182
-8.232456
-8.993673
-8.206198
-8.418080
-7.511749
-7.246697
-8.006599
-6.721800
-6.268172
-5.749709
-6.956151
-5.431925
-6.042034
-6.454723
-5.888749
-5.261518
-3.869734
-5.366903
-3.354079
-4.701173
-4.447064
-2.423351
-3.740398
-2.855965
-2.074164
-2.279493
-1.695247
-1.068256
-1.240776
-0.072298
-0.571051
-0.704027
-0.030117
