-0.637019
0.266765
0.410799
0.302702
2.448654
2.628426
2.277025
2.072597
3.786433
2.935096
4.197581
3.953700
3.679578
3.658803
5.375057
4.086851
5.776489
5.688778
4.663649
5.273074
5.532469
7.293858
7.290340
6.457248
6.305033
6.772929
7.229759
7.850697
7.226200
7.294935
8.208720
9.433758
9.454016
8.277045
8.845806
8.268937
8.643714
9.415261
9.510547
9.533899
9.382309
10.003536
9.665948
10.211031
9.964415
10.312880
9.067324
10.012390
10.707570
10.001616
9.546285
9.892689
10.562384
10.181520
10.704647
8.957037
10.125566
10.235445
9.428851
9.985378
9.845992
9.148853
10.013285
8.065670
7.940109
9.699572
9.282120
8.577319
9.065684
7.868681
8.886092
7.632513
8.357312
7.455960
6.217742
6.684072
6.684533
6.433525
7.107927
5.498045
6.151579
5.752043
4.908267
5.131793
5.031490
3.371893
3.763636
3.853766
3.324193
3.204134
2.219455
3.230751
1.959764
2.171967
1.160762
1.728689
1.344209
-0.349990
0.535506
0.079700
0.178491
-0.612902
-0.552383
-1.223840
-1.209408
-2.216815
-3.021485
-1.711754
-1.922446
-4.031155
-3.454040
-3.723122
-4.691296
-3.812526
-4.455369
-5.189157
-5.788060
-4.799093
-5.949659
-5.743241
-5.631338
-6.707501
-7.011182
-7.133103
-6.921097
-6.564857
-7.480553
-7.494865
-8.321151
-7.568629
-8.404768
-9.358003
-9.420612
-9.671765
-8.853855
-9.893613
-8.218474
-8.475913
-9.580771
-9.387337
-10.543160
-10.022927
-9.383668
-10.008178
-9.718723
-10.702242
-9.831052
-9.521556
-10.694309
-10.804412
-9.844417
-9.756524
-10.057631
-8.935738
-10.495654
-9.807274
-10.722088
-8.722957
-9.625856
-8.713743
-8.660319
-9.456834
-9.265898
-10.001101
-8.831181
-9.739164
-8.026159
-9.233193
-9.057634
-7.180870
-7.675793
-8.129457
-8.138211
-7.149553
-7.538903
-7.399041
-7.602705
-6.605379
-5.328970
-6.160611
-4.931723
-5.830704
-6.026555
-4.221551
-4.986894
-3.933389
-4.770047
-3.075716
-4.062626
-2.388825
-2.169779
-2.643237
-2.869851
-1.674574
-1.961235
-1.956277
-0.636448
-0.240278
0.402432
-0.635041
