0.773630
0.145207
0.809312
0.795463
1.897492
0.935641
3.163752
2.926927
2.408272
3.112275
4.310568
4.543838
4.343593
4.259111
4.236199
4.963317
4.785524
5.629022
6.275135
5.151997
6.999880
7.159330
6.735115
6.798510
7.394515
7.532970
6.995003
8.190736
7.843470
9.089097
7.372958
8.027483
7.681246
8.298611
8.736828
9.382751
8.451421
9.811778
9.833106
8.927719
9.034203
8.808837
9.852656
10.069134
9.062240
8.981996
9.316214
9.436774
10.985217
9.891112
10.682651
10.789728
10.908140
10.150647
10.644669
10.280892
9.920026
10.468708
8.900994
9.818793
9.807847
8.885446
8.956767
9.509080
9.592702
9.039237
9.427924
9.322261
7.360687
7.446259
8.411641
6.807144
8.209850
8.106530
6.543587
6.402981
7.583404
5.522049
6.059641
5.256611
6.380185
5.449134
4.781161
4.870414
3.700087
5.111618
4.295881
4.648581
4.211287
3.874211
3.740024
1.899796
1.312902
2.469842
0.975793
0.855518
0.307149
0.383789
0.616630
0.418574
-0.777389
-0.882727
-1.815205
-0.298103
-1.638990
-1.903514
-1.460680
-2.615128
-2.275142
-2.864874
-4.085349
-4.631933
-3.827927
-3.404037
-3.936004
-5.406443
-4.191324
-4.779019
-4.779924
-5.059927
-5.586195
-6.502430
-5.685091
-6.558452
-7.721425
-6.661235
-7.267095
-7.682504
-8.623970
-8.523916
-7.652526
-8.099809
-8.563795
-8.283774
-9.379168
-10.048014
-10.081903
-8.825031
-10.047098
-9.585054
-9.748455
-9.701288
-10.414732
-9.420823
-9.741837
-10.386401
-9.689996
-10.859580
-10.899597
-9.789457
-10.959681
-10.485632
-10.012856
-10.375522
-9.907455
-9.473915
-10.010990
-10.202687
-9.734761
-9.062592
-8.526618
-9.447893
-10.089032
-10.047812
-8.013558
-8.329751
-8.972941
-8.598780
-7.754233
-8.779561
-6.982612
-7.258321
-7.775465
-8.029260
-7.793168
-6.773576
-6.740233
-7.165113
-5.190658
-6.811509
-5.615619
-4.678065
-4.267879
-5.149675
-4.691172
-3.278807
-4.120887
-3.561163
-2.567858
-3.640194
-2.254382
-1.748870
-2.581206
-1.476522
-1.986934
-1.718733
-1.276664
-1.360656
-0.191340
-0.692004
