0.086475
1.495764
1.903978
1.552130
0.708587
2.158210
1.687516
2.549623
3.673954
2.251827
2.963093
4.633017
3.369182
5.089049
4.495409
5.745254
4.343991
5.468071
5.340782
6.654454
6.294805
6.974516
6.674464
6.141525
6.869070
6.320096
6.571987
7.393041
8.021289
7.849280
9.212968
9.248217
8.397216
9.168758
9.462889
8.466530
9.381826
9.814741
8.546902
9.837244
10.217577
9.961730
10.249338
9.597156
10.852600
10.318312
10.061978
10.877903
9.822836
10.380036
9.212036
9.737355
10.075735
9.829511
10.128440
9.221128
9.202657
9.741368
9.853913
10.091454
8.860839
8.379460
8.244851
9.856644
9.384586
9.687529
9.576211
7.599673
8.532635
8.229078
8.424285
8.191778
7.742622
8.004572
7.413546
7.767996
7.175034
6.479267
6.819033
5.046276
5.300004
5.378370
4.803213
4.254992
3.716285
3.790010
4.109869
4.143616
4.164494
2.667355
3.687388
2.471916
3.015971
0.895404
1.120703
2.201600
0.512526
0.392492
0.890956
-0.920142
0.567467
0.250367
-0.593648
-1.564881
-1.567202
-1.917937
-3.160134
-2.937740
-3.080475
-3.541755
-3.342325
-3.638810
-4.476328
-4.307355
-4.480494
-4.870793
-4.173926
-5.766154
-5.351082
-5.511244
-6.222522
-5.949441
-7.378858
-7.067279
-6.967429
-7.437031
-6.875511
-8.315667
-7.253745
-8.592410
-8.135880
-7.563872
-8.583866
-9.203931
-9.179820
-8.995152
-10.162692
-8.766018
-8.723463
-9.924708
-10.410094
-9.440824
-9.376331
-9.623500
-10.023884
-9.908773
-10.489634
-10.681398
-10.356415
-9.913666
-10.699443
-10.248739
-10.558282
-9.558747
-9.647811
-10.811358
-10.614700
-9.775427
-8.954844
-9.340731
-9.706670
-8.946681
-8.434492
-8.437161
-8.471646
-8.338269
-8.745796
-8.129360
-8.166538
-7.872727
-8.570108
-6.920163
-8.169465
-7.739549
-6.293909
-7.637076
-6.350303
-7.341507
-5.350205
-5.009314
-5.233595
-4.966548
-4.996677
-4.115470
-5.350072
-4.909322
-3.689809
-4.610299
-3.864269
-3.602470
-3.229747
-2.547777
-1.579922
-1.657856
-1.212138
-1.385097
-0.731466
-0.997796
0.570494
-0.202644
