-0.043292
0.102185
0.863165
1.191045
1.787397
2.708315
1.792316
2.076103
2.084647
3.316747
4.048157
3.831517
3.436698
3.868298
4.297686
5.492968
5.697682
5.595912
4.912563
5.849226
7.006092
7.348050
6.687990
6.712972
6.537052
7.311434
6.613549
8.703428
7.660292
8.701172
8.639743
7.875296
7.876072
8.883805
9.867834
8.963214
9.145154
9.966847
9.841003
9.203941
10.157881
9.900193
10.675668
10.046287
9.255583
10.436701
10.177249
10.628042
9.574478
10.919815
10.039505
9.890447
8.998813
9.353204
10.075619
10.545600
9.304180
10.213055
9.373760
10.403491
10.024028
9.265350
9.543878
8.264016
9.793612
8.388363
7.818365
9.022160
8.730891
7.871769
7.685854
7.007153
8.199225
6.477983
6.291344
6.306762
6.119479
6.954734
6.902039
6.300601
6.180228
4.941511
4.578077
4.764862
4.504433
4.768541
3.493401
2.862298
3.780685
2.734021
3.398444
2.742602
3.073064
2.695448
0.883865
0.407363
0.036081
1.522107
0.399512
0.488608
-0.268589
-0.562565
-0.018272
-1.757064
-1.559143
-1.253861
-3.170841
-1.733860
-2.693153
-3.661459
-2.996405
-3.848080
-4.022440
-3.591959
-5.356723
-5.337577
-5.595413
-5.342102
-4.752989
-5.327249
-6.478956
-6.254644
-7.280543
-7.661356
-7.547976
-6.846156
-6.964342
-7.046409
-8.564927
-8.780023
-8.671598
-8.407462
-9.413448
-9.568308
-8.580111
-9.322278
-9.511278
-8.691046
-9.548483
-9.048270
-9.022631
-9.429538
-10.432708
-10.183435
-10.872248
-9.627612
-9.277520
-10.284103
-10.193859
-9.265199
-10.161024
-9.638120
-10.812229
-8.960215
-9.545879
-9.027716
-10.642485
-9.026965
-10.365949
-9.839285
-9.687203
-9.284159
-8.648085
-9.121689
-9.865559
-8.419492
-8.857735
-7.772271
-9.138589
-7.706850
-7.859069
-8.676900
-7.478594
-8.051984
-7.256000
-6.196237
-5.630077
-6.483679
-5.222487
-6.034678
-6.395200
-5.329310
-4.553352
-5.754841
-3.834506
-3.969136
-3.840266
-4.564186
-2.814408
-3.326888
-2.216240
-2.784556
-3.154007
-2.050629
-1.894738
-1.299123
-0.610209
-0.269510
0.465294
0.536219
