-0.073354
0.965464
1.014054
0.372441
1.500048
1.118096
1.599633
2.826913
2.310360
2.521544
2.395060
2.914270
3.808523
4.011895
4.817219
5.086897
4.119210
5.618154
5.102731
5.816005
6.192370
5.461104
7.579790
7.766816
7.944217
6.707462
6.792080
7.500397
7.541646
8.349957
7.752936
7.983406
8.594752
7.852555
8.854865
9.076435
9.041004
9.361585
9.479040
9.970127
8.980615
10.549632
9.032619
9.312917
10.438306
10.274947
9.688323
9.556014
9.038032
9.599341
10.512444
9.811249
10.379767
10.157152
9.325371
10.645789
9.696334
9.944269
10.358311
8.830169
10.402481
8.851291
8.588137
8.604970
8.300251
7.877397
8.249292
8.146346
8.842383
7.566299
7.246043
8.355926
7.405657
6.431992
8.010029
6.403615
7.611020
5.643130
5.171847
6.815546
5.103632
6.152876
5.458030
3.925650
5.074835
4.073694
3.828306
4.373667
3.420811
2.395181
2.502217
1.794307
2.113650
2.183050
1.941246
0.501188
1.430362
1.355032
0.702759
-0.251500
-0.011880
-0.884421
-1.768904
-1.753297
-1.784520
-2.223626
-1.899793
-2.584073
-1.902772
-4.018716
-3.117768
-2.786867
-3.202982
-4.176800
-5.341739
-5.700195
-5.403270
-4.541108
-4.677174
-6.491355
-5.137726
-7.308711
-6.869007
-7.139999
-7.814907
-7.528624
-8.061004
-8.388489
-8.517979
-7.820962
-7.486930
-7.756605
-9.222184
-8.411529
-9.334132
-8.277122
-8.620712
-9.758462
-9.186537
-9.379629
-8.768878
-9.049666
-9.769463
-10.597957
-8.908092
-10.673727
-9.088444
-9.759824
-9.544662
-9.980181
-9.528197
-10.898361
-10.489679
-10.175939
-9.792513
-10.442035
-9.901132
-9.520410
-10.340585
-10.215382
-8.987811
-8.979503
-8.444535
-8.176862
-8.082610
-8.918548
-7.885776
-8.429198
-7.747492
-7.290516
-8.241944
-7.584568
-7.630423
-6.804869
-6.342672
-6.054680
-7.170705
-5.740195
-6.216323
-6.472542
-4.829379
-5.455941
-4.292683
-5.533177
-4.415807
-4.235981
-4.817070
-3.156787
-3.872046
-2.568930
-2.898569
-2.074799
-1.616493
-2.502962
-2.435067
-0.397018
-0.738611
-0.529275
-0.834819
-0.924712
