-0.644504
1.625345
0.828305
0.273166
1.094022
2.211852
2.471226
3.250356
2.625846
3.949856
3.683878
3.958225
3.697335
5.122338
3.674080
4.367352
4.495221
5.423252
5.541872
5.898795
6.296140
5.894804
6.776924
6.018975
7.203241
7.571834
7.569406
7.626100
8.365083
8.896150
8.133920
8.274561
8.287025
7.821671
9.618950
9.646310
8.861851
9.510326
9.504596
9.281779
10.409795
8.986460
10.275052
9.157586
10.701548
10.218651
9.010380
9.449114
9.863379
9.259331
10.980736
9.104525
9.384409
10.325860
9.597914
9.269791
9.463068
10.304789
10.447681
8.747690
9.276958
8.719110
8.645007
8.313489
9.740228
9.549105
7.687692
8.127969
7.693426
9.011373
8.375394
7.057752
7.481986
6.639327
6.186464
7.706889
7.518449
6.725896
6.195747
5.049241
5.301449
6.122045
5.265182
5.723923
3.691608
4.803076
4.558138
4.593326
2.875477
3.156289
2.255500
1.888655
1.223950
1.949970
2.245497
0.317420
1.817509
0.130775
1.225830
0.057015
-0.513116
-0.067346
-0.364162
-2.211344
-1.361818
-1.461792
-2.190660
-3.394366
-2.871861
-4.082921
-3.819661
-2.882310
-3.679713
-3.965727
-3.798991
-5.482311
-4.508098
-4.893061
-4.723116
-6.591921
-5.916587
-7.307114
-7.194132
-7.216868
-6.362313
-7.662491
-8.130482
-7.015813
-8.624726
-7.388108
-8.258793
-7.540960
-9.189955
-8.158384
-8.524358
-8.497558
-9.121366
-8.365516
-10.035300
-9.601542
-8.730093
-9.534524
-9.135249
-9.159817
-9.852878
-9.156131
-9.151008
-9.389544
-10.536295
-9.241618
-10.405253
-9.859743
-9.035175
-10.802931
-10.745190
-9.325392
-9.676415
-9.991593
-9.877909
-10.448551
-9.128566
-8.922425
-8.609172
-9.398679
-8.192747
-7.813911
-8.885723
-9.032047
-8.633139
-8.973967
-8.350997
-7.454707
-8.206338
-7.832693
-6.418043
-6.042583
-7.269167
-6.890292
-5.829838
-4.899127
-6.243308
-4.508597
-4.126427
-4.651661
-4.727745
-3.311488
-3.747142
-4.440232
-3.726664
-2.539076
-3.418294
-3.343236
-2.491027
-2.374945
-0.840757
-1.094709
-1.013964
-0.624762
-1.138459
-0.582590
