-0.315055
0.590021
1.225739
1.606864
1.683246
2.532113
1.722010
1.570397
2.866086
2.631165
3.109412
3.672019
3.721057
4.237098
5.382823
4.068342
4.244381
5.301472
4.872812
6.354661
6.390455
6.803105
6.749302
6.732193
7.001901
6.675063
8.417228
6.937011
8.034917
7.364946
8.331466
7.450904
8.416697
9.363098
7.995200
9.314729
8.845241
8.344845
10.320264
9.279841
9.841641
9.103641
10.262266
9.907546
9.083029
10.280975
9.480268
10.830532
9.564082
10.625781
9.380785
9.403335
9.006705
9.748632
9.053806
9.789622
10.086325
8.915481
10.048686
10.216224
8.619420
9.774657
9.127299
9.151421
9.212982
9.571339
7.840678
9.354229
8.735417
9.010747
8.067348
7.238611
7.766444
6.603223
7.671105
6.114401
6.432737
6.844470
6.234728
5.273852
5.438575
4.479457
4.958998
4.749845
4.954865
4.590414
3.488292
3.243937
3.627923
3.621471
3.676476
2.375902
2.332667
1.457955
0.915507
1.215381
1.025187
0.732250
-0.017376
-0.446669
-0.761748
-1.494435
-0.762157
-1.634813
-0.983043
-2.303686
-1.189229
-2.575219
-3.622113
-3.190458
-2.422020
-3.658608
-4.646445
-5.150983
-3.980959
-4.021841
-4.237614
-4.603882
-5.788095
-5.029605
-7.106597
-7.045422
-6.465980
-7.129968
-6.443143
-7.864554
-6.724149
-7.507352
-7.798625
-8.343571
-8.838089
-8.533891
-7.826769
-9.517786
-8.646184
-8.673302
-8.184547
-10.104842
-9.846115
-8.964972
-9.863372
-9.933518
-10.239471
-10.104994
-10.195758
-10.865119
-9.027134
-10.826073
-10.111815
-9.650695
-10.641711
-10.790277
-9.255246
-9.866206
-9.038997
-10.241423
-9.347896
-9.969170
-10.045704
-9.356457
-9.586713
-9.355660
-8.602067
-9.551035
-8.987926
-9.458948
-8.643564
-8.651819
-8.373378
-8.003405
-7.341749
-7.546845
-7.022280
-7.847364
-6.249158
-6.539731
-7.136524
-7.191624
-5.816058
-6.005156
-5.198168
-5.131112
-4.387818
-5.226639
-4.943223
-4.701979
-4.879176
-3.876414
-3.473128
-3.555688
-3.266598
-2.428669
-2.411313
-1.345171
-2.266075
-1.595092
-1.502634
-1.603416
-0.220306
-0.783234
