-0.027679
-0.204466
1.793964
1.936851
1.429704
2.149881
1.593619
2.669760
2.847944
3.268758
3.394545
3.175681
4.006096
5.248442
5.293420
4.115745
5.492114
4.560859
5.012174
5.567449
6.533424
5.955743
6.663309
7.084679
6.854454
8.074594
8.399005
6.724594
7.267181
7.920142
8.648797
7.750589
8.634696
9.597586
9.363889
9.477718
8.597676
10.202575
9.509110
9.338871
9.629964
10.020838
8.884314
8.868406
9.443172
10.423924
10.234060
9.109347
9.579281
9.208688
10.163553
9.800279
10.510917
9.225672
9.151190
9.475218
8.971321
10.581620
10.516507
8.739730
10.067073
8.491943
9.096680
9.243835
8.343245
9.403966
8.418382
8.309569
9.210997
7.993292
8.277902
8.618549
6.898038
6.534385
6.997182
7.034013
6.357000
5.815228
6.446372
6.865882
5.896452
5.958921
5.607857
4.721306
4.333856
4.257194
4.496095
3.568873
2.657194
2.361247
2.835122
2.930119
3.166918
1.775372
2.107546
1.144635
1.784486
1.409166
0.872876
0.281852
-0.534375
-0.381032
-1.594439
-1.670228
-1.771796
-1.928391
-1.968260
-2.972830
-2.884435
-3.592991
-3.744964
-4.420110
-3.468028
-3.752175
-5.459161
-4.064073
-4.408388
-5.492866
-6.474429
-5.012449
-6.558372
-7.146020
-7.082619
-6.436149
-7.791315
-6.547157
-6.966507
-8.147556
-7.289490
-7.218308
-8.124468
-8.450024
-8.731176
-8.419010
-8.235490
-9.508383
-9.596946
-9.664729
-8.850302
-9.046800
-9.130063
-10.514546
-8.948116
-8.876256
-9.326932
-9.429783
-10.016840
-10.255219
-9.309283
-10.311100
-9.390042
-10.463499
-9.654787
-10.082679
-9.847723
-8.980829
-9.223198
-9.983520
-8.907817
-8.649734
-9.067393
-9.392231
-8.957524
-8.716368
-9.456006
-9.141669
-8.138611
-7.784774
-7.865835
-8.758930
-7.053788
-7.358474
-7.686566
-7.110461
-7.277646
-7.773335
-6.949341
-5.842917
-6.015007
-6.594065
-5.944029
-4.792670
-6.056570
-4.311207
-4.769024
-3.562101
-3.105526
-4.655230
-2.653476
-2.841912
-2.701854
-1.659978
-1.617621
-1.396049
-0.722638
-0.867153
-0.513064
-0.077763
-0.621889
0.167881
