-0.678323
-0.000008
1.847527
0.763220
1.888281
1.148607
2.952100
2.541850
3.747020
2.354957
3.980134
4.414882
3.873481
4.950131
5.072481
4.812496
4.734918
5.583187
6.233736
5.014110
5.926560
5.658402
7.016866
6.363361
7.370574
7.248770
6.819781
8.019242
7.647139
9.077753
7.523621
8.575385
8.960128
9.058897
7.977027
9.722877
8.188044
8.945722
9.152402
10.278220
9.361277
8.956017
9.488126
10.570800
10.548860
10.490707
9.902527
10.515033
10.261659
9.059226
9.274129
10.471165
9.899204
9.511865
9.707282
10.423224
9.052849
9.506500
10.339769
9.112920
9.897031
9.321667
9.794860
9.453078
8.196022
8.878176
8.195752
7.701196
8.145694
8.508307
7.837457
7.460101
8.117987
7.907815
6.133935
6.263910
6.796886
5.542219
6.860539
6.695989
6.511859
5.324312
4.685099
4.214231
4.027512
3.910486
4.947046
4.428498
3.256460
3.265818
2.361892
2.755732
2.107280
2.059435
0.836794
0.435090
1.582595
-0.343190
0.374318
-0.928250
-0.939676
0.285057
-1.302667
-1.266224
-2.458837
-2.710156
-1.455653
-2.856225
-1.832711
-4.055253
-2.979912
-3.190382
-4.747972
-3.918597
-5.014712
-4.616821
-5.993174
-5.508274
-5.256837
-5.091761
-6.741772
-5.785280
-5.885979
-6.576730
-6.512444
-8.023307
-8.441385
-7.723262
-8.479098
-8.466806
-7.829444
-8.122276
-9.094266
-8.815983
-9.048267
-9.619210
-8.660640
-8.463440
-8.616800
-9.414524
-10.087855
-10.240870
-9.907559
-10.363624
-9.927940
-9.946499
-9.736837
-9.832121
-10.235309
-9.563381
-9.858155
-10.378090
-9.350159
-9.854886
-8.903389
-10.538125
-8.812747
-9.699042
-9.829781
-9.617824
-9.661396
-9.518911
-8.327582
-8.721183
-9.590755
-8.145387
-9.108364
-8.124753
-8.201483
-7.894975
-8.762160
-6.969868
-7.111031
-7.294085
-6.381788
-7.034897
-6.238070
-6.275915
-6.716816
-5.622572
-6.406885
-5.671209
-4.552476
-5.805191
-3.711290
-4.510144
-3.876084
-3.639536
-2.403587
-2.337168
-2.385117
-3.379268
-1.352229
-2.770035
-0.586732
-2.000251
-1.749471
-0.631083
-1.147023
0.126685
