0.792257
0.380916
1.873824
2.090902
1.796192
1.860576
1.952329
1.854193
2.951110
3.778363
4.386895
3.728191
3.420044
3.483885
4.587621
5.321816
5.781117
5.633179
6.377380
6.757482
5.466568
6.474265
6.958910
6.614723
6.798156
6.606640
7.726925
8.523873
7.030977
7.263680
8.561701
7.995588
8.741294
8.326496
9.033320
8.847908
8.353350
8.401727
9.536446
8.524832
9.620603
10.111288
9.829210
9.046083
9.390114
10.496767
10.550538
8.982731
9.217734
10.860930
9.385246
9.797508
10.853748
10.263559
10.025537
9.010859
10.066429
9.429982
9.114690
8.880454
9.569516
9.447533
10.162024
8.901874
8.566718
9.427436
8.871973
8.609125
8.299825
7.708658
7.547110
6.761864
7.719925
7.136398
7.895295
6.380133
7.199520
6.507890
5.608088
6.686411
6.431127
4.756192
4.635217
5.306702
5.271105
5.196726
3.244596
3.084766
3.816734
2.689411
3.133343
1.701311
2.779895
2.007850
2.103019
1.964868
0.074244
-0.214799
1.175307
0.829963
-0.174312
-1.069980
-1.742832
-2.223595
-1.236598
-1.549287
-2.701500
-3.179797
-2.503016
-3.131121
-3.567443
-4.312949
-4.646731
-3.572905
-5.170693
-4.782663
-4.927368
-6.134555
-5.262470
-4.986299
-5.302507
-6.715863
-6.135866
-7.068730
-7.064873
-7.321949
-6.762299
-7.209327
-8.031439
-7.699483
-9.080176
-8.482219
-8.727743
-8.898408
-8.071316
-9.064134
-9.255477
-8.982860
-9.108731
-10.173494
-9.614254
-9.984351
-8.921938
-9.939430
-10.694254
-10.426015
-9.980535
-10.411174
-9.503170
-9.545144
-9.315502
-9.189135
-10.552127
-10.508857
-9.897553
-10.228667
-10.665819
-10.343284
-10.599534
-8.608993
-9.145231
-8.512896
-8.775485
-9.624673
-8.464018
-7.984794
-9.171433
-8.438241
-7.912940
-8.750164
-7.152163
-6.938395
-7.352498
-7.550152
-7.231361
-6.063375
-7.355775
-5.477141
-6.979923
-5.784026
-6.574565
-5.216538
-5.246256
-5.043835
-4.427792
-4.921765
-4.771850
-3.188245
-4.211083
-2.549767
-2.665469
-1.893108
-2.927710
-1.896277
-2.490327
-1.404064
-1.413805
-0.558202
-0.972309
-0.756807
