0.193745
-0.274158
0.219799
1.786278
1.939493
2.213183
2.135709
2.914136
2.114492
4.050766
2.809731
4.253899
4.427569
4.604169
5.125240
5.013348
5.798569
5.638612
4.746023
5.565172
6.464607
6.159968
7.030804
6.145823
7.281912
8.241339
8.166685
7.251057
7.468231
8.068030
7.537873
7.528092
9.401716
8.837531
9.245846
8.545676
9.501065
9.026218
8.848711
9.513029
9.893520
10.272830
10.056949
9.852745
10.600763
10.444918
10.273927
10.843963
10.745452
10.654220
9.769451
9.950873
9.928804
10.276501
9.301227
9.186947
8.876634
9.090060
9.502942
9.168749
10.166272
9.486651
9.091419
9.579779
8.221412
8.768120
9.511245
8.648851
7.477159
7.406333
7.325850
6.934316
6.616841
8.235558
7.862734
6.318383
6.071263
6.204348
6.761377
5.971958
4.715153
5.654550
4.677576
5.659948
5.393953
3.274477
4.852853
4.558134
3.149873
2.109964
2.122941
3.302316
1.816166
2.135859
1.405863
0.952001
1.262066
0.322816
-0.427632
-0.542142
-1.213093
-1.397001
-1.682314
-1.832615
-1.640679
-1.895518
-1.249298
-2.980137
-2.247777
-3.045658
-3.202334
-2.838317
-4.911862
-5.078118
-5.434908
-4.631482
-5.134374
-4.989524
-5.006136
-5.755576
-6.269944
-5.508253
-7.416322
-7.227211
-7.893982
-7.540243
-6.527563
-7.820988
-7.288249
-7.825362
-8.823862
-8.388952
-8.235418
-9.501004
-9.680182
-8.282289
-8.803546
-8.298644
-9.374456
-10.271725
-10.506599
-8.763837
-10.361526
-9.082749
-9.198132
-10.405084
-10.661248
-10.485193
-9.577968
-9.614954
-10.903351
-9.340732
-9.483539
-9.833968
-9.120379
-9.386501
-10.452276
-8.931986
-9.586854
-10.456087
-8.506401
-8.758919
-9.492212
-8.331386
-8.765916
-9.075233
-9.085844
-8.772514
-8.223765
-8.880800
-7.235253
-7.362920
-6.993686
-6.921561
-7.706994
-7.311961
-7.173072
-6.482451
-6.429354
-6.792979
-6.041017
-5.548306
-4.371603
-5.165482
-4.627964
-3.591778
-3.484470
-3.741081
-3.308509
-3.680982
-3.468447
-2.090171
-3.095625
-1.162064
-2.268399
-2.139134
-1.270581
-0.022370
-0.284933
-0.347541
