1.107598
0.338970
1.439632
0.372187
1.282738
2.728411
3.110413
1.838561
1.856816
2.187945
2.920980
3.716995
4.031904
4.368441
3.577097
5.773994
4.679068
5.879143
5.643156
5.096673
6.794858
5.830356
6.412801
6.293484
7.462335
7.705316
6.869407
7.059123
7.239161
7.644972
7.502399
9.256918
7.612228
9.368427
7.956068
9.441964
8.268721
9.306500
10.268274
9.170930
8.954575
10.584249
10.259323
9.352731
9.473351
9.836182
10.649304
10.149713
9.925787
9.174538
10.840851
10.425996
9.030279
10.562109
10.005279
9.180971
10.464769
9.197550
10.044184
9.931847
9.320548
8.369578
8.866682
8.231572
8.851096
8.142188
9.574820
9.385638
7.600346
7.945287
7.468959
7.321625
7.612272
6.820885
7.406325
5.963132
5.648857
5.786763
5.452373
6.867927
5.495086
5.095887
4.572625
4.211569
5.377831
4.443805
4.794527
3.823992
3.927619
3.996339
2.128356
1.698487
1.887894
2.678209
0.744663
1.059431
0.411472
0.265949
-0.664873
-0.512480
0.324189
-0.333275
-1.555788
-1.298522
-1.817543
-2.383224
-2.042212
-1.521648
-2.110947
-3.218598
-2.790145
-2.806328
-3.088012
-3.717460
-4.573782
-5.578679
-5.650822
-5.444103
-4.988669
-6.107152
-6.404537
-5.717083
-7.268761
-7.563840
-6.193480
-7.005334
-6.509487
-7.072509
-7.702090
-8.170125
-8.157230
-8.510761
-8.789413
-8.099500
-9.532910
-9.201237
-8.627547
-9.382594
-10.070494
-10.045650
-10.415341
-9.290700
-9.374904
-9.621059
-10.617087
-10.728194
-10.242306
-10.108421
-10.702020
-9.166798
-9.853197
-9.677243
-9.085179
-10.285672
-9.031932
-10.163042
-10.371192
-9.576883
-8.868505
-10.414212
-8.424330
-9.895937
-8.423865
-9.328953
-9.753888
-8.767742
-8.712700
-7.977323
-8.513758
-7.119825
-7.683327
-8.459192
-7.506211
-7.948804
-6.857121
-5.902355
-5.743835
-6.826595
-6.193639
-5.905748
-6.291139
-4.413690
-5.361249
-3.960181
-4.887794
-4.376386
-3.911971
-4.221016
-2.884952
-2.984880
-2.950671
-1.578484
-1.703112
-1.095991
-0.844815
-1.095221
-0.656857
-0.841737
0.537403
-0.529494
