1.229447
-0.168389
0.157532
1.505051
0.847405
2.863011
1.974702
1.988225
3.146766
2.185947
4.171136
3.997439
4.608546
3.531491
4.806816
4.024837
4.392940
6.303187
4.737184
6.086458
6.916982
5.515161
5.692299
6.177294
7.799840
6.750391
7.519736
6.802959
6.979873
7.821880
8.725326
8.138891
9.603734
8.860513
9.256082
8.555809
8.945769
8.972982
9.159470
10.360678
9.698626
10.111656
10.565533
9.300574
9.778401
9.179333
10.155948
10.865816
10.374815
10.487920
10.286117
9.720126
9.019506
10.264017
10.864338
8.921973
8.768361
10.646194
8.663881
8.995825
8.968844
8.945310
8.626091
10.010543
9.041629
8.938929
8.192264
8.382335
7.943217
8.861036
7.435367
8.683060
6.827307
6.912291
7.419177
7.820925
6.188640
5.530186
6.500351
5.754071
6.364415
5.357208
5.084819
4.227571
3.799283
5.153214
3.746188
3.068175
4.285383
2.758573
2.761617
2.672382
2.967528
1.213464
0.633383
1.350581
1.749521
-0.342029
0.781675
-0.036167
-0.661041
-1.298498
-1.847521
-1.530777
-2.099406
-1.624932
-2.627741
-1.972678
-2.699566
-2.256554
-2.433677
-4.197041
-4.289905
-3.945489
-3.855915
-3.945507
-4.123802
-4.569612
-5.696721
-6.857564
-5.655878
-6.737282
-7.343215
-7.266665
-6.259152
-7.607155
-7.509438
-8.090475
-8.723092
-8.160152
-7.627142
-7.983928
-7.838159
-7.793382
-9.641510
-8.097936
-9.649213
-8.815203
-9.874386
-9.270397
-10.441728
-10.284917
-9.323662
-9.195095
-10.633159
-10.850071
-9.528464
-9.169026
-10.006594
-10.488376
-10.468012
-9.070502
-8.992697
-9.077059
-9.902681
-10.183403
-9.822136
-9.252662
-10.101462
-9.989777
-9.485561
-8.883221
-8.977661
-9.915273
-8.883259
-8.017060
-9.460070
-7.662796
-7.882837
-7.258248
-7.208630
-7.705391
-8.232330
-6.840828
-6.078212
-7.839139
-7.175969
-6.065045
-6.930616
-5.789640
-6.480134
-5.521164
-4.415307
-4.870354
-4.785003
-3.549286
-4.116693
-3.305192
-3.124834
-2.253189
-3.585914
-3.424145
-1.590030
-2.771643
-1.321813
-2.014482
-0.477245
-0.891359
0.197751
0.522317
