0.950806
0.663507
1.337450
1.927351
1.821890
2.727804
2.132402
1.597264
3.380913
2.158943
3.446518
3.029252
3.977737
4.878622
3.921945
3.987650
4.532758
4.645022
5.757157
5.003933
5.754923
6.530467
7.389927
7.760245
7.968621
6.539993
8.423830
8.482735
7.275759
7.911794
9.097853
9.037950
8.359008
8.523667
9.009354
8.489141
9.531187
9.392994
9.689067
8.989567
10.530684
10.186763
8.915134
10.155414
9.567113
9.640434
10.174758
10.440274
9.247681
10.946664
10.715070
9.636774
9.934767
10.038438
9.785078
10.711569
10.061222
10.092110
9.127249
8.977197
9.168195
10.167154
9.065626
9.582711
8.907660
7.779138
7.928300
8.421380
7.488632
8.132383
8.321087
7.047469
6.760754
6.447490
7.700006
7.533527
7.250465
5.508337
6.081911
4.899254
6.606255
6.337967
4.705941
5.279739
3.830259
4.714166
4.649753
4.291210
3.370794
2.558015
3.664541
3.361151
1.322897
2.478286
1.054245
0.513456
0.968718
-0.250051
0.200670
-0.855035
0.223084
-0.537351
-0.275715
-1.803358
-1.006116
-1.645400
-2.462694
-3.431464
-2.601012
-2.938833
-4.315326
-4.274461
-4.647280
-4.397870
-4.412766
-5.518460
-5.110970
-6.130765
-5.268152
-5.782056
-6.010619
-6.334262
-6.653479
-6.748899
-7.375071
-6.851045
-7.241601
-8.405547
-8.282190
-7.539373
-7.744244
-8.229599
-7.669520
-9.485333
-8.588367
-9.380067
-9.716209
-9.678685
-9.970041
-8.767401
-9.940079
-9.892768
-9.158338
-9.050021
-10.793238
-10.091521
-10.451524
-10.229760
-9.365221
-10.143842
-9.163867
-10.124234
-10.332873
-10.374854
-9.823727
-9.759755
-9.202381
-9.482801
-10.168469
-9.148947
-10.337269
-8.380240
-8.542802
-9.741498
-8.067983
-8.706722
-7.849704
-8.386292
-7.454204
-7.567972
-8.254172
-7.178064
-8.117910
-7.523951
-6.986504
-5.982516
-6.806228
-6.556154
-6.872520
-6.534844
-5.069936
-4.437435
-5.542043
-4.782163
-5.006777
-3.604239
-3.437208
-4.603349
-3.295891
-3.132761
-2.586625
-2.821332
-3.086952
-2.781621
-0.669463
-0.620349
-1.941050
-0.982623
-0.277718
-0.968393
