0.333266
-0.307158
0.364105
0.370298
2.214671
1.932265
2.522795
2.284574
2.268456
3.153742
3.742586
4.570107
3.699927
4.650302
5.045767
4.233507
4.138198
5.898580
5.365028
6.184992
6.092562
5.832736
5.946150
7.354892
7.109138
7.036763
7.903390
8.471114
8.216322
7.602301
8.949254
8.646085
8.817899
8.066181
8.234454
8.429168
9.256154
8.637100
8.842402
9.839905
9.742350
10.236597
9.941009
9.071361
9.307438
9.518011
10.216378
10.974094
10.791887
10.010120
9.526270
9.213646
10.030893
10.493190
10.063705
10.221289
10.133811
10.211350
9.874227
10.018590
10.179138
9.348579
9.474811
8.947073
8.205116
9.192340
8.473440
7.669157
9.241422
7.358297
8.205835
6.965163
7.793894
8.195804
6.428198
5.939628
6.336116
5.647883
6.665850
5.858844
6.282976
5.250694
4.515271
4.491971
4.901079
3.943463
4.002344
3.935195
4.022269
2.772326
3.036297
2.933140
2.981026
1.658870
0.712705
1.680454
0.981002
1.010550
0.925534
0.307611
-0.212278
-0.130112
-1.416862
-0.315465
-2.230290
-2.002328
-2.986672
-1.835421
-2.671127
-3.697934
-2.771532
-3.701264
-3.121771
-3.965488
-3.625423
-4.116776
-4.149098
-4.883060
-5.382237
-5.602325
-5.337391
-6.083162
-6.796186
-5.911529
-7.985168
-7.477486
-7.426851
-8.186707
-7.987660
-7.830858
-7.877188
-8.000469
-8.020340
-8.325954
-9.403082
-9.757951
-8.469199
-9.943660
-8.431226
-10.325633
-9.558087
-8.995253
-9.047593
-9.602247
-10.284126
-9.015228
-9.656378
-9.809699
-9.268148
-10.859953
-10.792410
-10.072595
-10.354617
-10.147552
-9.163057
-9.372131
-8.998948
-9.117098
-8.896464
-9.493459
-8.804951
-9.468607
-9.318093
-8.540343
-8.228495
-8.828346
-7.719366
-8.479386
-8.645097
-8.179173
-7.655300
-7.152163
-8.058060
-7.870312
-6.809135
-6.842153
-6.766796
-5.947980
-6.390813
-5.687889
-4.870465
-5.283374
-4.326890
-5.349757
-4.854262
-3.963430
-3.903880
-4.477607
-3.017950
-3.800387
-3.102805
-2.542302
-1.313489
-2.508647
-1.166515
-0.690766
0.023330
-0.230758
-0.372785
-0.343291
