-0.244975
0.379759
1.871785
2.077800
2.314026
1.998251
1.551088
2.953359
1.845333
2.164882
3.761653
2.684789
3.647599
5.136019
5.532520
5.711682
5.049832
5.741753
5.049043
6.773902
6.315373
6.321670
5.642721
6.482301
6.315724
7.545010
7.972824
6.956180
8.136966
8.167448
8.138393
9.354002
9.549019
8.298490
8.111644
9.379357
8.225242
8.463317
8.927832
9.928454
9.627445
9.872979
10.125427
9.349042
10.276638
10.115165
9.263447
9.877562
9.027245
9.908222
10.551484
9.536017
9.134592
10.404428
10.578011
10.056193
9.677865
9.060781
10.387624
9.652288
8.485026
9.830051
9.987968
9.146169
9.660987
9.066741
9.271813
8.027074
7.675033
8.802155
7.249488
8.234967
8.481642
6.680609
6.629648
7.220027
7.193043
5.793593
7.084900
5.041266
5.578806
5.717527
5.126165
4.538924
4.958605
4.270945
4.343329
3.126095
2.459681
2.504911
2.764239
2.841918
1.453779
2.554231
1.722156
1.136213
1.867619
0.017837
0.917107
0.361076
-1.020044
-1.320608
-0.812979
-2.171902
-2.547117
-2.293057
-1.695043
-2.457609
-2.872939
-2.570350
-2.938005
-4.520255
-3.777564
-5.234375
-4.787884
-4.440135
-4.373150
-5.917256
-6.574066
-6.360746
-5.352917
-7.005987
-6.435817
-6.444037
-6.393884
-7.808542
-7.064707
-7.249986
-8.833322
-7.680181
-8.446311
-8.445020
-8.327993
-8.357896
-9.725421
-8.298590
-9.919923
-9.086879
-10.408179
-9.021816
-9.575055
-8.992634
-9.976052
-8.989749
-10.525077
-9.670859
-9.595708
-9.607188
-8.997013
-9.586655
-9.454613
-10.974608
-10.122268
-9.842491
-9.367493
-9.773036
-9.097282
-10.257590
-10.594899
-10.271804
-9.988906
-8.555422
-8.649763
-9.238881
-8.206382
-9.445015
-9.311366
-9.255303
-7.415091
-9.066148
-7.020148
-8.608792
-7.552643
-8.064303
-7.832870
-6.908588
-7.080331
-7.162324
-5.249855
-6.776068
-4.729039
-5.033029
-5.479728
-5.365811
-5.103333
-3.907361
-4.293830
-2.947586
-3.869486
-3.970045
-3.599459
-3.446359
-2.836966
-2.674500
-0.766881
-1.731942
0.049623
-1.035814
-0.900928
-0.209208
