1.091691
-0.101629
0.090295
0.633774
2.142867
1.135119
2.130477
2.231438
2.007610
2.891547
4.128018
3.918337
4.013040
3.432914
4.346514
5.195172
4.651523
5.405901
4.853131
5.297399
5.890832
7.199288
7.479935
6.513700
6.591729
7.596509
6.987368
7.374791
8.620000
7.983737
8.326658
9.370016
8.020726
9.630565
8.297598
8.355860
9.817815
8.842627
9.855096
9.562966
9.117034
9.760984
9.384959
10.608058
10.635783
9.319816
10.888935
10.394491
9.227541
9.732065
9.961613
10.527771
9.547377
9.470623
9.382243
9.205312
9.405125
10.165612
10.535213
9.608352
9.257855
8.973222
9.148036
8.061364
9.301335
8.235261
8.560206
8.011682
9.112603
8.631547
6.919974
7.007730
8.144909
6.517654
7.370286
6.293032
7.383358
5.432733
5.576789
6.517286
5.981637
6.235711
4.142349
5.229938
3.960279
3.443965
3.091348
3.756014
3.107336
3.516428
2.393009
3.258982
1.858258
0.952892
0.793810
1.391140
0.384159
1.590818
0.555455
0.656418
-1.227215
-0.510158
-0.999408
-1.071043
-2.493634
-2.609541
-1.855793
-1.581589
-2.448455
-3.694889
-4.296966
-2.721673
-3.186199
-3.345564
-4.584530
-4.320099
-4.848453
-5.354826
-5.614954
-5.938157
-6.453562
-6.987659
-5.892274
-6.854609
-6.106115
-6.879631
-7.088316
-8.341654
-7.396525
-7.766225
-8.912213
-8.889319
-8.847905
-8.402348
-8.610324
-8.608425
-9.207413
-9.734199
-8.670504
-8.517084
-9.737671
-10.401840
-9.699556
-9.476803
-10.509183
-9.597490
-9.025999
-9.811039
-10.733875
-9.780445
-10.355517
-9.280055
-10.890816
-9.127797
-9.860040
-9.299936
-10.685199
-8.812721
-9.871446
-8.967665
-8.961206
-9.920750
-9.535807
-9.976688
-8.076275
-8.093329
-8.715296
-8.497001
-8.610328
-7.829453
-7.453706
-7.071986
-8.093034
-6.758169
-7.623666
-7.305233
-6.997677
-6.545927
-6.443978
-5.781181
-6.440289
-6.356411
-5.082768
-4.009918
-3.770760
-3.457786
-4.955299
-4.451291
-2.683356
-2.828467
-3.353666
-1.664241
-2.411606
-2.731541
-2.167168
-0.408859
-0.288877
0.100591
0.216637
-0.790849
