0.071876
-0.217485
0.523791
0.758981
1.143211
2.589760
2.331643
3.236413
2.733775
3.537025
2.562224
3.863623
3.453948
3.589609
4.048087
5.444504
4.797328
5.174419
5.483514
6.253378
5.478835
6.107418
6.422744
6.434375
6.586649
7.817611
7.758171
8.669093
8.664721
8.763757
7.754553
8.108445
8.057061
8.092799
8.240848
8.706130
8.803026
10.226594
8.746471
8.878736
9.435641
9.033181
9.137517
10.210335
10.273344
9.223128
10.704494
9.355989
10.001334
10.180775
9.290405
10.564897
9.227487
9.125697
10.174605
10.141244
9.148036
10.030189
9.648529
9.109916
10.307277
8.929414
8.260186
9.684247
9.160404
8.029501
9.303363
7.686531
7.907098
8.986113
7.108807
7.651969
8.259416
6.589886
7.988154
6.227304
7.397108
6.393213
5.859943
5.924541
5.627954
4.999478
4.416996
3.977541
3.601023
4.451839
4.719219
3.699620
4.326634
2.721091
2.975769
1.649560
1.236001
2.427237
1.614783
0.544486
0.821320
1.035876
0.042094
-0.771656
0.378487
-1.564962
-1.713931
-1.583898
-2.174771
-1.752548
-2.171817
-1.569170
-3.144999
-2.133744
-3.832039
-3.343426
-4.366444
-4.847652
-5.267725
-4.982878
-4.819689
-5.521847
-6.167687
-5.330328
-5.376120
-6.717391
-6.908510
-7.795414
-6.415823
-8.056685
-7.799432
-6.762614
-8.226242
-7.692858
-9.213011
-9.132113
-8.107902
-8.884935
-9.605271
-8.936200
-10.068468
-8.391553
-8.732055
-8.964014
-10.529107
-9.177800
-9.271486
-10.502738
-10.526434
-9.740102
-9.326182
-10.065881
-10.632670
-9.442137
-10.093104
-9.965886
-10.594052
-9.143113
-10.759763
-10.745027
-9.294248
-9.636048
-8.764654
-9.498332
-9.987197
-8.669358
-8.851450
-8.476229
-9.117273
-7.788822
-8.201039
-8.029573
-8.223102
-7.814475
-7.228215
-8.406765
-8.387241
-6.811286
-7.369993
-7.260622
-5.799394
-5.644442
-5.929357
-5.631760
-5.785511
-5.208138
-4.602724
-5.240959
-3.583737
-4.483981
-4.488389
-3.239453
-3.254092
-3.307996
-3.516537
-2.683321
-2.237622
-1.739634
-2.279442
-0.263989
-1.716765
-0.210770
0.222047
0.090874
