-0.347881
0.408787
0.804706
0.781983
0.799657
2.393403
2.261806
1.501115
2.116040
2.355656
3.249816
3.863677
4.067060
4.904097
4.790949
4.673069
4.403927
4.846832
4.687592
6.160279
5.593959
7.310326
6.939845
6.740045
6.401901
7.389711
6.797972
6.933660
8.722129
8.093926
8.203025
8.733543
9.249994
8.702033
9.297218
9.238651
9.017340
9.926623
10.292011
9.139321
8.712430
9.162822
9.458379
9.227925
9.550360
9.949134
9.394160
10.483759
10.202132
9.304601
9.234660
10.350587
10.011606
9.043997
9.777493
9.833237
9.253584
9.154368
10.098443
10.032411
10.307244
10.279407
9.436339
8.393527
8.173005
8.557571
8.252632
8.135589
7.411837
7.680966
8.656843
8.528788
7.643636
6.910682
7.780824
5.988877
7.417468
7.344140
7.016873
5.237900
4.913643
5.672414
4.908130
5.618693
3.755473
4.501279
4.471467
4.228448
2.918285
3.837288
1.845577
2.300193
2.834952
1.240621
1.751206
1.687269
-0.058871
-0.054405
0.211501
0.963408
-0.621936
-1.218696
-0.849821
-1.889572
-1.063943
-1.343938
-2.297748
-3.240820
-2.811887
-3.770711
-3.036226
-3.183038
-3.278731
-3.702082
-4.971037
-5.245251
-4.359548
-5.646182
-4.748311
-5.341263
-5.622170
-6.494706
-7.308768
-7.349503
-7.773706
-6.975947
-8.481980
-8.168925
-8.057484
-7.304629
-7.705274
-7.725679
-8.073738
-8.783974
-9.246643
-8.213649
-9.358845
-10.245127
-9.969627
-9.243440
-10.542167
-9.611107
-9.340925
-9.214180
-9.927789
-9.654452
-10.838525
-9.217940
-10.904594
-9.086769
-10.695567
-10.194565
-10.180918
-9.321929
-9.638779
-10.690316
-9.125195
-9.101955
-10.494224
-8.900436
-9.718874
-10.031684
-8.320489
-8.343593
-8.018082
-8.398767
-8.684776
-9.024808
-7.979842
-8.792484
-7.112564
-8.109738
-7.930586
-6.734060
-6.756751
-7.744933
-6.186274
-7.014967
-7.101545
-5.108307
-6.499990
-4.608652
-5.686041
-5.353690
-3.621958
-5.168449
-3.342251
-3.937560
-4.090969
-3.213007
-3.252753
-2.826490
-1.902788
-1.067950
-1.425922
-1.296248
0.021577
-0.638823
-0.218881
0.556636
