-0.437329
0.121226
1.647638
0.970750
2.084500
1.009704
2.546220
3.297831
3.282226
2.846435
2.508759
3.686935
4.317982
4.710560
5.512572
4.053848
4.196361
5.985621
6.539946
6.026515
6.690530
7.152068
6.804163
6.354027
6.453552
7.514452
7.084077
7.308609
8.110911
8.846999
7.817781
8.880818
8.757200
9.452245
9.552269
8.797356
8.772108
8.417319
8.598650
10.431384
9.611824
10.149480
8.786418
8.830923
9.667104
10.457346
10.820824
9.316807
9.391693
9.351407
9.893088
10.197014
9.422999
10.243869
9.016826
8.958734
9.363377
10.335429
9.085782
9.295443
8.533815
9.964137
8.178260
9.320709
8.431110
9.680066
7.645158
9.161919
7.538711
7.701405
8.373067
8.039443
8.366124
7.187621
6.310302
7.067729
6.099898
5.843252
5.572358
5.915444
5.767659
6.303723
4.288043
4.520383
4.235409
3.405693
3.814302
3.908189
3.178088
3.959337
2.414206
2.178405
1.479912
1.175052
0.839538
2.063777
0.386679
0.921469
1.089764
0.318923
0.647401
-0.470115
-0.768055
-1.037687
-2.477960
-1.191906
-2.615108
-1.520407
-2.041298
-2.259893
-3.813967
-3.649492
-3.031826
-4.297452
-5.034419
-5.486739
-5.206949
-4.601663
-6.490770
-6.778311
-6.588173
-5.829086
-7.560746
-6.111595
-7.091649
-7.055117
-8.047339
-6.799830
-7.284951
-7.109084
-9.233970
-9.073017
-8.199605
-8.172187
-9.415650
-9.829263
-8.500017
-10.153588
-9.784772
-9.598663
-10.602662
-10.267568
-9.906588
-10.346319
-10.640387
-10.311704
-10.570899
-10.603760
-9.775284
-10.128534
-10.406612
-9.643058
-9.681719
-10.311223
-9.199161
-10.438066
-9.142277
-9.528536
-9.800962
-9.517399
-10.374924
-8.379163
-9.366693
-8.347253
-9.411820
-9.166330
-9.480626
-9.288019
-8.112748
-9.070594
-7.847942
-8.667913
-6.680648
-6.664241
-6.955893
-6.444890
-7.523978
-6.116306
-5.807021
-6.813118
-5.678595
-4.684220
-5.982992
-4.643237
-3.907753
-3.701798
-3.609372
-3.717404
-2.791216
-3.108470
-3.186711
-1.937005
-2.109615
-2.549386
-0.598451
-0.444435
-1.051243
0.147357
0.088669
0.799920
