-0.576281
-0.068827
1.673551
1.741962
2.445616
2.742414
2.013341
1.772287
2.900137
2.829481
2.826553
3.306789
3.215877
4.192051
3.612546
5.692298
5.547476
4.717764
5.981880
6.594776
5.490673
5.752153
5.897257
7.464174
7.302056
6.334477
8.012478
8.436147
8.264278
9.028493
8.888211
8.659939
8.395624
9.516784
9.021765
9.883835
9.996300
10.082107
8.916667
9.608077
10.443952
9.153694
9.998660
9.162208
9.497518
9.771746
10.460956
9.268353
9.007602
10.023801
10.459384
10.898921
9.512810
9.687688
10.117665
9.931990
9.574757
9.320226
9.445857
8.558048
8.527193
9.084286
9.590192
10.036882
8.538334
9.005459
8.661711
9.050129
8.359012
7.707856
7.639279
6.985326
7.842492
7.614494
7.655512
7.741285
6.487384
6.114171
5.631027
5.547754
5.964038
5.788135
4.601978
5.241753
4.298938
4.641167
3.179640
3.692785
4.338889
3.272599
2.530124
1.489610
3.109860
1.688054
1.369159
0.720778
1.000343
1.566982
-0.380444
-0.923684
-0.594739
-0.391149
-1.153163
-1.883834
-2.081473
-2.808111
-2.116071
-2.206704
-3.425936
-3.976704
-2.995013
-2.931251
-4.739263
-4.889438
-4.583640
-5.682167
-4.124986
-5.022711
-5.568449
-6.003813
-6.994864
-6.248297
-6.437792
-7.801495
-7.140456
-7.339604
-7.648368
-6.904263
-8.331979
-8.069284
-7.989871
-8.170245
-7.657312
-7.787055
-8.945747
-9.201042
-9.800915
-9.094411
-10.376587
-9.845244
-9.425369
-9.630432
-9.791061
-10.422960
-10.034035
-10.571613
-10.648613
-10.485295
-9.334825
-10.330347
-10.821810
-9.552316
-9.136179
-10.854996
-10.552431
-9.686757
-8.854196
-10.037113
-10.163295
-9.194434
-8.423407
-8.380750
-8.207906
-8.681520
-9.531126
-8.577811
-8.500759
-8.608237
-9.258652
-8.653802
-8.207011
-8.005578
-7.427661
-8.060457
-6.448443
-7.794921
-6.793077
-6.996087
-5.740865
-5.061426
-4.917760
-5.579948
-5.420244
-5.065114
-4.546345
-4.211140
-4.725283
-4.130871
-3.449614
-3.432581
-1.928779
-3.100721
-2.171125
-1.149939
-2.129238
-1.260710
-1.580756
0.163054
-1.128071
0.396835
