-0.376388
1.391961
0.860145
0.274077
1.114888
2.286983
2.074017
2.080316
1.803013
2.653201
3.980800
4.342801
4.899168
3.951932
5.016320
4.133796
5.648878
5.945989
6.027559
5.537883
5.196005
6.501031
7.051505
7.049817
6.700325
7.632489
8.436741
8.278724
8.005459
7.769583
8.122173
8.283222
7.785484
9.405541
9.020454
8.304297
9.456110
9.465511
9.994317
9.683176
9.967561
9.359110
10.333775
10.267694
9.306692
10.405009
10.563025
10.957159
9.135586
9.229482
9.638753
9.928548
9.365600
10.525855
10.415067
9.738042
10.116674
9.388073
10.505261
10.237107
8.608521
8.374233
9.131084
8.941041
9.031459
9.721378
7.725844
7.578546
7.394872
8.251096
8.369125
7.875740
7.776811
7.366660
7.384960
6.665521
6.803899
5.634941
6.598393
5.898249
6.023575
5.436288
4.349550
4.987070
4.101844
3.881095
3.242149
4.633409
2.778949
2.833618
1.914040
1.596395
1.552714
1.962464
0.937629
0.368050
1.452448
1.061288
0.933816
0.971635
-1.053407
-0.504992
-0.361741
-0.780427
-2.324098
-1.489569
-1.463937
-3.273454
-2.084890
-2.926692
-4.140777
-3.545705
-4.364763
-3.721654
-5.083185
-5.630889
-4.847456
-5.375696
-6.428191
-6.835936
-5.154517
-7.340460
-6.238607
-6.722477
-6.767596
-6.346301
-6.969261
-8.013479
-8.167736
-7.976991
-7.922491
-8.222340
-7.970395
-9.096399
-9.100902
-8.657745
-9.692709
-9.349567
-8.652217
-9.674041
-10.144880
-9.182342
-9.228758
-9.314368
-9.220533
-10.202888
-9.086526
-9.312912
-9.688826
-10.224973
-10.452083
-9.406120
-9.305831
-9.374203
-10.773087
-9.143818
-9.827238
-9.676784
-9.582542
-9.771923
-8.899815
-9.724558
-8.668805
-8.902837
-9.474671
-9.633468
-9.206943
-8.062504
-7.906717
-8.210592
-8.899238
-7.472537
-7.675334
-7.430815
-6.966455
-7.689201
-7.047880
-5.577252
-5.271281
-5.685075
-5.169473
-6.226851
-4.981346
-5.612896
-3.902506
-4.851319
-4.171785
-4.353908
-3.217903
-2.975130
-2.528193
-1.949358
-2.343390
-1.384824
-1.465071
-0.627852
-0.661877
-1.514678
-1.153685
-0.647336
