1.129777
1.016250
1.170537
1.402797
1.133021
2.537811
2.185835
2.033750
3.550966
3.041354
4.368467
3.421841
4.076487
4.418803
3.825916
5.702564
4.805794
4.767845
5.959095
5.382829
5.822600
5.921660
6.077877
6.718450
6.116937
6.941882
7.970834
7.389430
7.501921
7.535965
8.779089
7.571567
7.927173
9.192781
9.872612
9.881456
8.915657
9.003660
9.624413
9.356599
9.147389
9.650575
9.473697
9.255913
9.843418
10.629431
10.528231
10.178254
9.227083
10.993911
9.658307
10.124240
10.791934
10.469267
10.179189
9.206156
9.837762
10.083772
9.816355
8.676126
9.235952
9.974222
8.887212
8.077487
8.547303
9.732272
8.736705
9.413481
8.593328
8.311040
8.729519
7.328101
8.234359
7.818074
6.355959
7.522015
7.580018
6.632503
6.125381
5.539835
5.763667
5.260111
4.097990
5.230119
4.109256
5.075609
3.117070
4.252005
4.057891
2.451420
2.579169
3.083353
2.802641
1.969872
0.686095
0.286181
0.024479
0.650307
1.049676
-0.704210
-0.744192
-1.335341
-0.078913
-1.327568
-1.349232
-2.384736
-1.998413
-2.572993
-2.559702
-3.723371
-2.921581
-4.086098
-3.863515
-4.588676
-5.199340
-5.693672
-4.401829
-5.319531
-5.809799
-6.504649
-7.105828
-6.014091
-7.268757
-6.448133
-7.507501
-7.228726
-7.922981
-7.892780
-8.606873
-7.522950
-8.681641
-7.506064
-9.412304
-7.852454
-8.928200
-8.735230
-8.509934
-8.434634
-9.480481
-8.674865
-10.454853
-9.533191
-9.958314
-10.674831
-10.279019
-9.217857
-9.499456
-10.186758
-9.259988
-9.250492
-10.007621
-10.163300
-10.638739
-10.270016
-9.168934
-9.733158
-10.277798
-10.362392
-9.135973
-9.274192
-9.335515
-9.553481
-8.407835
-9.178806
-8.816256
-7.868765
-8.674956
-8.668950
-8.230126
-8.309053
-7.797368
-6.841353
-6.843262
-7.878882
-7.594992
-7.432685
-5.992746
-6.158088
-7.128209
-5.920190
-5.798155
-4.563308
-4.612984
-3.852939
-4.039488
-4.652195
-4.658842
-3.279588
-3.573134
-3.681962
-2.851114
-2.465029
-1.611204
-1.938901
-0.654146
-0.630709
-1.618580
0.119454
-0.200773
0.605920
