1.178298
0.637142
1.090009
0.875785
2.182627
1.027437
2.899312
2.822912
3.082447
3.277469
2.882928
3.275616
4.411851
3.629033
3.550605
5.095048
4.623887
5.261607
6.428981
6.150724
5.679115
6.439673
5.801435
7.035758
7.640579
8.050714
7.703396
6.985731
7.893486
7.120338
7.709430
8.768130
8.865099
8.951794
9.125390
8.492191
9.627106
8.698577
8.705125
8.747893
8.645421
10.107267
9.281633
9.494204
9.230782
9.587301
9.160070
9.663853
9.822988
9.937037
10.198417
9.674814
9.793200
9.462739
9.466473
9.449054
9.880297
9.801265
10.343808
8.887844
8.603838
8.308679
9.958308
9.602009
9.704237
8.245133
9.362633
8.915235
7.811383
7.187443
8.372948
8.459395
6.624261
7.309756
7.368475
6.851716
5.686997
5.616681
5.292491
6.430877
5.190908
5.022186
5.708770
3.844060
5.463802
3.664674
3.845747
4.533460
3.574677
3.542577
2.750500
3.321326
2.750309
2.583921
1.309650
0.466914
1.443035
0.298109
0.454651
0.004103
-0.801599
-0.874367
-0.201150
-2.020860
-2.558270
-1.308259
-2.282768
-2.429089
-3.369182
-3.625203
-3.650513
-2.877046
-3.201386
-3.904498
-3.785144
-4.564462
-4.523022
-5.632572
-6.191931
-6.155088
-6.167832
-6.099800
-5.920559
-6.898912
-7.767611
-8.191278
-8.060460
-7.051170
-7.719617
-7.869901
-8.639298
-8.943246
-8.771595
-7.928600
-8.284645
-8.595382
-8.314603
-9.234822
-10.101151
-10.100448
-10.471589
-10.011047
-10.465266
-10.135285
-10.163740
-10.816742
-10.435362
-9.285366
-10.078463
-9.400382
-10.549055
-9.840814
-10.016616
-9.361759
-9.440337
-10.641206
-9.313642
-9.498586
-10.585496
-9.419047
-9.006599
-9.682233
-9.140054
-8.713830
-8.228854
-8.533384
-8.317383
-9.303998
-7.419069
-8.940770
-8.149448
-7.589218
-7.343623
-8.217333
-7.797048
-6.669654
-7.200076
-5.693809
-6.543216
-4.999530
-6.572782
-4.740401
-4.168728
-3.890175
-4.436869
-5.121210
-4.204514
-3.642732
-2.602097
-3.753282
-2.430896
-2.627463
-2.330013
-1.565310
-0.769204
-0.840679
-0.071516
-1.451856
-0.261693
-0.394527
