0.676814
1.092776
1.162987
1.698773
2.331882
2.242200
1.973803
1.993393
3.600226
3.503705
4.025765
2.979003
3.258885
5.109118
4.540296
4.642192
4.840473
4.861395
5.907697
6.453850
5.421855
6.587841
6.048798
6.168864
7.731556
6.741882
8.282405
7.042947
6.977395
8.622444
8.219668
9.202087
8.390276
9.266244
9.313144
9.381407
10.177080
8.911843
9.722548
9.192519
8.722485
9.412404
9.879004
10.496915
10.121426
10.437641
10.376498
10.716990
9.010966
9.427807
9.753853
9.882969
10.795513
9.478220
10.810189
10.149531
9.841233
8.835737
10.465187
9.846148
9.814867
10.131867
8.231227
9.770455
9.716211
8.031554
9.356092
8.933972
8.060749
7.929352
7.935174
6.824151
8.451794
7.272286
6.571361
6.071965
7.206042
6.236112
6.260474
5.683783
5.481541
5.392872
4.562116
5.585629
4.774611
4.885559
3.274718
3.919830
4.101572
2.906581
2.737229
1.921065
1.923132
2.747228
2.126511
1.341060
1.859039
-0.245970
-0.592180
-0.763954
-0.515628
-1.102492
-1.013572
-0.805430
-2.113997
-1.994063
-2.718530
-3.283438
-3.429778
-4.079296
-3.945881
-4.216642
-3.835971
-4.440658
-4.116306
-4.721272
-5.159693
-5.044495
-5.676931
-5.266377
-6.107332
-6.396101
-5.896536
-6.765770
-7.863377
-8.165083
-7.135363
-7.778277
-8.311560
-8.230324
-8.871837
-7.732241
-9.362295
-8.501948
-8.918027
-8.588204
-8.950843
-9.800925
-9.981821
-8.638251
-10.063186
-9.761389
-10.613500
-10.262261
-10.599515
-9.383885
-9.447580
-9.081578
-9.659378
-10.044817
-10.729287
-10.544807
-10.105944
-9.984957
-9.843926
-9.834364
-10.550504
-9.649622
-10.199882
-9.859979
-9.219790
-10.148964
-9.823685
-8.592668
-8.638952
-8.115943
-9.509972
-8.326150
-8.981448
-7.622307
-7.789902
-6.970557
-6.529947
-7.428953
-7.171102
-6.853508
-7.188647
-5.723825
-5.696947
-6.564519
-5.354119
-6.288185
-5.851027
-5.787432
-3.970067
-4.047448
-3.168227
-3.105719
-3.100924
-2.777833
-1.862608
-1.574122
-2.761911
-1.980819
-0.726103
-1.262162
-1.674749
-0.683961
-0.830764
0.694009
