1.197591
1.568134
0.600208
1.405276
1.139090
2.432488
2.897633
2.119776
3.068175
3.936667
3.838067
4.517916
3.519636
5.163024
4.409820
4.765772
4.842306
5.704829
6.500240
4.983171
5.829417
6.841974
6.302585
6.354852
7.431180
7.313807
6.770720
6.805123
7.783043
7.130094
8.665808
8.316645
8.341216
9.115004
8.157642
9.216170
8.989156
8.358704
10.197260
8.979147
9.801726
10.616334
10.090026
8.855238
9.557032
10.136153
10.809926
9.689513
10.159603
9.986997
10.411726
10.137318
10.524966
10.785845
10.401111
9.813089
9.590037
10.235686
8.762696
9.026402
9.844879
8.755416
9.072102
8.474368
8.780904
8.171413
8.414957
7.579632
7.372500
7.367560
7.487106
8.341309
6.848091
6.395129
6.183392
6.289322
6.357371
7.314684
6.028764
6.584402
4.695723
5.387037
5.263737
4.687111
3.845630
4.070908
3.840042
3.623669
4.276942
3.273849
3.658316
3.012250
3.117704
1.372917
1.185926
0.885227
1.311397
0.893092
0.776673
-0.644681
0.645869
-1.074037
-0.651525
-0.809200
-1.914327
-2.746077
-3.108958
-2.114846
-1.978474
-2.143396
-4.326331
-4.622027
-4.299339
-4.983891
-4.265230
-5.494602
-5.198548
-5.055417
-5.605272
-4.925684
-5.857653
-5.859529
-6.182514
-7.709745
-7.661132
-7.653115
-7.283939
-6.754575
-8.276289
-7.756926
-7.463388
-7.605511
-9.014402
-9.513678
-9.853328
-8.941160
-9.232600
-8.723516
-8.548237
-9.111530
-10.380984
-8.842887
-9.184620
-10.671263
-10.760765
-9.920719
-8.993014
-9.145545
-9.701160
-9.771845
-10.914956
-9.175309
-9.294080
-10.252247
-9.192455
-8.982838
-9.645379
-10.340033
-8.678204
-8.769309
-8.569662
-8.450199
-9.605348
-9.512944
-8.239093
-8.903791
-8.511127
-8.365081
-8.843275
-7.105228
-8.182461
-7.932308
-8.240091
-7.291586
-6.445130
-7.051902
-6.823987
-6.534310
-6.673541
-5.676689
-5.329477
-5.826467
-5.765961
-4.154874
-4.360768
-4.218772
-3.754716
-4.180591
-3.132712
-3.317273
-2.532676
-2.098414
-2.946437
-1.505090
-2.331666
-2.233825
-0.269567
-0.318138
-0.783241
0.048919
