-0.440424
0.935673
0.420589
0.842574
1.490374
1.716967
1.403896
1.717448
1.852736
2.359193
2.467606
3.058949
3.047748
4.747645
5.381761
4.681550
4.556705
6.340553
4.989449
5.312214
6.672071
5.794093
7.094442
6.823559
6.488991
6.832478
8.269478
8.322277
8.701057
7.279361
8.425362
8.004187
9.423432
8.907835
8.535870
9.095507
9.283149
9.476610
8.590070
9.650790
9.725395
9.960300
9.037281
9.597569
9.056457
9.698409
9.857229
9.737364
9.575015
10.655762
10.982493
9.694256
9.899128
9.537148
9.581653
9.239974
9.241224
9.676366
10.019961
9.568128
9.803287
10.226446
9.394394
8.577885
9.321826
8.309885
7.693273
8.266020
8.218166
8.151838
8.641838
8.277504
8.155830
7.196584
6.873558
6.057376
7.544940
5.845392
5.931016
5.025708
5.376171
5.255388
5.565024
4.608711
5.191556
4.911290
4.682557
3.380278
2.940360
3.250429
3.753757
1.550225
1.531554
1.239891
1.404763
1.115186
1.707566
1.353765
1.148782
0.416321
0.446187
-0.525690
-0.621050
-1.853255
-1.155891
-0.882027
-2.674563
-2.222347
-3.705395
-3.714142
-2.795870
-3.565390
-3.885333
-4.006091
-4.000702
-5.776836
-4.488657
-5.695415
-5.297706
-4.922590
-5.774281
-5.511547
-6.214455
-6.370916
-7.518916
-6.848368
-8.417717
-7.557169
-8.695465
-8.294302
-9.163277
-7.726686
-8.159177
-8.711485
-7.961139
-9.192833
-9.021649
-8.811335
-8.485239
-9.478823
-9.539595
-9.996395
-10.190819
-9.286634
-9.723804
-9.976635
-9.901644
-10.210972
-9.638872
-9.921698
-10.767647
-9.431626
-9.909194
-9.435697
-9.244739
-9.213611
-9.806520
-10.457570
-9.266301
-9.864324
-9.501666
-9.419656
-8.901939
-9.009732
-8.720443
-9.337630
-8.657934
-9.185998
-8.938234
-7.906615
-8.454561
-7.883918
-7.547249
-7.457583
-7.603593
-7.433974
-5.894490
-6.372952
-5.590374
-6.511978
-5.896825
-5.322772
-5.144032
-5.585598
-4.394767
-4.701357
-4.889812
-3.138387
-2.502547
-2.167024
-1.944676
-1.860463
-2.126573
-2.158614
-2.394722
-1.436235
-1.483824
-0.229888
-0.037854
-0.965501
