0.933334
0.032451
0.501995
1.568423
2.258049
2.127201
1.317999
3.344247
2.306506
3.243512
3.014073
3.609318
3.233993
5.101931
4.921530
4.944531
4.823798
6.304533
5.463140
5.917993
6.326689
7.343906
6.832587
6.835225
6.173784
7.473553
6.592308
8.598659
7.919724
8.371107
8.133201
8.215966
9.123569
7.769920
8.304239
8.822021
8.829167
9.229930
9.192082
8.589638
10.126796
8.764932
10.118250
10.301064
9.028950
9.277443
10.299325
9.308559
9.623510
9.612433
9.274477
10.380908
10.803651
10.241205
9.281227
9.705363
10.746305
9.866491
10.401072
8.950347
9.148627
9.203059
9.354838
8.715903
8.784336
8.726275
8.172232
9.392472
7.595133
8.362046
8.220374
6.994806
7.718699
6.843773
6.652600
6.767412
5.985009
6.991631
5.867683
6.018507
6.227812
5.234186
5.191085
5.113851
4.788098
4.187093
3.741503
3.456957
4.229864
2.872122
2.560779
3.228405
2.622281
1.847903
1.345053
1.944529
1.288825
0.413278
0.273708
-0.954444
-0.559974
-1.078935
-1.059098
-1.422337
-1.907821
-1.829737
-3.040891
-3.041214
-3.050462
-2.820416
-4.316944
-3.365893
-3.010634
-3.505084
-3.729850
-5.151818
-5.317264
-5.124631
-4.644628
-6.534662
-6.065293
-6.101902
-7.053639
-6.655868
-6.334786
-8.160463
-7.994095
-8.562678
-7.739106
-7.193054
-7.813224
-9.311398
-9.040849
-8.981067
-9.847546
-8.336696
-9.012114
-9.713595
-9.711923
-10.324262
-10.488544
-10.331700
-9.844205
-10.045268
-9.736755
-10.270964
-8.965399
-9.778801
-10.170934
-10.304392
-9.005469
-10.110330
-10.269438
-9.723140
-10.451356
-8.960010
-9.806549
-10.135672
-8.612064
-9.853118
-8.882451
-8.896005
-8.349801
-9.585883
-8.388707
-8.226808
-9.152874
-8.614383
-8.599601
-7.147893
-8.728049
-7.734684
-7.026623
-7.697611
-7.368986
-6.104336
-6.414268
-5.621316
-5.992720
-5.105586
-6.156062
-5.109295
-5.202609
-3.840939
-3.582156
-4.279623
-4.065145
-3.527059
-2.796174
-2.964003
-2.530135
-2.355206
-1.423940
-2.724514
-2.546329
-1.284761
-0.951318
-0.974323
-0.059405
-0.424980
