0.236016
0.449851
1.106094
1.905176
0.852314
1.808781
1.979083
2.920083
3.029006
3.412571
2.862914
3.453282
4.467159
3.565346
4.103854
5.317181
6.026536
6.199777
6.542579
6.541923
5.556145
7.265236
6.458478
6.880869
7.511431
6.589146
7.425465
7.647252
8.847073
8.873789
7.544671
9.360080
8.242897
8.644828
9.104053
9.056278
8.663762
10.022964
8.497340
10.266858
10.539215
9.747597
9.288497
9.021966
9.783046
9.513936
10.429646
9.968809
9.537820
10.212576
10.216220
10.494098
10.843606
10.342986
10.248100
10.340817
10.433879
10.131874
10.206470
9.846044
9.666063
9.098078
8.947010
8.531054
8.071696
9.460622
8.326844
9.314283
7.489268
7.261354
8.790508
8.462771
8.457737
7.008230
6.274651
6.158467
6.823795
6.322491
5.489499
6.533775
5.534862
4.547746
4.160807
4.255584
5.507815
4.572576
3.415651
3.990132
2.437478
2.996989
3.190865
1.881730
1.262615
2.276291
1.618700
1.248545
0.277822
1.086384
0.226537
-0.156718
-1.180839
0.161452
-1.665874
-2.108796
-2.335459
-1.451718
-2.456133
-1.899582
-2.498906
-2.912572
-3.606137
-3.733756
-4.495517
-4.822972
-4.988425
-3.827646
-4.658097
-4.740834
-5.509611
-6.535056
-6.063685
-6.879145
-6.167994
-6.385442
-7.740194
-7.686720
-7.305265
-7.498751
-6.976284
-8.918682
-8.649194
-7.883933
-7.797233
-9.345679
-9.188493
-9.941432
-8.260236
-8.463935
-8.847926
-9.452849
-9.835966
-10.297934
-9.393461
-9.367013
-10.486839
-10.705008
-9.897955
-9.604736
-10.267156
-9.730132
-10.135222
-10.572518
-9.760577
-9.691464
-10.126900
-10.432721
-10.355100
-9.860347
-9.831205
-8.521825
-10.226762
-10.204347
-9.358935
-9.230624
-9.369853
-9.733111
-8.490261
-8.387958
-8.120717
-8.828445
-7.139165
-7.247424
-7.010161
-6.909505
-6.953402
-5.889084
-5.718520
-6.916625
-6.376159
-5.841863
-5.403839
-5.971146
-4.270974
-4.861846
-3.605476
-4.730030
-3.355952
-3.794338
-3.098285
-3.522346
-2.400876
-2.288827
-2.305918
-2.684574
-0.886687
-0.690955
0.046481
-0.123608
-0.646219
-0.974099
