-0.286700
0.029825
1.090788
1.466081
1.374494
2.032864
2.688400
1.868034
2.212697
3.497251
3.491840
4.430456
4.075990
4.924513
5.296055
5.104240
4.115277
6.056154
4.740702
5.360849
6.380062
7.010123
6.405139
7.438258
7.156258
6.519826
6.714203
8.360841
7.302643
8.501225
9.161008
8.060378
9.522038
7.900837
9.045382
9.863344
9.384986
10.181967
8.966311
9.202126
10.200171
8.699812
10.272036
10.451888
10.630324
10.690273
9.921407
10.573235
9.829576
10.051500
9.719516
10.550525
9.076371
10.680299
9.421714
9.670798
9.612064
10.471951
9.025675
10.456584
9.802457
10.289408
9.067416
8.718117
9.250987
9.173178
8.295538
9.067745
8.287992
7.875263
7.300437
7.636096
7.162754
6.882802
7.475873
7.462303
7.509658
6.973425
6.195440
5.913944
5.804111
5.712277
6.051500
4.558489
4.698229
4.221985
3.028912
2.724471
3.365103
3.795039
2.665522
2.129861
2.498146
1.174896
1.369335
1.445251
1.616629
0.887661
0.819388
0.484459
0.358344
-0.588804
-0.655743
-0.492217
-2.153826
-1.906806
-1.318624
-3.078644
-1.987138
-3.066843
-4.052192
-3.138373
-4.196669
-3.323147
-4.647912
-5.630875
-5.322627
-4.864899
-6.002485
-5.956309
-6.962469
-5.881898
-6.346636
-7.709207
-6.274568
-8.152971
-7.360998
-8.484954
-6.948759
-8.777659
-7.336055
-9.210670
-8.519031
-9.162002
-8.650038
-9.194593
-9.336565
-9.515785
-8.473407
-9.072798
-8.639254
-10.611590
-10.310153
-9.569842
-10.026087
-9.725649
-10.366227
-10.271459
-9.526991
-10.968541
-9.742480
-9.332121
-10.533535
-10.134437
-10.860121
-9.333111
-9.834932
-9.719304
-10.075566
-9.620180
-8.422867
-9.893926
-9.284907
-8.149046
-8.576128
-9.482498
-7.636048
-9.276950
-8.202975
-7.973884
-8.678801
-7.383657
-6.959281
-7.878678
-7.316825
-7.528881
-6.773155
-6.360910
-6.978080
-5.817495
-4.957858
-6.298333
-5.707914
-4.417529
-4.265891
-3.280751
-4.098585
-4.530941
-2.923404
-3.782623
-3.405300
-1.596315
-1.849977
-1.809103
-1.562286
-1.359327
-1.257848
-0.484911
-0.459188
0.533540
