0.789129
-0.224608
0.916425
2.017770
1.040804
1.576273
1.715720
3.043822
2.833986
3.323763
3.622643
4.541643
3.454295
3.777650
5.385194
5.523203
5.108500
6.283400
5.222501
6.777617
5.591317
7.017250
7.121423
7.351403
6.767757
6.555223
7.380896
7.204141
8.103605
9.045445
8.920617
8.714494
8.094273
9.212375
8.942948
9.976457
8.519585
9.953999
8.991190
8.780085
10.151933
10.030529
9.171411
9.865751
8.927323
10.017637
10.548263
10.308772
10.868850
9.032621
10.595508
9.998227
10.182076
9.918557
10.539084
9.369329
9.152246
8.872013
9.674479
9.069874
9.615196
9.726757
8.413111
9.006331
8.201216
8.563260
9.222884
9.054341
8.169752
7.844253
8.814101
7.927502
7.971152
8.056564
7.396292
7.570084
6.762943
5.579447
6.137567
5.893234
5.929534
5.635126
4.233547
5.309854
4.198743
4.921536
4.413194
3.149433
4.200556
2.445310
3.291323
2.924609
2.008205
1.579815
2.509401
1.497558
0.263819
0.600527
-0.175592
0.817782
-0.181545
0.189476
-0.525807
-1.725822
-2.145322
-2.392427
-2.662556
-2.903355
-2.885897
-3.237314
-3.180799
-3.570351
-4.765163
-3.855829
-4.545195
-4.222455
-5.690771
-5.643312
-6.308624
-6.776093
-5.520007
-6.294332
-6.609737
-7.176898
-6.520660
-6.728624
-8.073474
-8.383868
-8.023033
-9.057295
-9.008988
-9.120677
-9.188077
-9.598655
-8.482344
-8.701461
-8.295244
-9.320952
-8.473567
-8.884127
-8.752188
-10.167642
-8.930932
-9.326674
-9.553539
-10.892000
-9.749529
-10.458090
-10.524055
-10.668643
-9.472067
-10.974055
-9.241966
-10.096213
-8.991939
-9.704580
-8.875851
-10.175799
-9.131197
-10.131500
-8.718237
-9.658809
-9.058751
-8.901636
-8.526319
-9.674404
-9.070185
-7.520566
-8.753731
-7.295861
-7.595386
-7.555322
-7.239583
-7.352711
-7.254508
-6.004535
-7.494580
-5.424251
-6.798025
-5.185158
-5.440623
-5.645513
-6.006105
-4.287925
-3.643411
-3.267712
-4.965798
-3.620435
-3.153743
-3.273883
-3.180496
-2.561570
-2.581504
-1.535074
-1.495417
-2.034833
-0.798164
-1.445750
0.568460
-0.401911
