-0.196337
0.678570
1.121307
1.156794
1.312761
2.378356
2.819134
1.638020
2.867804
3.437226
3.646780
4.645264
3.083504
3.402024
4.322691
5.766905
4.234415
6.114071
5.173256
6.245071
5.486424
6.012010
5.739911
7.458517
6.077048
7.683398
7.754116
7.866513
8.687804
7.772075
7.746619
8.405562
9.249363
9.566469
8.385442
8.493185
8.681689
9.803677
10.402204
8.604356
10.029198
8.844533
8.983771
9.872101
10.193916
10.866223
9.880258
9.728464
9.943135
10.577888
9.029941
10.334558
10.586761
9.754166
10.273100
10.214314
10.260673
8.940116
8.987406
10.390823
8.927501
10.010694
9.796297
8.663182
8.999023
8.524934
7.736692
9.398353
7.671043
7.736599
7.171171
7.351138
7.133040
7.573200
6.338725
6.498608
6.551723
6.710357
6.887123
5.723248
4.681055
6.340994
5.914253
3.966392
3.545471
4.080726
3.785765
3.093574
2.576738
3.999136
2.836993
3.264828
1.310217
1.098277
1.952087
1.897608
0.609606
0.209293
-0.270448
-0.300258
-0.132991
-0.782132
-1.307178
-0.328615
-2.545181
-2.795782
-2.386192
-2.806738
-3.648470
-3.310486
-2.706639
-2.988682
-4.602433
-4.208459
-3.715001
-4.436023
-5.851775
-5.258487
-4.733787
-5.745665
-6.967416
-7.095591
-6.161292
-6.630276
-6.803272
-7.170923
-7.973288
-8.199071
-7.371483
-8.356991
-9.183747
-7.813922
-8.715812
-9.353385
-9.605467
-9.611652
-8.609188
-9.489568
-9.078470
-10.189425
-9.360587
-10.309232
-8.800983
-9.466874
-10.538278
-10.886727
-10.238267
-9.632253
-9.726058
-10.984969
-10.429722
-9.966816
-9.991139
-9.224014
-8.950758
-10.809484
-10.177867
-10.301016
-10.173265
-10.338365
-9.701216
-8.498657
-9.654330
-8.634718
-8.615513
-7.963436
-8.080764
-8.756759
-7.417670
-8.355995
-7.643646
-7.144304
-7.818484
-7.110779
-7.001420
-6.220824
-6.911036
-6.442114
-5.294651
-5.512509
-6.241150
-5.309677
-5.526258
-4.884356
-4.901053
-4.759106
-4.831530
-3.613086
-2.964524
-3.322055
-2.550339
-2.327734
-2.603975
-1.188186
-1.423647
-1.511552
-0.554986
0.076675
0.168998
-0.555345
