-0.578224
1.228087
0.484003
0.943608
2.275566
0.910648
1.366221
2.146923
3.640248
2.953324
3.887888
3.779395
4.410950
4.439785
3.554836
4.096216
5.573112
5.115567
5.017703
5.219554
5.922322
6.133915
5.741602
7.593665
7.470091
6.341913
8.363550
8.058874
8.748014
9.033224
8.015770
7.836412
8.267873
9.029897
8.300144
9.603186
8.871797
9.205330
9.019788
10.012718
8.916463
10.296188
10.060786
9.603550
9.643269
10.550664
9.078966
9.558805
9.376166
9.274871
9.376320
10.503849
10.941494
9.674816
9.573816
10.549350
8.805949
9.035000
9.297937
10.056200
10.225416
9.855993
9.892675
9.690346
9.696490
9.725277
8.310708
9.026038
7.758096
7.982291
8.827254
7.459413
7.023695
7.364304
6.381007
7.279855
6.539281
6.700999
5.888707
5.815445
4.746488
4.403270
5.028044
5.508474
5.433805
4.606462
4.296451
4.288502
3.173994
2.408177
3.329094
3.421588
2.210692
1.723766
0.923750
0.563537
1.116257
0.919423
0.130794
-0.175416
-0.888684
-1.174558
-1.195923
-1.603690
-2.234181
-2.630005
-2.707235
-1.916047
-3.565932
-3.986429
-2.582549
-4.056697
-3.784129
-4.998883
-4.877665
-5.792335
-4.633823
-4.658859
-5.201518
-5.381321
-5.224239
-6.203822
-6.636432
-6.515218
-7.249155
-7.633673
-6.875718
-7.840608
-7.254674
-8.271321
-8.333055
-9.090894
-8.588258
-9.090894
-9.294593
-9.943748
-8.410859
-9.430085
-9.469781
-9.581141
-10.150364
-10.175147
-10.375816
-10.375796
-9.971932
-10.584578
-10.671690
-9.098714
-9.646192
-10.894877
-10.213383
-9.465597
-10.392631
-9.088758
-9.442276
-8.932263
-9.647707
-10.088315
-10.278378
-8.559157
-8.588106
-8.480175
-8.970736
-8.193021
-8.479315
-8.487662
-8.100453
-7.464574
-8.212727
-8.846586
-6.975441
-7.737207
-7.941662
-7.609793
-6.844717
-6.934332
-6.135658
-6.519013
-6.078442
-5.218388
-4.765176
-5.032319
-5.720511
-4.102263
-5.529403
-4.257787
-3.583931
-4.363892
-2.431171
-2.233684
-3.265641
-1.855650
-1.824508
-2.545339
-2.340653
-1.167172
-1.764719
-1.120811
0.275886
-0.723161
