0.726064
-0.309223
0.897483
2.009941
2.101076
2.575453
2.518857
2.490887
2.681414
2.402598
3.093059
3.364346
4.380374
4.105833
4.894325
4.960777
5.113037
4.579330
6.470762
6.085854
5.159309
6.684472
6.198887
6.947073
6.328919
6.349397
7.565828
7.758453
7.317673
7.245347
7.888820
7.739781
7.945506
9.396864
9.025285
9.976810
8.881718
8.524498
8.761397
9.891849
9.057816
10.259019
9.718564
8.990895
9.578999
10.277681
9.100427
10.587861
9.709283
9.003966
10.868872
9.620554
9.245156
10.349801
10.110944
9.641781
9.683402
9.893386
10.454735
8.687641
10.117697
9.456361
8.645064
8.372384
8.977234
9.609279
8.867824
8.302470
8.748135
8.460521
8.265713
8.554252
7.487366
7.159668
7.622818
6.967458
6.996591
6.158195
7.056934
5.258002
5.750506
6.196938
5.198808
5.287559
5.519324
4.646960
3.629403
2.981726
3.250396
3.993083
3.038638
2.548850
2.617053
2.114874
2.448141
1.141546
1.134598
0.202149
-0.403862
-0.680557
0.004761
-0.895233
-0.420461
-2.112346
-2.539983
-2.118869
-1.540644
-1.809160
-2.559131
-3.840148
-3.550767
-3.207935
-4.378130
-3.343731
-3.957487
-5.458598
-4.370026
-5.631642
-5.529576
-5.087735
-6.629349
-6.805353
-5.819275
-7.650757
-7.215255
-7.128467
-7.417395
-8.423244
-8.043304
-8.837132
-7.931743
-8.981173
-7.879567
-8.219778
-8.098658
-9.763172
-8.226907
-8.652354
-8.688362
-10.309468
-9.484236
-8.945122
-9.291019
-9.774314
-10.520685
-10.087109
-10.810964
-9.811848
-10.225369
-9.970656
-10.128638
-8.985708
-9.363573
-9.686153
-10.830035
-10.790562
-10.327875
-9.913736
-9.750716
-10.240598
-8.738537
-9.214228
-8.679750
-8.754812
-8.533390
-7.805240
-8.053849
-8.535927
-7.792960
-8.987827
-8.226456
-8.215921
-7.047712
-7.228259
-6.673468
-6.584845
-7.568227
-7.178607
-6.085506
-5.704557
-5.619336
-4.651074
-5.643050
-5.085255
-3.568671
-3.617708
-3.864728
-4.193745
-2.695438
-3.913435
-2.066699
-1.989503
-1.426834
-1.109378
-2.214634
-2.224063
-1.657969
-0.638390
-0.845287
0.744937
