-0.348973
0.930457
1.799747
1.023168
0.763874
2.615485
3.086331
2.224766
3.531118
2.574522
3.476203
2.739803
3.744730
5.018083
3.541910
4.795606
6.088227
6.126678
4.827705
6.353201
7.039759
7.125428
7.184363
7.659126
6.866376
6.877885
6.940586
7.597048
7.590195
7.155988
8.254276
8.589271
8.449365
7.958466
9.383459
9.307590
8.497585
10.070609
9.193528
9.547541
10.595782
8.904469
9.820596
9.036105
8.967168
9.684192
10.126573
9.364154
9.428692
10.466824
9.703701
10.427635
9.639957
10.385099
8.921567
9.369410
9.983130
10.182296
9.289402
9.982496
9.879492
8.758990
9.581834
8.441145
9.562080
9.126823
9.362464
8.292746
8.967512
7.625911
8.576100
7.478909
7.212813
7.423551
6.839995
7.817113
7.033555
6.267868
5.159072
5.791572
4.639979
5.402688
4.981843
4.104560
4.335386
4.174060
3.173627
4.405325
3.087027
2.601406
2.588939
2.717830
1.537633
1.195439
2.180284
0.888379
1.511171
0.168260
0.909204
0.925493
-0.987879
-0.682484
-0.388828
-1.239173
-2.164924
-0.980718
-1.696258
-2.002995
-3.656939
-2.904335
-3.177228
-3.436109
-3.701459
-4.351626
-4.387204
-3.974771
-4.901100
-5.084258
-4.728365
-5.348135
-6.594100
-6.408917
-6.175565
-6.670433
-6.931253
-6.614534
-7.209242
-7.602826
-8.797759
-8.496551
-7.699614
-8.620401
-9.338959
-9.305262
-8.257791
-8.485054
-8.585380
-10.154203
-9.663544
-8.979497
-10.352089
-9.195837
-9.385595
-10.249641
-9.044646
-10.113611
-10.361579
-10.471867
-9.103072
-9.839927
-9.065080
-9.782069
-10.895574
-10.731405
-10.502958
-10.814813
-9.307468
-10.249341
-9.106046
-9.221705
-8.552718
-10.032338
-9.952738
-8.854546
-9.655244
-8.420230
-8.698979
-8.694648
-7.412098
-8.017109
-7.175322
-6.927642
-8.257492
-6.352230
-6.497331
-7.776228
-6.147321
-5.880140
-6.877316
-5.703758
-5.020599
-4.380031
-5.686873
-5.489000
-3.991665
-4.594658
-4.688103
-3.106760
-4.260542
-3.704046
-2.020270
-2.476900
-2.735479
-2.279466
-1.605643
-1.617044
-0.672728
-0.654992
-0.068961
-0.366937
