0.038126
1.213586
1.158101
1.749682
0.707305
2.011445
1.811075
2.488583
2.516420
2.349856
3.554057
4.421658
3.863111
4.826170
4.322754
5.233613
4.212387
5.738385
4.745423
5.751834
6.617910
5.692764
6.063460
6.993754
6.671713
7.443256
7.278334
7.801693
8.006239
8.725245
8.389359
8.680369
7.811303
9.410316
8.553589
8.494350
9.781979
9.710765
10.348787
10.252708
9.794138
8.893243
10.415972
9.004922
9.634463
8.937770
9.542612
9.494589
10.366219
10.452853
10.688745
10.959138
9.016510
9.289761
9.899899
8.853323
10.550900
9.046288
9.242878
10.065364
10.135325
9.888824
10.095911
9.305992
8.973472
8.988152
8.651410
7.722671
9.212218
7.472702
8.238382
8.191923
7.424830
6.869050
7.484664
7.370094
6.568040
6.164315
6.031219
6.505631
6.496355
4.711185
5.126868
5.291919
4.810321
4.225164
4.825208
3.405963
3.157038
2.522794
3.633096
3.423181
2.079425
2.869240
0.690647
1.318736
1.290076
0.638796
-0.255061
0.359313
-0.076764
-1.339488
-0.935158
-0.453507
-2.178167
-0.897588
-2.882874
-3.071047
-3.337521
-4.033896
-2.937309
-3.393750
-2.993994
-3.933591
-4.083402
-5.773662
-5.388910
-5.009174
-6.345549
-4.959628
-5.806809
-7.117663
-6.835213
-7.180546
-6.461525
-7.664027
-6.528512
-7.069016
-7.202827
-7.710938
-7.628988
-8.951804
-8.368179
-9.581180
-7.919966
-8.703744
-10.127464
-9.186340
-10.371740
-8.862710
-9.352572
-9.266243
-8.781588
-9.856971
-9.233423
-9.181719
-9.306711
-9.073474
-10.516534
-9.229745
-9.233934
-9.164011
-10.204049
-9.261219
-9.028643
-10.748279
-10.147731
-9.291351
-9.550410
-10.358353
-8.474293
-8.713470
-9.155019
-8.651481
-8.036703
-8.298821
-7.710112
-9.043201
-7.299546
-8.605431
-7.511254
-7.889068
-6.957281
-8.083469
-7.974916
-7.581189
-7.344936
-6.774947
-6.377721
-6.605116
-5.559862
-6.027717
-4.914748
-4.527980
-5.068705
-3.441596
-4.539579
-4.057977
-3.632238
-3.590708
-2.037104
-2.772342
-2.371293
-2.559273
-1.566855
-1.456327
-0.847914
-1.221484
-0.683496
0.407001
