-0.366284
1.471350
1.455199
0.810748
2.397099
0.936495
2.269468
2.987005
2.766246
2.885487
2.495038
3.320277
4.800832
4.423266
4.485458
4.453503
5.906504
6.183892
5.719386
6.570113
5.690333
5.867864
7.182685
7.048690
6.550644
7.126050
6.810145
7.040987
8.253353
8.886382
8.418163
9.333840
8.667194
8.251392
8.476358
9.892533
9.257423
9.302211
9.228552
9.792195
10.016905
9.162096
10.627193
9.291817
9.397297
10.031375
9.495585
9.297701
9.514629
10.699378
9.247301
10.531538
9.006554
10.158119
9.420187
8.875383
9.573493
10.096210
10.466127
8.629961
8.552207
8.772528
8.422004
8.195396
8.269105
9.509410
9.309308
9.154439
8.371687
7.953926
8.684349
6.875142
7.732428
7.011112
7.476683
7.187531
7.605700
5.780334
6.100853
5.010218
4.936915
6.064711
4.129151
4.181042
4.673068
3.965758
4.795320
4.311344
3.410158
2.829568
2.709505
3.165607
1.384447
1.281296
1.320908
0.782311
0.021689
0.517227
0.617907
0.842922
-0.652649
-0.346399
-0.530827
-0.282125
-1.548235
-2.293474
-2.807437
-1.910822
-2.916810
-3.977379
-2.551358
-4.474715
-3.645115
-4.811688
-4.509112
-5.512126
-5.599895
-6.003769
-6.472631
-5.278762
-6.340483
-7.080254
-5.874812
-7.602768
-6.227296
-7.204168
-8.449308
-8.560551
-8.652051
-7.781089
-8.084213
-8.869758
-9.373450
-8.794782
-8.093028
-9.877438
-10.020306
-10.132135
-9.503166
-9.417302
-10.264983
-10.557044
-10.301179
-10.643628
-10.297838
-10.421080
-9.188728
-10.511995
-10.046061
-10.415944
-9.519632
-9.631770
-10.338010
-10.257126
-10.634440
-9.195507
-9.867223
-8.982640
-9.727024
-9.812186
-10.259898
-9.961012
-8.869953
-8.155505
-8.022755
-8.595450
-8.849060
-8.414400
-7.722993
-8.999027
-7.562913
-7.948680
-8.498737
-6.847404
-7.192705
-6.069785
-6.478708
-5.587842
-6.086916
-5.591713
-6.420214
-5.503560
-6.031497
-4.395903
-4.193339
-3.575920
-3.223178
-3.421836
-3.678335
-2.870633
-1.908818
-2.429436
-2.655242
-1.945402
-0.935763
-1.220144
-1.039172
-1.256898
-0.919142
-0.050773
