-0.033238
-0.232511
1.724529
1.813450
0.955013
1.562231
3.131517
3.126080
3.135489
2.605229
3.059638
2.805773
4.143339
3.481209
4.667584
4.306168
5.406865
5.193159
6.105532
5.072075
7.084125
6.683538
6.510601
5.925998
7.751596
7.416782
7.778797
7.905594
8.533649
7.326263
8.333081
9.416471
8.071284
9.523650
8.240307
8.553535
9.961913
8.814973
10.197854
10.033181
9.651083
10.681669
10.454702
10.513869
10.717432
9.828354
9.883169
9.916633
10.409093
10.114352
10.471516
9.802622
9.270093
10.035345
9.597538
10.721422
9.635937
9.578818
9.869769
9.042167
9.187434
9.728915
9.396462
9.726688
9.005154
8.953961
8.809124
7.532263
7.372537
7.413620
7.934266
6.753934
7.371685
7.297968
6.925759
6.919827
6.401244
6.434816
6.660489
6.101091
4.697125
5.052410
4.799528
4.928342
4.255257
3.385104
3.634889
3.318358
2.455102
3.668402
3.185336
3.465624
2.212084
1.547634
1.942657
0.821000
-0.016858
0.952097
-0.517723
0.911274
-0.422026
-1.451498
-1.785848
-0.271448
-2.144573
-2.633681
-1.302307
-3.126531
-1.888417
-3.125271
-3.896414
-3.410098
-4.668081
-3.699613
-5.336342
-4.164444
-5.846578
-4.852229
-5.449319
-5.857993
-6.475337
-5.756214
-7.103941
-6.394117
-6.502598
-6.715698
-7.758333
-8.591614
-7.831850
-8.355326
-9.205995
-8.754112
-8.594964
-7.962455
-8.066069
-8.867450
-8.211128
-9.904358
-9.136284
-9.937903
-8.860304
-10.556667
-9.504225
-9.384647
-10.165708
-10.297483
-8.969187
-9.730867
-10.779584
-9.893320
-10.454191
-9.536251
-10.842737
-9.889541
-9.713904
-10.541353
-9.422450
-8.730408
-9.836143
-8.785017
-9.181907
-8.461530
-8.656516
-8.077333
-8.583149
-7.894527
-9.523793
-8.341602
-8.548249
-8.026440
-8.199254
-7.930560
-8.397368
-6.890764
-7.990769
-6.124238
-6.569226
-7.060757
-6.523382
-6.504751
-4.686829
-5.802894
-4.193821
-4.940897
-3.760627
-5.145963
-3.400229
-2.801605
-2.560019
-2.498443
-2.328576
-1.732557
-2.632394
-1.397848
-2.057878
-2.154199
0.042414
-0.692984
-0.022995
-0.058312
