-0.039378
1.140505
0.425310
2.001583
0.901328
1.015930
1.591376
2.062772
3.198854
4.014644
3.222257
2.833174
3.053276
4.955160
5.321896
4.921385
4.740290
6.042170
6.507376
4.968530
6.499402
6.682284
7.390505
7.625027
7.035033
7.930326
6.821819
8.656080
8.552171
7.819323
8.297003
9.175938
7.969365
9.300689
9.803063
9.822636
8.403079
9.932888
8.933844
10.394618
8.710181
9.918260
9.834917
9.580869
9.351093
9.521022
9.350702
10.739908
10.311942
9.846129
9.981594
9.488451
10.186430
10.012046
9.438142
9.168331
9.687425
9.326983
9.442414
9.887731
8.444171
9.969395
8.207550
8.125860
9.260892
9.346564
9.401530
8.521169
7.881723
8.608910
7.876489
7.061273
8.071472
6.328021
7.610662
6.963716
7.461550
6.879776
5.632356
5.958568
4.970345
4.765668
5.309390
4.828106
4.151819
4.752266
4.356396
2.931246
3.303830
3.003671
3.540377
3.092616
3.092276
1.953427
1.590886
0.574838
1.718244
0.298428
-0.350885
-0.209483
-0.878864
-1.541117
-0.900240
-1.046250
-0.775466
-1.057141
-2.767050
-2.127068
-3.478042
-3.048147
-3.111710
-4.607343
-3.631135
-3.890242
-5.533886
-4.316192
-4.548473
-4.739130
-4.667120
-5.653605
-6.352840
-6.786120
-6.386758
-6.980465
-6.356273
-7.080025
-7.567797
-8.407035
-8.159504
-8.770114
-8.963742
-9.161258
-8.263311
-9.461651
-8.618347
-9.925970
-8.578259
-10.259007
-8.994387
-9.207441
-10.118694
-8.753632
-10.147261
-10.750220
-10.576969
-9.276581
-10.733952
-10.951458
-10.686422
-10.696916
-9.791757
-10.088458
-10.473151
-10.292852
-10.063422
-9.310709
-10.298590
-9.508253
-8.973400
-9.299327
-9.187042
-8.662953
-9.869542
-9.750519
-7.918806
-8.115516
-9.280921
-7.806670
-7.902192
-7.310488
-8.160670
-8.620094
-7.195693
-6.945354
-6.097121
-6.047774
-6.970963
-5.846912
-6.791731
-5.190914
-5.065960
-5.395092
-4.141152
-4.375937
-4.287332
-4.023766
-3.772019
-3.138731
-3.003173
-3.102091
-1.856452
-2.935296
-3.060174
-0.916859
-2.242690
-1.158664
-0.244122
-0.597684
-1.284332
0.585013
