0.048219
0.430704
1.051455
1.885144
1.563419
1.189354
2.447019
2.670587
2.929628
3.191374
3.560494
3.185096
4.091933
3.658899
5.309477
4.479878
5.099953
6.187819
5.260344
5.106532
6.417138
6.850252
6.355535
7.402319
7.833819
6.620055
8.426282
7.994679
8.317584
7.352829
8.673325
8.656437
9.534612
9.643474
9.058762
9.502603
9.959718
9.781927
8.715092
9.120728
9.431617
10.643052
8.763777
9.414868
9.648227
10.236884
10.933625
10.435199
10.605766
10.268879
9.587399
9.817089
9.262112
9.300447
9.201728
10.402367
9.362947
10.392798
9.908532
9.731353
9.082482
8.982240
9.753061
9.602911
8.515657
8.430989
7.878380
9.164080
7.675961
8.880200
8.476965
6.749642
8.276359
7.469029
7.472614
7.282563
6.780474
6.053287
5.511387
5.725581
6.294534
5.453412
4.689304
5.715912
3.939246
4.816860
3.090445
3.808992
3.664052
3.617201
1.846217
2.809416
2.211923
1.454656
1.041321
1.010155
0.646890
1.396977
0.690825
0.318914
-0.301828
-0.731079
-1.738879
-0.942090
-1.517119
-1.777320
-1.866126
-1.949750
-3.778799
-2.179345
-2.778843
-2.874314
-3.777067
-3.953094
-3.807330
-4.847544
-5.657980
-5.164644
-4.737161
-5.655116
-6.963347
-7.346688
-5.972498
-6.157254
-7.140563
-7.370470
-7.772545
-7.134792
-6.921739
-9.016599
-8.519118
-8.374011
-8.739135
-8.158471
-9.896229
-9.732285
-8.868994
-10.059558
-10.305952
-9.569402
-9.086256
-9.173086
-9.627860
-10.640708
-10.607064
-9.640148
-10.022586
-9.084728
-10.581541
-9.779207
-10.004184
-9.907108
-8.972120
-10.112110
-8.964085
-9.537049
-10.530245
-10.505141
-9.621899
-10.441337
-9.757115
-9.123100
-8.199645
-9.005197
-8.395227
-9.429364
-8.917944
-7.511317
-7.785451
-7.676499
-7.634058
-7.918307
-6.787855
-7.822747
-6.227849
-6.557042
-7.285323
-6.243592
-5.168662
-6.107163
-6.012182
-5.374704
-4.319563
-5.799797
-4.380609
-4.729964
-4.094982
-4.236470
-3.000050
-3.290482
-3.490176
-1.598437
-1.569312
-1.573399
-0.928937
-0.498564
-1.328962
-1.281741
-0.628363
0.692874
