0.684373
0.982083
0.884421
0.782234
1.442397
1.096665
2.946818
1.984464
2.428447
3.251001
3.982364
4.007596
4.801115
5.227409
3.597643
5.034863
6.045467
5.935380
4.693691
5.420256
5.535940
6.082634
7.170291
5.898121
8.030383
7.899476
6.941572
7.042657
7.399999
8.379922
8.806257
8.800374
8.240520
9.638502
8.879545
8.797421
8.681548
8.491524
8.887675
9.637885
8.704902
9.743366
10.175795
9.592334
10.119191
9.910953
10.200984
9.094202
10.054742
9.325178
10.960454
10.254263
9.306451
9.042319
9.749988
9.163746
9.326876
9.596772
9.569676
9.657735
10.043021
9.706505
10.147880
8.927318
9.227062
9.758887
8.665386
9.067744
8.088317
7.841870
8.118038
7.181651
8.107372
7.438027
6.090324
6.701891
5.949954
5.884925
5.508155
4.891711
5.132011
5.843762
5.372541
4.382999
4.150417
5.011150
4.770692
3.439623
2.762766
3.668846
3.563582
1.725799
1.544382
0.979704
0.901545
0.419715
0.620461
0.239156
-0.080481
0.548239
-0.870813
-1.317284
-0.676732
-0.462028
-1.876682
-2.864163
-1.679453
-2.667638
-3.179706
-3.035411
-2.417297
-3.719802
-4.581841
-4.905872
-4.384821
-4.879042
-5.688905
-6.323020
-6.446078
-5.948265
-6.681274
-7.237097
-6.191247
-6.882984
-7.408335
-7.824202
-8.277758
-8.163798
-7.267274
-7.208901
-8.821001
-8.481735
-7.816755
-9.455412
-8.747785
-9.303473
-9.212124
-9.010111
-9.155609
-9.425837
-10.595824
-9.659035
-10.306168
-8.883796
-9.544073
-10.098310
-10.075714
-10.907979
-9.161428
-10.035292
-10.115984
-9.101500
-10.052966
-8.979429
-9.136695
-10.242785
-9.573361
-10.498019
-10.320925
-10.222973
-9.399067
-9.612684
-8.682283
-8.323279
-8.299731
-8.979218
-9.179355
-8.341964
-7.952524
-8.055587
-7.919183
-7.594003
-7.478876
-6.780065
-7.161620
-6.989166
-7.063861
-6.722304
-5.255398
-6.863590
-6.376802
-4.594668
-5.981336
-4.275816
-5.406798
-4.352418
-3.852923
-4.181434
-3.917665
-2.526118
-2.609579
-3.076726
-2.979777
-2.510137
-1.604659
-1.084349
-0.805175
-0.144322
0.035683
-0.097864
