0.431127
0.415014
1.590237
1.796619
2.326095
1.080500
2.238681
1.805081
1.813522
2.354093
3.413833
4.131579
3.215920
3.634686
3.621900
4.137922
5.785984
5.655508
6.458294
5.623803
5.706191
5.425019
6.849031
7.025037
7.094079
7.850862
7.739461
8.607993
7.513569
8.058773
8.680504
7.877777
9.168963
8.198060
9.299050
8.732537
8.690130
8.463673
9.438145
9.703103
10.028055
10.049081
10.233588
9.279566
9.126155
10.679638
8.983748
10.726783
10.111588
9.885993
10.980638
9.334369
10.600566
10.705089
9.680067
9.723255
10.192647
8.925460
9.456360
9.233843
9.430403
8.890089
9.493419
9.938858
9.163119
8.735151
8.945578
7.893322
8.597117
8.092842
7.014348
8.679263
6.776264
7.937266
6.870051
6.136728
6.878690
5.823798
6.442042
5.787546
4.713663
4.743930
4.174983
5.418593
3.563929
4.693927
3.390366
3.761554
2.852847
3.242881
3.313741
1.548159
2.543701
1.558620
0.677250
1.677831
1.259301
0.336846
0.249132
0.125741
0.216188
-0.855413
-1.218635
-0.343021
-1.694121
-2.358723
-2.119278
-1.812774
-2.116163
-3.308684
-4.089636
-3.276911
-4.536630
-4.829688
-5.507300
-5.668155
-4.186672
-5.362270
-6.369294
-5.771396
-6.915047
-6.385123
-7.243657
-7.311855
-6.450222
-7.888859
-6.806791
-8.547008
-8.831193
-8.626448
-8.095506
-8.045892
-7.813697
-9.605507
-8.225799
-9.871551
-8.442548
-8.718349
-9.577327
-9.454489
-9.951817
-9.642579
-10.159352
-9.612737
-10.057946
-9.752245
-10.391998
-10.097918
-9.791968
-9.867469
-10.601518
-10.407379
-9.427795
-8.929347
-9.631095
-9.387229
-9.735318
-9.270650
-9.677990
-9.710852
-9.002808
-10.099787
-8.304932
-9.619937
-9.802386
-8.385168
-9.334447
-8.105365
-9.254653
-8.357051
-8.267676
-7.970703
-6.650731
-7.333473
-6.090086
-6.283185
-7.447835
-7.209071
-5.666102
-5.457996
-5.645797
-6.027160
-5.277830
-5.394651
-5.377290
-4.670897
-3.573703
-2.934801
-2.772386
-2.282602
-1.884082
-3.179746
-2.351547
-1.414046
-1.981399
-1.592778
-0.213403
0.177296
-1.095248
0.589950
