1.290983
1.429976
1.245623
0.971251
0.991924
2.621269
1.763512
3.283324
2.663612
3.810337
2.601552
3.121729
3.005870
4.434727
5.480692
5.370283
5.112556
4.549074
5.612996
6.721520
6.882566
7.116247
5.671737
6.731910
6.889423
6.729904
6.944733
6.871203
8.339867
7.196610
7.549273
8.086752
8.836790
9.267170
9.730343
8.209646
8.738345
9.720601
9.712834
9.341514
10.315384
9.766652
9.854342
9.676269
9.057816
10.227507
9.421521
10.096905
9.652622
9.994302
10.184228
10.864067
9.535367
10.292189
10.251425
10.455651
9.796868
9.430073
9.689064
9.855720
10.044028
8.396969
8.401242
8.290021
9.703921
7.782958
8.824743
8.604976
7.672176
8.149520
7.099465
7.966841
8.030741
7.392403
7.217127
7.240874
6.515822
6.630441
6.708461
5.030539
5.960679
4.723191
4.105010
5.308352
5.350909
4.075972
3.585347
2.775654
3.985520
3.796107
3.064488
1.678489
1.853540
1.747797
1.895087
0.600016
0.458240
1.000773
-0.078849
0.230612
-0.544190
-0.201544
-1.287189
-1.450087
-1.839984
-1.683468
-2.536883
-2.399013
-1.855693
-2.480758
-2.533235
-4.439777
-4.495079
-4.913438
-3.883883
-4.523692
-5.401729
-6.069663
-4.888948
-5.049501
-5.299061
-7.131390
-6.438776
-6.095588
-7.279936
-6.430493
-6.593499
-6.814943
-8.090413
-8.181795
-8.614602
-8.712429
-9.349988
-9.020945
-9.253208
-8.312763
-9.079454
-9.934764
-10.141202
-9.482249
-9.341532
-9.574914
-9.069043
-8.931882
-10.515714
-9.845244
-10.398362
-10.155768
-9.655958
-10.209808
-9.419765
-9.991453
-9.427833
-10.488332
-10.142871
-9.416387
-10.677170
-8.944419
-9.459564
-9.411960
-9.139280
-9.519073
-9.856898
-8.515446
-8.587819
-9.047649
-7.735584
-8.934977
-7.762630
-8.629809
-7.507825
-7.233099
-7.556058
-6.349152
-6.401315
-6.928001
-7.161294
-6.019617
-6.004708
-5.474804
-5.898395
-5.567665
-4.950672
-4.337680
-4.199812
-5.023483
-3.127550
-3.749309
-3.529059
-3.204646
-2.029681
-3.297503
-2.910623
-1.279985
-0.665628
-1.676465
-1.015706
-1.227662
-0.577637
-0.966013
