0.856893
-0.152155
1.665006
1.181816
1.891769
2.371378
1.589281
3.196866
2.300886
2.519837
4.286334
3.750299
4.693853
5.025684
3.602941
5.323659
4.465618
6.102360
6.455629
6.720579
6.068298
6.141727
7.303901
6.068882
7.025344
6.596232
7.190704
7.920621
7.243090
8.708232
7.482569
8.137410
8.994425
8.634773
8.228802
8.815690
9.290373
9.937837
8.921772
9.514998
10.471927
9.636447
10.676723
10.176098
9.832940
9.191271
10.716094
9.460588
9.729152
10.203871
9.493780
8.982286
10.096841
9.005495
10.109358
9.105162
9.889445
10.520091
9.218975
8.993098
8.994747
8.580632
8.781727
8.733437
8.546101
9.366714
8.522992
8.870958
8.207262
8.623220
7.969538
7.932375
6.897801
8.230708
7.716351
7.687181
5.714356
6.097028
5.659185
6.220144
5.538925
6.150599
5.570148
4.048301
3.851852
4.791426
3.736688
3.901076
4.165000
4.024157
3.362436
2.609439
1.889355
1.419032
2.412595
1.176936
1.462794
1.316358
0.473988
0.563698
0.281618
0.044201
-1.064975
-0.416309
-1.746082
-1.500942
-1.492987
-2.175040
-2.221047
-3.650010
-3.609143
-3.219365
-4.549482
-4.082023
-4.063485
-4.627403
-5.293215
-4.998073
-6.582160
-5.670927
-5.708638
-6.771789
-7.072276
-6.786586
-6.359747
-7.113345
-7.990490
-8.206313
-7.521734
-8.827669
-7.960611
-9.339453
-8.707412
-8.609873
-8.057583
-9.150409
-9.541953
-8.319850
-9.382507
-10.459686
-9.541925
-10.023711
-9.496953
-9.764968
-9.406538
-10.596421
-9.458777
-9.684075
-10.830705
-10.551565
-10.639587
-9.241929
-10.841394
-10.350782
-10.524664
-9.326842
-9.491859
-10.247248
-9.446691
-9.559672
-9.375657
-10.278740
-8.898158
-9.062060
-8.370716
-8.201713
-9.433315
-8.885855
-7.655729
-7.312897
-6.984601
-6.763893
-6.819262
-6.672146
-6.433695
-6.635805
-6.785771
-6.734248
-5.620406
-6.568378
-4.791126
-4.906475
-5.280979
-5.701150
-4.781956
-3.586478
-3.501950
-3.828529
-3.220906
-3.610096
-3.354875
-3.194316
-2.415356
-1.253309
-2.329243
-1.245205
-0.201867
-0.496906
-1.083834
0.071494
