0.456920
0.712154
0.695310
1.045531
1.637932
2.363171
2.662433
2.235907
2.949225
2.880179
3.687509
4.214061
4.066961
5.244406
3.544114
4.724529
5.192060
5.349078
5.078170
5.616384
6.273855
5.793682
5.974120
6.908888
7.533383
6.415929
6.541150
7.489271
7.187141
8.774177
8.528770
9.097381
8.313657
8.699008
8.065722
8.083842
9.393542
10.113656
8.627933
9.781941
9.170606
10.592399
9.747776
9.102186
10.753330
9.395871
10.791489
9.454733
10.554969
10.282979
9.397476
9.272836
9.328534
9.235824
9.215784
10.624450
9.615081
8.974636
8.618752
8.722689
8.918381
9.990981
10.153216
9.135725
8.371708
7.932044
8.938648
7.651065
8.081917
7.768779
7.953560
7.247164
7.306652
6.874615
7.936217
6.074658
6.244217
5.452303
6.695583
6.157804
5.619335
4.917487
4.913541
3.977551
4.425037
3.828767
3.855066
2.998283
2.571204
2.414072
2.961334
2.772507
1.854978
1.706470
2.336363
2.234259
0.505886
-0.021008
-0.602985
-0.644387
-0.283987
-1.431702
-1.695071
-1.748949
-0.598636
-2.698994
-2.409461
-2.360593
-2.598165
-2.646684
-3.568244
-2.733412
-4.836306
-4.908494
-4.122653
-5.443900
-5.718168
-4.476728
-5.502796
-5.387272
-5.289488
-5.893586
-6.722986
-6.479716
-7.872081
-6.559240
-7.735510
-7.451557
-7.135184
-7.560393
-7.419948
-9.189241
-9.316964
-8.800550
-8.920559
-8.919817
-8.578857
-10.050455
-10.353643
-9.351054
-10.209711
-9.193747
-10.089312
-9.855892
-9.025597
-10.202923
-10.948965
-9.924863
-10.089739
-10.325953
-10.202774
-9.449800
-10.427280
-9.118422
-9.691501
-10.577603
-8.949866
-8.737489
-9.452114
-9.711661
-8.625218
-9.695078
-8.177804
-8.315204
-9.604577
-8.713742
-8.574335
-7.785464
-9.231055
-7.446319
-7.482258
-8.272388
-8.371398
-7.838657
-7.314098
-5.945119
-6.500558
-6.443317
-6.777455
-6.680908
-5.020738
-5.810486
-6.042295
-4.122609
-5.200389
-4.755972
-3.431918
-3.287011
-4.104741
-2.192367
-2.583076
-2.870512
-2.632733
-2.193866
-2.087993
-1.047250
-0.785129
-0.371216
-0.834202
0.566037
