0.171929
0.005234
1.647068
0.816824
0.897047
2.311388
2.028492
3.351616
2.962364
3.394591
4.019876
3.825488
4.945972
4.949440
4.145881
4.126714
5.262108
4.933531
6.040498
6.186778
5.495957
7.245822
6.437107
7.733036
7.988377
7.124556
7.533017
7.710038
7.867639
8.827458
8.340273
8.865303
8.536539
9.350340
9.896239
8.529179
9.561237
10.065772
9.797156
9.398873
9.038563
9.740398
10.207136
10.799878
9.034682
9.464842
10.413106
9.790592
9.803956
9.240322
10.324959
10.083574
10.467493
10.205525
9.372635
8.876455
9.162132
9.687127
9.411824
10.292916
10.241762
9.366926
9.331892
8.812659
7.924740
7.981032
8.432278
9.361830
8.657161
7.994905
8.886839
8.618921
8.099995
7.091176
6.478849
7.368457
6.838243
6.983983
5.197255
6.603437
5.798381
4.534200
5.253899
4.426998
4.785717
4.442209
3.396204
4.471494
3.127346
2.819093
3.422334
3.349657
2.312695
1.439462
1.311930
2.194076
1.294539
-0.169809
0.145548
-0.036396
0.019299
-0.673652
-1.817407
-1.499133
-1.036490
-1.087152
-2.556132
-2.570149
-3.654858
-3.267281
-2.437675
-3.713848
-3.265983
-3.416595
-4.442318
-4.314925
-4.420809
-5.184206
-6.567296
-4.936671
-7.032345
-6.521084
-6.300476
-6.040791
-6.112192
-8.155762
-7.235176
-7.819639
-7.254041
-7.767041
-8.664343
-8.754832
-7.807536
-7.923687
-9.856196
-9.123957
-8.564886
-9.604731
-9.555035
-10.283300
-10.328297
-10.681075
-9.320542
-9.956481
-9.529712
-9.597362
-10.742121
-9.502263
-9.527241
-10.526422
-10.823921
-10.224247
-10.691131
-10.499521
-10.131243
-9.778790
-9.842009
-9.285425
-8.802962
-9.586162
-8.693831
-10.072976
-9.741928
-8.650601
-8.324468
-9.193834
-8.526476
-8.372695
-7.681887
-8.570570
-7.581420
-6.804789
-8.021272
-7.686673
-6.348000
-7.366224
-7.229560
-6.177629
-5.651228
-6.106769
-4.887338
-5.870420
-4.557077
-5.037725
-4.859709
-3.440713
-3.252995
-3.090389
-2.723657
-3.565307
-3.110769
-2.494304
-2.685832
-1.140735
-1.480633
-1.672208
-1.880899
-0.164753
0.526223
0.795074
