0.440988
1.093153
0.734049
1.007465
2.548658
2.814415
2.082038
3.324650
3.428123
2.484938
3.661035
4.133386
3.894839
5.241725
5.007792
5.153070
6.087404
6.210543
6.086905
6.700058
5.501360
6.665406
6.620974
6.366763
8.012626
7.884147
8.144507
7.955948
7.902746
7.510921
9.135674
8.996635
8.443097
8.505021
9.704392
9.422375
10.110037
8.781433
8.816181
10.029315
10.153556
9.822061
9.085108
9.432656
9.019205
10.084173
9.764390
9.546927
9.517886
10.809028
9.691879
9.371590
9.796119
10.258658
10.257775
9.707180
10.240571
9.262419
10.186138
9.671391
9.926922
9.949474
9.789191
8.053191
9.729049
9.416722
8.353684
8.427484
7.342189
8.098772
8.388161
6.778390
7.915811
6.625803
7.443817
6.192846
5.975459
7.132761
5.970082
5.260415
5.763392
6.356287
4.132649
4.401313
4.614718
5.230483
4.559293
4.587751
4.291756
2.828583
3.266383
3.001785
2.235581
1.509473
1.603035
1.156398
1.405227
-0.027034
0.652752
0.579600
0.343868
0.275652
-1.391823
-0.636767
-1.157305
-2.478512
-1.199980
-2.845441
-2.298341
-3.549151
-3.630526
-4.552234
-3.628787
-4.674483
-5.124230
-4.443877
-4.750176
-4.423119
-4.827767
-6.078087
-6.778153
-6.959978
-5.727167
-6.577753
-6.324989
-7.150120
-7.101325
-8.494702
-7.153868
-7.217078
-8.156805
-7.544888
-8.564478
-9.536816
-8.573877
-9.299634
-9.087224
-8.344481
-8.494975
-8.694177
-9.943516
-10.301970
-9.459393
-9.583811
-10.353758
-8.935038
-9.196862
-10.163626
-10.448232
-9.566168
-10.569488
-10.919607
-9.919996
-10.491704
-9.305297
-9.112194
-9.832666
-9.684669
-8.770034
-10.066190
-8.711260
-9.918950
-9.276460
-9.316415
-9.058316
-8.753256
-8.517938
-8.636146
-7.801756
-7.189066
-8.689458
-8.174225
-6.918400
-7.970593
-7.706122
-6.275546
-7.178348
-5.555611
-6.581136
-5.809241
-6.600019
-5.066256
-4.271060
-3.830568
-5.071120
-3.938865
-4.397994
-3.336946
-4.132773
-2.915424
-3.747220
-2.015915
-2.355988
-0.974419
-2.355967
-1.703464
-0.391265
0.188059
-0.973543
-0.740129
