0.605518
-0.190808
0.997145
1.580301
1.208334
1.614339
2.571989
2.832384
3.188522
2.788613
4.288751
3.465874
4.226422
5.032998
4.527077
4.188923
4.205124
5.439111
6.107090
6.253212
7.102510
7.254996
6.971792
6.023185
7.774471
7.323377
7.393396
8.351137
7.411753
8.402917
8.408120
9.136247
8.761816
8.360246
8.098987
8.492656
9.016737
8.652845
9.253685
9.401200
8.985965
10.282350
9.479014
10.098054
9.524595
8.933944
10.333685
9.359806
9.441458
10.910880
10.287432
10.009336
9.728634
10.046465
9.044588
10.753330
10.564513
9.070169
9.351977
9.441819
10.043931
9.187958
9.011791
9.709547
8.433861
8.331301
8.629696
9.203327
8.751823
7.240958
7.223605
6.811705
7.599053
8.118120
7.806878
7.816534
7.156882
7.268863
7.082314
6.765998
4.795876
6.093707
5.070888
4.181476
3.929236
4.440500
4.466746
3.863739
4.344091
3.317817
3.357302
1.951857
1.470248
1.436527
0.872071
0.524998
0.844005
1.423960
1.258064
-0.887977
-0.326647
-1.316474
-0.987515
-2.112974
-2.488733
-0.900171
-3.120598
-1.966141
-2.082709
-2.641070
-4.375011
-4.237527
-3.401674
-5.183764
-3.576350
-5.110559
-5.789120
-5.407566
-5.746528
-5.163900
-6.039431
-7.351117
-5.679989
-7.306236
-8.001169
-6.493195
-7.577832
-8.598770
-7.189686
-8.429818
-8.033803
-8.258655
-8.993367
-8.960883
-9.551404
-9.330288
-8.608762
-8.393327
-10.388359
-10.154524
-9.777680
-9.831759
-9.312166
-10.578263
-9.681976
-9.789752
-9.324580
-10.929744
-10.596658
-10.175653
-9.892932
-10.925916
-10.435376
-9.435126
-9.185545
-8.927906
-10.272129
-10.664788
-10.259591
-10.138108
-9.931528
-10.273952
-8.283843
-9.127332
-9.689247
-9.280908
-7.995758
-9.315784
-8.489712
-7.907667
-7.396810
-7.636867
-6.969248
-7.697726
-7.805271
-6.612648
-7.582072
-6.382190
-6.341608
-5.999659
-5.547725
-4.712414
-6.082356
-4.856977
-3.873703
-5.183211
-4.955152
-3.678562
-2.953748
-2.358303
-2.739872
-1.772634
-2.001794
-1.268683
-0.826685
-2.174378
-0.301050
-1.476202
-1.107614
0.351578
