0.506935
0.112136
1.927580
1.348259
1.785389
1.737997
2.500680
2.124059
2.906004
3.050527
3.073830
3.434314
4.501389
4.277837
5.457533
5.462899
4.775533
6.305309
5.038160
6.286074
6.949723
5.437922
6.631912
5.975474
7.191474
7.476941
7.092199
7.970635
7.781800
7.772880
8.010987
9.190537
8.067168
9.734244
8.524053
8.246286
8.224897
9.281048
10.010195
9.192307
10.366486
9.592706
10.207223
9.244032
9.934765
10.395013
9.603919
10.350511
10.384868
9.721990
10.614650
10.440202
9.038168
10.228907
10.685685
9.821882
10.492129
9.018045
9.704774
9.740936
9.849487
9.411504
9.540315
8.314541
8.897822
9.634485
7.716263
7.602235
8.775782
8.627423
8.507714
8.572360
7.874511
7.483526
6.181492
5.876225
6.294344
6.594358
6.793729
5.966440
5.681406
6.187533
5.316053
5.278491
5.163986
3.410752
3.949906
4.150546
3.550233
3.213295
2.459607
1.935751
2.880784
2.460970
1.192220
0.421684
0.529488
1.338444
0.052187
-0.822113
0.222640
-1.555141
-0.262963
-1.701310
-1.448083
-2.227383
-2.758315
-1.632389
-1.854138
-2.858019
-3.072017
-3.591949
-4.124082
-4.369369
-4.191479
-4.065598
-4.287980
-5.983787
-5.610254
-5.957688
-6.745576
-7.040203
-7.408598
-7.540812
-7.696145
-7.256577
-6.993588
-7.005022
-7.411703
-8.571542
-8.100491
-7.677058
-8.448764
-8.476890
-9.013718
-8.806876
-9.900229
-8.535636
-8.925957
-9.596630
-9.787092
-9.929763
-10.607577
-10.605469
-9.567307
-9.457439
-9.618396
-10.901260
-10.912791
-9.300195
-9.586602
-10.831489
-9.219841
-10.381011
-9.988671
-9.676938
-9.615899
-9.193154
-10.212260
-9.787448
-9.282047
-10.020010
-9.507605
-8.405864
-8.403759
-8.288449
-8.474481
-8.422742
-7.921222
-8.091043
-7.100808
-8.045390
-7.663836
-7.752743
-7.177048
-6.617549
-5.955547
-7.128401
-6.513088
-6.092037
-5.760594
-5.003337
-5.592880
-3.911211
-3.588342
-3.447502
-4.124160
-3.235932
-2.470310
-3.391013
-2.283293
-2.393388
-2.488765
-1.667363
-1.227478
-1.071391
-0.226313
-0.621490
-0.721082
-0.558168
