0.162887
-0.172294
1.497199
1.408106
1.945162
2.196363
2.956452
2.521062
2.562771
3.444764
3.824103
3.292397
3.816328
3.883159
4.228386
5.192067
4.843323
5.674390
6.355381
5.076959
6.960514
5.427027
7.603693
7.306872
7.571275
6.563486
7.722229
7.239837
8.238657
8.972061
7.360413
7.802081
9.339024
9.078702
9.064620
9.963366
8.270319
8.798922
8.484191
10.095890
9.897434
10.480512
9.335794
10.252474
10.129582
10.858497
9.755031
9.718595
10.106224
9.247775
9.573618
9.226855
10.898783
9.081556
9.515476
10.586863
10.578802
9.840164
8.880947
9.254321
10.271127
8.443557
9.216142
9.336699
9.323335
8.767474
7.662658
7.495453
8.808454
8.186995
7.571685
8.230069
7.075782
6.679615
6.931498
7.779704
6.563200
5.821530
6.055444
5.781436
6.341639
6.084410
5.571840
5.460829
3.564353
4.864414
4.861748
4.518566
4.118304
2.826052
2.744442
1.962852
3.153954
0.938387
2.255754
1.497554
1.014766
0.221444
-0.128175
-0.063651
0.402870
-0.283775
-1.016920
-0.316774
-2.124390
-1.486077
-2.207256
-2.950801
-1.917062
-2.380740
-4.027320
-4.216977
-3.596740
-5.139492
-4.593716
-4.658806
-5.713651
-5.643377
-6.112209
-6.110281
-6.053227
-6.703684
-6.866298
-7.307642
-6.725649
-8.261637
-7.477605
-7.092228
-7.315958
-8.096052
-7.329647
-8.455558
-9.330973
-9.475543
-8.453652
-9.940083
-8.707473
-9.690197
-8.527232
-8.653786
-8.906780
-9.316382
-9.503208
-10.761693
-9.105111
-9.522492
-10.050340
-9.331376
-9.912524
-9.242820
-9.626328
-9.226198
-9.511868
-9.463779
-10.761022
-10.075641
-10.049909
-9.887341
-10.588283
-8.644331
-8.623518
-8.773831
-8.753651
-9.280032
-9.070721
-7.979068
-9.597282
-9.385946
-7.746170
-8.140410
-6.992388
-8.510062
-6.568923
-6.869131
-7.794229
-6.939314
-6.945873
-6.875154
-6.407909
-5.190234
-6.200046
-6.144486
-6.057612
-4.592473
-3.802219
-4.258210
-4.381469
-4.296472
-4.254187
-3.199123
-2.341178
-1.733230
-2.509376
-1.321396
-2.236845
-2.245896
-1.478643
-0.948778
-0.708443
0.580033
