0.623762
0.658448
0.765644
1.446117
1.274058
2.040789
1.422659
3.108878
2.318328
3.445642
3.647318
4.141842
4.798918
3.825728
4.727133
5.610000
4.311768
5.930853
5.666490
6.336085
6.220184
6.391851
6.295927
6.482754
7.128807
7.326642
7.444877
8.161299
8.284975
7.398118
8.246931
9.099627
8.091657
8.322428
9.814215
8.129684
10.169738
9.447374
8.988067
10.184803
8.604093
8.802787
10.184911
9.786976
8.903945
9.462732
9.546159
9.308620
10.034708
9.066684
9.110194
9.172175
9.104031
9.531308
10.532969
10.586850
9.727636
8.826261
10.407948
9.765466
8.839517
8.945440
8.886824
8.172862
8.411276
8.784062
7.782733
8.102154
8.012221
8.810145
8.771584
7.537926
7.817780
7.315666
6.971745
6.461622
6.560914
7.013112
6.728010
5.826263
6.152119
5.933412
5.358397
4.366456
4.509418
4.170108
3.374731
3.072191
4.084956
2.601598
2.349346
1.493537
2.758751
2.000487
2.020234
1.137064
1.052071
0.643206
0.659169
0.229589
-0.450212
-0.148090
-1.044841
-1.440831
-1.197570
-2.013439
-2.842075
-2.312697
-2.645883
-2.142720
-2.432928
-3.623192
-4.752116
-4.944541
-4.778286
-4.597397
-4.448032
-4.524114
-5.821577
-5.516728
-6.065549
-6.130133
-5.938701
-6.824781
-7.309736
-8.184204
-8.421854
-7.287606
-8.440698
-7.300620
-8.927939
-8.592048
-7.886462
-7.894566
-9.065893
-9.520881
-8.396916
-9.364510
-8.423182
-9.870711
-9.345085
-10.027941
-9.665430
-9.357165
-9.012638
-9.823761
-9.519415
-10.525763
-9.169887
-9.990485
-9.167637
-9.963541
-9.110714
-9.661444
-9.749853
-9.659184
-10.734302
-9.236937
-8.621799
-9.120819
-10.221551
-8.999219
-8.930280
-9.361732
-8.172260
-9.606090
-8.856944
-9.079857
-7.967527
-7.885137
-8.364316
-7.792269
-7.966107
-6.994260
-7.947073
-7.229551
-7.303014
-5.625289
-5.738658
-4.953090
-6.451925
-5.259451
-5.081874
-5.010933
-3.866102
-3.994429
-3.948410
-4.207163
-3.549903
-2.412778
-2.153747
-3.446858
-1.769360
-2.762645
-2.234762
-1.975429
-0.316820
0.280528
0.123870
0.067176
