0.491212
1.558310
1.272514
0.277626
1.435470
2.700905
2.131400
2.549431
2.159979
3.278945
4.183146
4.321332
4.527488
3.593557
4.212963
3.896353
4.545978
5.552697
4.985435
6.478905
5.319992
6.906258
6.176348
6.250675
7.707886
6.407086
8.054064
8.245507
7.607855
8.006774
8.675852
8.807351
9.431155
8.871633
8.911479
8.669172
9.582480
10.140408
9.740216
9.344668
10.027629
9.346980
9.799678
10.364805
10.244373
9.861558
10.228068
9.979414
10.304645
9.288019
9.908322
9.231476
10.462364
10.505275
9.332881
8.851521
10.302805
9.646187
9.075723
10.294416
8.651741
8.893821
9.407775
9.558210
9.206214
8.538550
8.121367
8.998359
7.682423
8.495941
8.066801
8.179532
7.780605
6.838370
7.836906
7.097267
5.811880
6.922791
6.628884
5.402390
5.956902
4.955746
4.457952
4.367666
3.869540
4.566088
3.746664
3.626853
3.576753
3.771581
3.777969
3.007811
2.176954
2.669875
1.293364
1.021816
1.788512
-0.098216
-0.283106
0.731732
-0.591919
-1.203492
-0.213120
-1.940574
-0.614729
-2.074029
-1.547905
-2.913993
-2.436884
-2.718224
-3.347856
-3.362639
-4.698025
-3.797183
-3.561383
-4.412290
-5.970524
-5.722900
-5.616559
-5.254446
-5.249904
-6.512791
-7.020606
-7.080080
-7.201481
-6.991741
-7.167605
-7.995127
-7.413733
-8.750079
-8.585185
-8.523715
-8.783008
-8.223782
-8.145744
-8.771638
-9.536573
-9.987975
-9.185765
-8.932386
-9.530540
-9.831903
-9.069550
-9.260390
-9.702557
-9.438621
-9.147403
-10.028864
-10.342590
-9.111485
-10.515265
-10.068954
-10.948016
-10.194566
-9.731018
-9.933369
-10.726965
-10.378198
-10.369366
-9.919173
-8.456138
-9.091693
-8.461921
-9.925320
-9.449555
-9.642036
-7.633093
-7.577327
-8.513221
-8.232837
-7.871406
-7.032727
-6.785676
-7.623359
-7.111585
-7.537688
-6.390047
-6.333028
-5.303232
-5.451953
-6.525067
-5.019216
-4.798552
-4.193422
-4.430412
-4.177791
-4.761192
-3.682392
-4.056790
-2.361526
-3.449432
-2.295605
-2.509262
-2.416601
-1.823432
-0.998772
-1.080992
0.083250
-0.151069
-0.306983
