-0.099413
1.101645
1.496999
2.104611
1.670008
1.414119
2.666203
2.219674
3.743561
3.581276
4.341677
4.298323
4.164329
4.729982
3.886160
4.594675
5.434390
4.635492
6.613883
6.489423
6.669728
6.699234
6.942217
6.724653
6.709466
7.765587
7.749888
7.452433
7.155606
8.717994
7.752425
9.297807
8.143356
8.942998
8.730893
8.933381
10.055943
10.049127
8.466391
8.962489
9.281939
9.830316
9.483674
9.463261
9.341015
9.937159
9.136306
10.078274
10.865677
9.515284
9.854071
9.670682
9.565865
9.721895
10.601930
9.711127
10.222578
9.420693
10.439192
10.234460
8.849854
8.934777
8.358689
8.316899
8.133579
9.423124
7.840534
8.777476
8.791766
7.759388
7.700510
6.950915
8.397190
6.725887
6.130498
7.473982
5.760505
6.186409
5.419783
6.017487
6.383022
5.813918
4.990622
4.100507
3.995767
3.591876
3.353823
2.828963
3.637102
2.956956
1.813961
2.711732
1.501707
1.207280
0.781782
0.467688
1.591308
-0.085095
0.342965
-0.531117
0.198316
-0.197826
-1.466919
-1.051906
-1.566389
-1.056740
-2.009714
-2.454287
-3.598495
-2.449329
-3.291986
-3.590629
-3.389405
-3.404012
-5.173608
-5.066940
-4.948417
-4.412299
-4.945305
-6.256092
-6.515978
-6.326334
-5.766854
-6.714631
-6.525271
-7.168771
-7.760764
-8.013541
-7.330253
-8.563969
-9.139089
-9.200099
-8.025462
-9.049514
-9.301292
-9.958760
-10.157603
-10.019255
-8.789306
-8.819541
-10.068960
-9.348433
-10.756331
-9.405786
-10.053992
-8.933246
-10.557407
-9.828892
-9.082426
-10.722470
-9.052445
-9.293205
-10.328981
-9.718781
-9.422133
-9.279544
-10.622231
-9.073457
-9.616690
-10.248687
-8.871885
-8.642308
-8.372027
-8.542873
-9.328862
-9.749562
-8.478726
-8.596437
-8.421109
-8.931528
-8.178120
-8.276806
-8.196711
-7.143928
-6.745825
-6.517365
-7.603877
-5.402261
-6.735796
-5.183429
-5.088458
-5.128078
-5.206895
-4.298426
-5.526772
-4.121566
-4.934444
-3.880792
-2.891203
-3.302133
-3.445775
-3.333591
-2.132110
-1.870575
-0.796017
-1.277823
-0.986689
-0.945798
0.346102
-0.044692
