0.089666
1.368235
0.719863
0.457275
1.030660
1.732846
2.691056
1.586220
1.807555
4.034122
3.521787
4.436428
4.427319
3.530528
4.382642
4.482373
4.297296
5.624092
5.336899
5.715311
7.052501
6.020064
6.803569
7.621834
6.519395
7.309710
8.083969
8.054134
7.514009
7.490989
8.327546
7.738058
8.210381
9.649759
8.859783
9.547161
8.553055
9.599436
8.917119
10.353807
9.978166
9.852645
9.648620
10.499510
9.119906
9.158814
10.188145
10.743848
10.764215
9.981004
10.546676
9.125036
10.423385
9.222013
9.001624
10.002276
10.058686
9.349395
10.275285
9.681559
9.189472
9.196447
9.990462
8.249952
9.737516
8.045822
9.146991
9.253387
8.409097
7.301999
8.472762
7.550955
7.237066
7.207825
6.622925
6.873394
5.969262
6.115633
6.980914
6.587099
5.636028
5.826138
4.851960
5.223465
3.868109
3.388335
3.291381
4.173109
2.614660
3.335376
1.828526
2.742350
1.283945
1.271614
1.818215
2.080305
0.902248
1.451636
0.259433
-0.180450
-0.936781
0.271702
-0.990870
-1.273796
-1.405528
-2.433327
-2.585490
-2.965038
-3.140414
-2.118402
-3.024307
-3.798507
-4.629893
-3.515178
-4.085132
-4.100937
-5.303864
-4.691648
-6.395523
-6.475946
-5.734709
-6.481140
-7.019422
-6.640803
-7.940540
-8.134774
-8.201370
-8.447984
-8.041883
-7.687651
-8.959263
-9.179116
-8.986775
-8.621218
-8.631802
-8.870045
-10.112696
-8.992997
-8.689056
-10.356372
-9.541528
-9.149797
-9.263036
-10.071094
-9.457924
-9.030317
-10.143275
-9.336532
-9.184978
-9.515053
-9.662393
-9.370813
-9.441215
-9.102537
-9.177576
-9.907487
-10.502326
-9.726310
-10.535495
-9.418152
-9.496212
-8.820153
-8.243612
-8.515024
-8.975427
-8.659550
-8.457676
-7.894877
-8.468694
-8.057089
-7.782416
-8.403651
-7.168943
-7.252602
-7.046234
-6.209625
-5.950355
-5.511941
-7.123622
-6.736400
-4.688906
-5.018643
-4.105198
-4.365297
-4.537683
-3.804694
-3.114832
-3.930531
-4.335033
-3.815617
-2.638606
-1.552849
-2.349364
-2.501439
-2.047497
-1.044120
-1.675069
-0.081093
-1.103442
-0.451713
