0.964511
-0.190514
0.353840
1.839812
1.927808
1.813794
2.976970
2.303959
3.107008
4.007009
2.991020
4.130957
4.475283
3.629054
4.676665
3.939762
5.456977
5.695720
4.889233
6.664046
5.468399
6.462460
5.682347
7.474599
7.261273
7.101287
7.789181
7.437819
8.901491
8.502260
7.664409
9.102426
8.212397
8.809102
9.159794
8.057773
9.728287
8.722556
8.816765
10.100169
9.142738
10.347414
10.753690
9.613625
10.676169
9.982834
9.120121
9.817366
9.032874
10.803043
9.744983
9.003954
9.957920
9.807914
10.581771
9.824598
8.983559
10.268634
10.472591
10.222341
8.718821
8.460366
9.434071
8.242184
7.976931
8.410287
8.897522
8.611831
8.615160
8.675548
7.661939
6.863719
7.369494
7.860634
6.680831
7.313535
5.813513
5.719774
6.979302
6.454698
6.178486
6.112880
5.909856
5.678309
4.347916
3.836092
4.508898
4.569006
2.946173
2.832431
2.336340
2.433977
3.102521
1.077327
1.645634
0.868394
0.244385
0.473150
-0.037469
0.112814
-0.945227
-1.198099
-0.810560
-0.436038
-1.164545
-1.102889
-1.695043
-2.597536
-3.552705
-2.211631
-3.194475
-4.019220
-4.385476
-4.249630
-3.850343
-3.926208
-4.393792
-5.270232
-5.579155
-5.825417
-5.878905
-6.816622
-6.569345
-7.184988
-7.520878
-7.543864
-6.528467
-7.198425
-8.009570
-7.398614
-8.267957
-8.339536
-8.121903
-9.218230
-9.137367
-8.541050
-9.190604
-8.967406
-8.605067
-9.841983
-10.011796
-9.449629
-10.394209
-10.398578
-9.264178
-10.703710
-9.600995
-10.590498
-10.251486
-9.920564
-10.492789
-9.541968
-10.313291
-10.845870
-9.253161
-10.732252
-10.164119
-10.077997
-9.530167
-10.270167
-8.818274
-9.292663
-9.721576
-8.385706
-9.683179
-7.764417
-8.090816
-8.406359
-8.317556
-8.545154
-6.975225
-8.066239
-7.595206
-7.223250
-6.504308
-7.020801
-5.793527
-7.132938
-5.384137
-5.575076
-5.757842
-6.083942
-6.053579
-5.086059
-5.505287
-4.314906
-4.708160
-2.991540
-2.472566
-3.697909
-2.314427
-3.375723
-2.152445
-2.636243
-1.279041
-1.928014
-1.817739
-0.510898
-1.025352
-0.263436
