1.144202
0.965839
0.463947
0.465471
2.303788
1.526718
3.112301
2.366686
1.902583
3.507800
3.487279
3.397409
4.740982
4.313137
3.871056
5.521857
4.988557
5.346217
5.087411
5.185121
6.064379
7.059272
7.360783
6.671301
6.093157
8.078573
6.856327
7.304888
7.952743
9.076478
7.719249
8.859589
8.369144
9.120965
9.509632
8.459519
8.374503
9.556153
9.629235
10.266568
9.612336
9.061272
9.690505
9.020703
10.411704
10.628440
9.290167
10.376641
9.454296
10.950430
10.105011
9.545113
10.016190
10.386769
9.378933
8.984222
9.643798
9.858451
10.243665
10.108711
10.186954
8.324424
9.501538
9.916034
8.368627
8.947257
8.269250
8.586168
7.452116
9.054851
7.444898
8.214253
8.380770
7.682055
7.694367
6.054180
5.666012
6.408998
6.091228
6.614538
6.452574
4.760969
4.780460
4.704802
3.847834
3.943807
4.517729
2.747613
4.176050
3.727880
2.195827
2.620560
1.698311
2.578291
2.216514
1.707332
1.778936
1.404344
-0.296054
-0.735989
-0.149538
0.088812
-1.094366
-0.686963
-0.587525
-1.529822
-2.317342
-2.186915
-3.497705
-3.179334
-2.439432
-4.105812
-4.947771
-5.090104
-5.505596
-4.596687
-5.625349
-5.401153
-5.363184
-5.340004
-5.766648
-6.673351
-6.583309
-7.163221
-7.807853
-7.038094
-8.177388
-8.310011
-8.547047
-7.727228
-9.037378
-8.111417
-9.218696
-9.580983
-8.160113
-8.066334
-8.591181
-9.122436
-8.770181
-8.641120
-9.783163
-8.895282
-10.495244
-9.024270
-10.222056
-10.351038
-9.396793
-9.271849
-9.765587
-10.580191
-9.069732
-10.881791
-9.841389
-9.821124
-10.856234
-10.488945
-9.973849
-9.435141
-9.322606
-9.736110
-9.732897
-8.656187
-10.021713
-9.556858
-9.575857
-9.471790
-9.193660
-9.155353
-9.134002
-7.320980
-7.896327
-7.289921
-8.082033
-7.949691
-6.944842
-7.435629
-6.125787
-6.994557
-5.458327
-5.947833
-5.458102
-6.204475
-5.793140
-5.333374
-5.076927
-3.554585
-3.167832
-2.759073
-3.240789
-3.451334
-2.020550
-2.957764
-3.081170
-0.979462
-0.971242
-1.478429
-1.440867
-1.599981
-0.549593
0.684847
