-0.478349
0.193360
0.644244
1.449514
1.014563
2.245942
2.239188
1.777516
3.061227
3.661183
3.322157
4.100128
3.614291
4.559261
4.154291
4.492263
4.669136
5.599165
4.993132
6.670679
5.135948
6.220651
5.948639
6.939465
6.565121
6.825200
6.565851
7.901036
7.224560
8.581840
8.834378
8.437662
8.138738
8.579435
8.222334
8.282806
8.698691
9.067376
8.520027
10.480657
9.011876
9.300939
10.722085
9.424120
10.397072
10.849889
10.757021
9.002082
10.422623
9.566444
10.745602
10.048448
9.499560
10.409890
9.714851
8.978311
9.688533
9.683041
10.021092
9.919536
10.216000
8.745275
9.205554
9.707997
8.786513
8.079195
9.596890
8.874771
9.067215
7.961175
8.854877
8.407296
8.387619
7.825906
7.193264
7.216737
6.449092
6.789037
6.710934
5.882002
6.125808
5.859023
5.839495
4.719560
5.349507
3.823022
4.129198
3.779150
4.235589
4.031510
2.481285
2.951396
2.740490
1.841827
1.422336
1.589877
0.731993
0.846142
-0.440330
0.889323
0.684587
0.299768
-0.806048
-2.019847
-0.862993
-1.913411
-1.407719
-1.685039
-3.575974
-2.968883
-3.339469
-3.368583
-4.614634
-4.536975
-4.743670
-4.474821
-4.409776
-5.132485
-5.315508
-6.226155
-6.159780
-6.215618
-6.812656
-7.332913
-6.907222
-7.756073
-6.870675
-7.716485
-7.261112
-7.386047
-9.246286
-7.698551
-7.881249
-9.650669
-8.363442
-8.743623
-8.255867
-8.504459
-9.243672
-10.090455
-10.555408
-9.365107
-8.832548
-9.076378
-10.226781
-10.565040
-9.974847
-10.956774
-10.492528
-10.222707
-10.252074
-10.675901
-9.155441
-9.688275
-9.359694
-10.735048
-10.426542
-9.315222
-9.474618
-9.651080
-10.208450
-8.945939
-9.813249
-8.767818
-9.402368
-8.979169
-8.321292
-9.399535
-8.456436
-7.825470
-7.378209
-8.601197
-8.351313
-6.500256
-7.160152
-5.925529
-7.276131
-6.957984
-6.810307
-5.195764
-5.374089
-5.027352
-6.069396
-4.360670
-5.531384
-3.643887
-4.050943
-3.094249
-3.629915
-3.540383
-2.310006
-3.477953
-1.262092
-2.250594
-0.819860
-1.195087
-1.138538
0.178830
-0.537380
-0.870594
