0.397089
0.055118
0.899572
2.102248
2.195622
2.170482
3.179284
3.243999
3.136286
3.461695
3.166378
3.626888
3.917950
3.408435
4.368989
4.311041
4.100406
4.528981
5.163392
5.408114
5.144951
6.912799
6.783788
6.681632
7.415151
7.447041
7.801843
7.366148
8.305080
8.663208
8.963731
8.499252
9.289592
9.720384
9.237445
8.647260
10.037106
9.059034
10.093471
8.922295
9.913071
10.652249
10.612547
10.578171
10.586487
9.766727
9.833908
9.948681
9.025401
10.753370
10.399947
9.418415
10.234301
10.695718
10.067662
10.620992
10.707944
9.173404
9.193858
10.429512
9.890842
10.046920
9.303152
10.027517
8.905264
8.893108
8.857426
7.770716
7.289221
7.318172
7.502529
6.778054
7.041549
6.519185
6.181983
6.733336
5.950279
6.272747
5.329282
6.020198
5.790857
5.535239
5.522635
4.027456
4.222603
4.314460
4.205918
3.166965
3.083603
3.023701
3.276406
2.178194
2.067730
2.008023
2.296757
2.224177
1.683092
0.722609
1.021474
-0.919749
-0.808025
0.282666
-1.335835
-0.610128
-1.433165
-2.740623
-2.452163
-2.263370
-3.532771
-3.569978
-3.114968
-3.467930
-4.636722
-4.151148
-4.436239
-4.697784
-4.720109
-5.796602
-5.002378
-6.685828
-6.903463
-6.890248
-6.596532
-6.214649
-6.618028
-7.067754
-8.463278
-8.072329
-7.892510
-8.283485
-8.346527
-8.235395
-9.158122
-8.731416
-8.032069
-8.620560
-9.367252
-8.394713
-8.876492
-9.563858
-9.511091
-10.334822
-10.478951
-9.269262
-9.426472
-9.060026
-9.157889
-9.375064
-10.944278
-10.359459
-9.070037
-10.018311
-8.973684
-10.851533
-9.433679
-10.696948
-9.260135
-9.811914
-9.883434
-9.603248
-9.406584
-8.557460
-9.881631
-9.232786
-9.168941
-8.682304
-9.495347
-9.305720
-8.076635
-7.621443
-8.706482
-6.761824
-6.501871
-7.478588
-7.087439
-6.566159
-6.938397
-6.812666
-5.894969
-6.030474
-6.105490
-5.093996
-5.908958
-4.136010
-5.487231
-3.904229
-4.746393
-4.079399
-3.778293
-3.165989
-2.290407
-2.328766
-2.113569
-1.864282
-0.845379
-1.559069
-1.051529
-0.275928
-0.997507
0.075416
