-0.544918
0.411423
0.783757
2.122970
1.430955
1.991867
2.104104
2.797240
2.541813
3.053542
3.248111
3.503547
4.698045
3.583420
5.120810
4.909348
4.259627
5.083633
4.889607
6.042495
5.527922
6.934392
7.360373
6.140520
6.166335
8.162549
7.822285
8.215097
8.892512
7.992548
8.205708
8.909434
7.698964
8.332190
9.241884
8.056726
9.442773
8.562770
8.811162
9.435705
9.308224
9.271199
9.172563
9.542059
8.945386
10.067881
9.393736
10.421693
10.783952
10.028281
10.581106
9.901937
9.754240
10.733384
9.031191
9.866543
9.368214
8.817922
9.556170
9.175210
9.709837
9.132482
9.303457
8.243803
7.911549
8.359493
9.306380
7.944044
8.916508
7.855366
8.259395
8.298241
7.214940
7.736077
6.711284
7.248029
7.412456
6.698571
7.088553
5.091706
5.229760
5.409993
5.607312
5.212517
3.812824
5.176941
3.340398
2.731193
3.492061
3.156237
2.039731
3.439606
1.703433
2.473692
2.215130
0.674508
0.134221
0.145692
-0.212852
0.603200
-0.393579
0.180387
-1.680543
-0.884660
-2.374399
-2.283005
-1.432348
-2.889424
-1.979524
-3.124536
-4.068879
-3.906665
-4.187193
-4.564471
-4.500792
-4.816824
-4.170622
-5.434076
-5.153891
-6.544113
-5.508620
-7.177418
-6.146271
-6.858984
-7.687132
-7.195278
-7.759968
-8.167005
-6.949472
-7.734237
-7.329536
-9.061169
-7.927612
-7.975672
-8.027387
-8.083577
-9.878475
-10.128124
-10.384771
-9.072692
-8.798313
-9.509583
-9.336222
-9.648116
-9.866092
-9.615149
-9.917701
-10.281184
-10.270842
-9.055037
-9.350418
-9.717843
-9.864583
-9.820800
-10.591452
-9.336371
-10.609846
-10.055979
-9.156734
-10.343920
-10.069327
-8.871525
-8.779507
-8.795420
-9.393303
-8.145330
-8.479290
-7.464789
-8.205935
-8.634273
-7.594810
-7.660521
-7.737482
-6.520206
-6.420510
-6.830160
-6.989820
-6.636144
-6.939494
-5.905427
-5.979088
-4.486642
-4.100070
-4.361054
-5.194617
-3.981837
-3.353392
-3.972885
-4.244965
-3.813576
-2.220188
-2.079170
-1.325777
-2.391048
-0.685504
-0.348389
-1.366019
-0.134814
0.335394
-0.816336
