0.170459
0.410973
1.773439
1.556240
1.845202
2.200340
2.407043
3.187386
2.000457
3.086868
3.441103
4.642447
4.227562
3.965758
4.895874
4.404356
5.897421
6.189473
6.398647
5.131322
6.492923
7.183247
5.738708
7.811917
6.835027
6.518875
8.079722
6.759045
8.467620
8.475870
8.026198
9.224875
8.999959
8.701727
8.727645
9.434566
9.352371
10.288746
8.530895
8.938549
8.858510
10.315869
10.639204
10.730070
9.491533
9.649647
9.500257
10.259162
9.102933
10.494370
9.135485
9.339433
10.532002
9.578345
9.878581
10.795825
9.017415
9.627233
9.103790
8.844041
9.577333
8.440068
8.423607
8.856612
8.649056
8.176767
7.922246
9.172050
8.754925
8.457339
7.360458
7.571241
8.033778
8.070778
6.655759
7.056612
5.975637
7.150770
5.416764
6.064576
4.625083
4.887892
4.420977
4.336726
3.684889
4.319007
3.484922
2.737515
3.723639
3.556144
2.011213
3.439323
1.248796
1.460266
1.090100
1.142003
0.523609
-0.319368
0.005895
0.435304
0.503698
-1.192674
-0.806351
-1.770166
-1.277115
-1.935871
-1.412118
-2.900564
-3.705630
-3.180084
-2.428840
-4.059154
-4.506831
-4.620735
-3.909711
-4.690487
-5.519496
-6.227195
-5.862676
-5.136947
-5.518003
-6.457221
-7.606813
-7.466280
-6.688893
-7.541633
-7.398724
-7.709982
-7.243803
-8.719866
-8.860752
-8.605540
-9.059222
-8.330800
-8.936623
-9.819541
-8.963975
-8.936124
-8.625237
-9.408927
-9.802870
-9.677278
-10.519879
-9.236438
-9.828948
-9.369810
-10.299674
-9.664663
-9.119597
-10.062574
-9.129545
-10.761550
-10.591448
-10.629972
-9.019381
-9.557361
-9.553999
-8.927851
-10.576559
-9.468582
-9.893859
-8.574257
-9.795416
-9.202141
-8.985945
-8.414348
-8.324671
-9.368934
-9.148604
-7.791433
-8.027661
-8.376785
-6.654816
-8.066679
-6.222298
-7.410619
-5.979630
-7.209379
-7.028334
-6.781426
-6.343180
-6.030209
-4.915368
-4.798087
-4.766904
-5.169437
-4.524644
-3.051926
-2.839358
-2.432931
-3.081908
-2.537953
-2.574736
-0.906140
-1.351954
-1.675889
-0.392726
-1.275695
-1.289461
-0.364202
