-0.651735
1.064381
0.029517
2.227140
0.913856
0.967864
1.451394
2.284478
2.908233
2.130918
3.534840
3.549982
4.928068
5.082788
5.045207
4.519787
4.747630
5.928230
4.787190
6.278138
5.137993
7.158454
5.706586
6.605381
6.397806
7.725813
6.774402
7.929612
6.972557
7.249286
7.524302
9.190034
8.560511
9.250787
8.509942
9.923175
9.465764
8.400443
8.445520
8.961053
8.845164
9.040423
10.450664
10.497876
10.002376
10.750994
9.614344
9.269943
10.587200
9.510832
9.626951
9.154897
9.305276
10.054522
9.703017
9.616128
8.988808
8.991132
8.691873
9.507548
9.788949
9.620298
9.941848
9.477852
8.026972
8.943123
8.939924
8.988385
7.275153
7.259838
8.390255
8.081734
7.402135
7.591343
6.348928
7.542025
7.529430
6.538369
6.159487
5.929176
5.548933
6.308065
4.664163
5.086875
4.213506
3.766022
3.553790
2.859532
2.597698
2.795843
1.875534
3.415241
1.589425
2.565911
1.399371
0.626159
0.085729
-0.053299
0.437558
0.097313
-0.147202
-1.521501
-0.213355
-1.646822
-0.760220
-1.459863
-2.783846
-3.307441
-3.226671
-3.603769
-4.192852
-3.062921
-4.506701
-4.499854
-3.683886
-4.582809
-5.821561
-5.775662
-5.985284
-4.934859
-6.015209
-6.745832
-6.117015
-5.933686
-7.638169
-7.911031
-8.072146
-7.822828
-8.777080
-7.452375
-8.827717
-8.442206
-9.283876
-8.279758
-8.480137
-9.958829
-8.941137
-10.191115
-8.920301
-9.327247
-10.116760
-8.770878
-9.985583
-10.094265
-9.498530
-10.829798
-10.374959
-10.410248
-10.839677
-10.870194
-10.758810
-10.532391
-8.959450
-10.493121
-9.591375
-10.624997
-8.999607
-8.843153
-8.832979
-9.760077
-9.519045
-8.620592
-9.137387
-9.205626
-9.223222
-9.294716
-8.495191
-8.727152
-7.854573
-8.413371
-8.077846
-6.724750
-8.321222
-7.141883
-7.353651
-7.276488
-6.244143
-7.152749
-6.098414
-5.366610
-5.297756
-4.936519
-5.155370
-5.638719
-3.843056
-4.975347
-4.501850
-4.287788
-3.100537
-3.218366
-3.491859
-2.794645
-2.150826
-1.556993
-1.419555
-1.958084
-0.847191
-0.029295
-0.851221
-0.573701
