0.430831
1.538879
1.056357
0.273937
0.681703
1.652474
2.221944
1.772657
3.672334
3.887696
3.529547
3.212149
4.485290
5.146681
3.791786
4.898491
4.664890
5.196813
5.578785
5.915393
6.830182
6.096034
7.082933
6.511089
6.232574
6.490162
7.865886
8.098343
6.903733
8.481840
8.242616
8.599096
8.088695
8.163155
8.085522
8.339511
9.409489
8.429515
9.372293
9.445899
9.104318
10.430754
9.290027
10.164729
10.176757
9.616374
8.995756
9.338919
10.263675
9.078468
9.855635
10.604937
10.569787
9.685304
10.332118
9.401379
8.762935
10.005317
9.886483
10.427044
8.968093
8.441450
8.850328
8.535562
8.769984
7.771654
8.909161
7.870697
8.558000
7.930594
7.843817
7.779428
8.222264
8.125593
7.476784
6.553738
6.056077
6.789840
6.427999
4.933985
6.354953
4.535973
4.494248
5.350563
4.025205
4.124417
3.838422
3.749296
4.008396
2.844578
2.810027
1.666095
2.134518
0.939835
1.957517
1.705609
1.007606
0.617772
1.287746
0.299775
-0.674601
-0.466591
-1.505923
-1.081341
-0.637417
-1.191793
-1.324244
-3.073859
-3.434780
-2.144323
-4.247619
-4.046072
-3.028475
-3.622786
-4.462662
-3.874671
-5.044183
-4.942156
-6.220483
-5.949491
-6.506265
-5.645389
-7.154131
-6.554968
-8.010157
-6.904072
-7.339114
-7.604052
-8.799717
-7.359963
-8.824300
-9.217215
-9.161206
-9.641573
-8.739467
-8.701315
-9.452021
-9.956802
-8.793413
-10.107719
-10.451285
-9.601206
-8.980728
-8.954384
-10.039378
-9.148025
-9.875058
-10.199825
-9.524379
-10.308850
-9.220372
-9.958739
-10.276757
-9.895137
-9.069899
-9.222967
-9.855431
-10.683231
-9.769328
-10.283731
-9.734733
-9.747092
-9.246530
-8.112083
-9.730824
-9.198519
-7.952769
-8.554882
-8.623288
-7.739273
-8.355505
-6.935490
-7.606978
-6.798834
-6.700727
-7.406738
-6.196390
-6.121444
-5.955444
-5.484647
-6.543952
-5.024625
-5.049410
-4.697695
-4.334516
-4.843082
-4.525274
-4.666748
-3.232648
-3.052576
-1.930212
-2.193521
-1.342719
-2.570378
-1.118721
-0.275653
-0.646089
0.010359
-1.051392
-0.636296
