-0.034940
1.551622
0.668840
1.294009
1.342315
2.372821
1.722177
2.191551
3.501121
2.151897
4.059959
4.547039
4.801135
3.540440
3.809237
5.094934
4.535371
5.497447
5.120877
6.515001
7.112750
5.862361
7.159906
5.927833
6.447507
6.471430
7.406439
7.724826
8.266667
8.660304
8.353867
8.273764
8.542967
8.338663
9.225662
8.401620
8.516548
9.809676
10.367420
9.071007
9.923778
10.033217
9.572484
10.641378
10.867849
10.041066
10.046285
10.397968
10.238856
9.300847
10.910409
9.801089
9.552633
9.137856
10.391151
9.415544
9.888460
9.907668
8.641579
10.493502
9.245813
9.517137
8.371938
9.982606
8.924973
9.172251
7.835376
7.714749
8.112606
8.206889
8.884784
7.752833
7.529300
6.930487
7.433190
6.088885
6.179419
5.991051
6.752002
6.629596
5.065017
5.341591
5.497898
4.005021
4.396919
4.025747
4.890269
2.805641
3.579268
3.412015
3.239530
1.557143
1.758748
1.406024
1.628595
1.522511
1.719980
0.230263
-0.487956
0.333306
-0.813328
-0.862418
-1.427031
-0.485045
-1.279531
-1.082798
-1.309836
-3.371816
-2.365401
-3.517656
-4.096414
-4.176996
-4.963745
-4.119188
-5.336770
-5.765950
-5.081546
-4.825140
-4.867501
-5.737264
-6.323961
-7.110682
-7.278750
-6.406056
-7.498661
-7.288503
-7.268208
-8.329765
-8.547577
-8.302630
-7.716393
-8.533113
-9.113530
-8.838132
-9.452786
-8.251503
-9.536872
-10.026190
-8.887628
-10.379437
-8.813810
-9.414567
-8.984100
-9.709457
-9.151307
-9.700655
-9.267176
-10.482423
-9.108363
-10.580317
-10.217741
-9.907612
-9.111255
-9.953844
-9.721876
-9.614339
-9.418565
-9.505737
-10.144060
-8.591222
-8.980013
-8.824946
-8.663277
-9.264517
-9.605221
-8.260389
-8.593423
-9.084551
-7.519582
-7.363777
-8.543638
-7.554764
-6.739769
-8.139415
-7.233454
-6.615055
-5.866960
-6.483125
-6.863994
-6.733147
-6.223547
-5.035571
-5.474536
-5.094935
-3.738417
-4.816603
-4.483463
-4.054353
-3.978772
-3.091318
-2.714059
-3.469128
-1.927951
-0.911000
-1.224332
-1.226005
-1.795134
-1.547999
-0.153457
0.725059
