-0.158798
-0.351716
0.368248
2.175304
1.589627
2.613124
2.575635
2.950489
3.273464
3.957474
4.213577
4.014673
4.673210
3.365608
4.668880
4.579122
6.039325
5.015088
6.429395
6.734181
6.430072
5.757106
6.235188
6.614402
6.536115
7.069389
8.141855
7.852817
8.505426
8.524763
7.607587
9.105632
8.071211
9.653496
9.609250
8.107877
9.567893
8.901926
9.379713
9.201424
10.487099
8.952330
9.807849
10.361150
9.739139
9.685807
9.114140
9.630379
9.900796
10.418202
9.582377
10.108154
9.958982
9.622001
10.356114
9.379915
9.411919
10.592215
10.170011
10.220039
10.347451
10.051496
9.262611
9.773489
8.751158
8.486572
8.367463
8.488192
8.797459
8.310443
8.569134
8.076891
6.894710
7.234623
7.422121
6.779328
6.615513
6.969311
5.207852
6.805889
6.488746
5.934629
4.513541
5.495346
5.417255
4.744761
4.274353
2.960285
3.497135
2.719970
2.651370
2.574177
2.553414
2.633484
2.102022
1.246184
1.349253
-0.370595
-0.419444
-0.996886
0.369370
-1.517528
-1.733617
-1.477366
-1.793129
-0.953690
-1.565128
-2.433011
-2.829801
-3.678459
-2.408627
-2.911416
-3.536628
-4.565678
-3.750472
-5.573731
-5.976976
-4.856699
-5.537746
-6.694591
-6.973441
-6.018880
-6.574590
-6.812357
-6.318657
-6.966720
-8.224311
-8.539941
-8.020664
-8.023328
-7.872691
-7.813410
-8.124046
-9.654744
-7.992077
-9.127907
-9.312182
-8.976056
-8.888503
-9.602359
-9.062134
-8.895585
-9.759460
-9.204076
-9.843685
-10.684876
-9.623040
-10.927285
-9.447327
-10.049869
-10.031851
-9.279544
-10.130987
-10.175015
-10.422122
-8.861989
-9.034471
-9.502387
-8.641864
-9.649086
-9.503774
-9.829329
-8.950266
-9.913037
-8.416182
-7.820204
-7.809438
-7.966929
-9.264261
-7.620401
-8.744988
-7.467223
-7.852402
-7.653309
-7.327242
-6.511866
-6.237879
-7.300165
-5.721783
-5.199712
-5.328520
-5.809268
-4.658003
-4.818556
-5.251664
-5.188193
-3.276485
-4.195367
-4.236887
-3.965764
-2.713765
-2.489613
-3.151578
-0.980768
-0.572293
-0.678637
-0.732015
0.011730
-0.669621
-0.122483
