0.688216
-0.342419
1.746250
0.935050
2.387765
2.723842
2.260411
1.713055
3.409522
2.957825
2.390571
3.912508
3.717731
5.160427
4.076724
4.754403
5.686480
5.404907
5.335421
6.038184
5.218475
6.176744
6.186757
6.821939
6.828988
6.964765
7.598048
8.311369
8.295089
8.439888
8.378848
8.729529
8.870538
8.077032
9.292487
9.426138
9.189010
9.524847
8.980740
10.166547
8.831612
8.950518
9.856702
10.543597
9.820382
9.583237
10.180211
9.184427
9.239775
9.796710
9.774175
10.509672
9.098575
9.877780
10.457315
9.478989
9.524569
9.735106
10.528721
9.788219
9.031301
9.595767
9.357873
9.310209
8.428711
8.508337
9.245809
8.561356
8.653757
8.386869
7.678950
7.359534
7.883629
6.977579
7.721029
7.382369
5.632341
7.338377
5.941289
5.255999
4.670750
6.288552
4.964307
3.890215
4.819604
3.263636
4.201841
3.415732
2.866635
2.573928
3.681824
2.659798
2.014063
1.795591
0.794941
1.343870
1.321720
0.406221
0.603537
-0.526195
-0.507027
0.094807
-0.936930
-1.730865
-1.128193
-0.998561
-2.812306
-2.804384
-2.101810
-2.832364
-4.164863
-3.402929
-4.083619
-4.083871
-5.286269
-4.846237
-5.141394
-4.551783
-6.328354
-5.494468
-6.433129
-5.606794
-6.629033
-7.117318
-7.403215
-7.193241
-7.551545
-8.358231
-7.889936
-9.011448
-8.363711
-7.913160
-8.855883
-8.309986
-9.612782
-8.887736
-9.648355
-9.044448
-10.151261
-8.659274
-10.379627
-8.962472
-9.138109
-9.259591
-8.974960
-9.798757
-9.072161
-10.798745
-9.324477
-10.105915
-9.611083
-10.146593
-9.637349
-9.284985
-9.088495
-10.329992
-9.954257
-9.459767
-9.527789
-9.374894
-10.081961
-9.671610
-8.951714
-8.831750
-9.797077
-8.512280
-9.017146
-8.218978
-7.713650
-7.654965
-8.185079
-6.944012
-6.960553
-6.652873
-6.911637
-6.307252
-7.486572
-5.774225
-5.744487
-5.310182
-4.662055
-4.912452
-6.000100
-4.210129
-3.928017
-4.282611
-4.795602
-3.077404
-4.306965
-3.973326
-1.909426
-2.482613
-2.377590
-2.765762
-1.881575
-2.133369
-1.889059
0.315146
0.575686
0.166420
