-0.209544
0.839241
1.806505
1.735742
1.637790
2.420917
1.910377
2.755737
3.655509
3.951012
3.929139
3.933082
3.998610
4.999977
4.224953
5.463968
5.488070
5.728986
4.925893
6.761472
5.278282
6.438347
6.759907
7.117600
7.356745
8.227781
6.884921
6.795283
8.118526
8.964328
8.301489
7.940210
8.867005
7.865515
8.010725
8.568639
9.760390
10.051568
9.586889
10.191986
9.203006
10.110057
9.748330
10.360993
10.364924
9.837616
9.858802
10.817829
9.701024
10.347241
9.033417
9.655992
9.575821
10.517920
9.078352
9.419189
10.027026
10.435647
10.069217
9.564006
9.183712
9.635853
8.385155
8.980594
9.827249
8.108401
8.335542
8.314942
8.845228
7.466799
8.795181
8.629491
6.640435
7.327747
6.833731
6.777799
6.609824
5.869223
5.689757
6.484710
4.982546
5.470446
5.814089
4.567528
3.678537
4.100441
3.761807
3.485248
2.591960
2.574123
3.015905
3.157219
2.327706
1.421250
0.620155
0.935958
0.015308
1.619510
0.681073
0.057140
-0.408328
0.010767
-1.745276
-2.176770
-1.018114
-2.372425
-1.351767
-2.569632
-3.702771
-2.204541
-3.006451
-4.430217
-4.808594
-4.782764
-3.685545
-5.760376
-5.996690
-5.029259
-6.289079
-6.494857
-6.974128
-6.201650
-7.523887
-7.032736
-7.740016
-6.850368
-7.911039
-7.457998
-7.606578
-8.067531
-7.841523
-8.820871
-7.810233
-8.284009
-8.858959
-9.968515
-9.142161
-9.571660
-9.482065
-9.406963
-8.840744
-9.351493
-9.024013
-10.017561
-10.741390
-9.243889
-10.251357
-9.157800
-9.446928
-10.045233
-10.982700
-10.222265
-10.838564
-9.800307
-10.497547
-10.240570
-10.644844
-8.972835
-10.594140
-9.296162
-9.014842
-8.438216
-9.671263
-9.688312
-9.841937
-8.012101
-9.133190
-7.937917
-9.268418
-8.067516
-8.478670
-7.098605
-7.937229
-7.285293
-7.580096
-7.609644
-6.538399
-7.104187
-6.701289
-4.976275
-5.115869
-4.424572
-4.934974
-5.370583
-4.238291
-4.535387
-3.192097
-3.500289
-4.071840
-3.505781
-3.237270
-2.941987
-1.866583
-2.123095
-1.717294
-1.405712
-0.498801
-0.660984
-0.967012
0.527617
