-0.371450
-0.229648
-0.019946
1.514587
2.066665
0.958439
2.014857
1.605810
3.697066
2.193348
2.597494
2.945573
3.492722
4.881543
4.297431
5.433326
5.289427
5.261816
6.418133
5.025759
6.075126
6.905815
6.824009
7.429752
7.828212
7.286460
7.698066
7.957994
8.883351
7.988509
7.435221
7.913714
9.342532
8.510928
8.012602
8.084071
9.166129
9.302057
9.324080
9.309827
10.285501
10.043907
9.051675
9.653307
10.096144
10.701709
10.250678
9.034735
9.941204
9.786460
9.095990
10.832724
9.347563
9.031399
10.796045
9.482262
9.214612
9.796919
10.589989
8.931950
10.009128
9.442848
8.695481
9.754937
8.935388
8.802942
9.099586
8.865037
8.365736
8.194115
8.829909
7.493817
6.762858
7.177277
6.377617
6.250827
6.745550
7.187545
6.576900
6.081332
4.920113
5.240481
4.760289
4.373079
5.165527
4.675947
4.502657
3.155096
4.177352
3.497742
3.244635
2.155691
2.914574
1.659161
0.761434
2.136813
1.791971
0.809478
1.172680
-0.313258
-0.268800
-0.426491
-1.217335
-1.687393
-1.292143
-1.984878
-1.482032
-1.891327
-2.759341
-3.161625
-4.071741
-4.165457
-3.869532
-3.945802
-3.842512
-4.011688
-5.156700
-6.010642
-4.855577
-5.483708
-6.581638
-6.764481
-6.784825
-6.389496
-7.385233
-6.678328
-7.705875
-8.021939
-7.403043
-8.041917
-9.224369
-9.150424
-7.940239
-9.417062
-9.033974
-9.574501
-9.223383
-10.015840
-8.443022
-10.463169
-8.876104
-9.172622
-9.139023
-10.233736
-10.696253
-10.696623
-9.331088
-9.968611
-9.943833
-10.438035
-9.361720
-10.507105
-9.742346
-10.187670
-8.908769
-10.026063
-8.813789
-9.770798
-8.741114
-9.511543
-9.699758
-10.062350
-8.576885
-8.486044
-8.769209
-8.163976
-8.361214
-8.081782
-9.163798
-7.453842
-8.172266
-7.355346
-8.464073
-6.327864
-6.546933
-6.732912
-7.127176
-6.652049
-5.132379
-5.048878
-6.135718
-5.341290
-5.330129
-5.344966
-4.216363
-3.622083
-3.343655
-4.371476
-2.542226
-2.776317
-1.989863
-2.422285
-3.119545
-2.784473
-2.185671
-1.021061
-0.391220
0.290810
-0.060730
-0.249369
