-0.303397
-0.192976
1.117162
1.490144
2.396188
2.450497
2.397714
2.277117
2.586398
2.866655
2.491892
2.687840
4.723066
3.626821
4.907440
5.729656
5.700657
5.865882
5.232749
5.957957
5.140659
7.142979
6.557140
7.601697
6.488121
7.559996
7.742965
6.849293
8.849801
7.111903
8.851609
8.034307
8.857229
8.534392
8.040618
9.666650
8.789225
10.279938
8.884161
10.322343
9.623929
9.762073
9.666185
9.528206
10.806632
9.652446
9.096350
10.270813
9.555040
10.856682
10.824410
9.170425
10.155883
10.042307
10.388271
10.799635
8.844646
10.523787
8.935830
10.278698
9.071311
8.662447
8.466213
8.213561
9.187098
8.942304
8.367165
7.830149
7.282528
8.050063
7.505199
7.170772
7.439880
7.032305
6.599991
7.338936
5.879975
5.391807
5.974566
6.856802
4.902482
5.980102
4.412692
4.747172
4.070648
3.338433
4.454581
4.080846
4.134754
2.866200
3.562560
2.735839
2.881439
2.428920
1.478118
1.064403
1.901940
0.305095
1.312991
0.415843
0.211181
0.084103
-0.355737
-1.363135
-0.847988
-2.729272
-2.156348
-2.104674
-3.340394
-3.827957
-3.025025
-3.285029
-3.277241
-4.548514
-4.639711
-5.729574
-4.278795
-5.034939
-5.922883
-5.546267
-5.400717
-6.258422
-6.871835
-6.002893
-7.666000
-7.559264
-8.122809
-7.897679
-7.325229
-7.662768
-8.998015
-8.722997
-9.441635
-8.867667
-9.663026
-9.095533
-8.324303
-9.895119
-9.160359
-9.580187
-9.448842
-9.475090
-10.031085
-9.705519
-9.050095
-10.794990
-9.150774
-10.972448
-9.395376
-10.101355
-9.884880
-10.685254
-10.840153
-10.759120
-10.344414
-10.552688
-10.204541
-9.724244
-9.522770
-9.834247
-9.379793
-8.848325
-9.973189
-9.185019
-8.684478
-8.101463
-8.715299
-8.691931
-7.785401
-9.029215
-7.985992
-7.842189
-6.964897
-7.835577
-7.353459
-6.431164
-7.198740
-6.027391
-5.777451
-6.491249
-6.439748
-5.385348
-5.048954
-5.498178
-5.297286
-5.203916
-4.176100
-3.120198
-3.497838
-3.973738
-3.394952
-2.232781
-1.993922
-1.134824
-1.277043
-0.490172
-0.583870
-0.418049
-1.285677
-0.178180
