-0.457573
0.661467
1.140458
1.622250
2.310378
1.488515
2.317666
3.148369
2.738686
2.605302
3.936718
2.694636
3.315849
3.911205
3.864028
5.019942
4.852644
4.581723
5.459288
5.457135
6.051917
6.217199
7.593573
5.852084
7.295819
6.558128
6.571344
8.125183
8.379086
7.734955
7.445676
7.653042
8.282534
9.401323
9.557497
8.621286
8.270794
8.594503
8.701752
8.882599
9.536267
9.702321
10.158224
9.021693
10.866628
8.932344
9.718826
9.596894
9.742646
10.421540
9.686019
9.228225
9.259962
10.608918
8.890995
10.124996
9.525549
10.076885
8.817545
10.025904
8.952123
9.531988
10.049454
9.950205
8.330449
9.014978
8.899963
8.491982
8.845733
7.221669
7.409948
7.294648
7.994308
6.543428
6.645234
7.787398
7.265463
5.587744
6.580444
6.066234
5.929307
6.237618
4.682023
5.432065
4.121026
5.206579
3.466070
4.264753
3.434003
2.383654
1.913903
3.450026
3.116984
1.357762
1.145033
0.611371
0.613690
0.837339
0.881479
-0.660690
-0.514471
0.074625
-1.939015
-1.968972
-1.011336
-2.401431
-2.630362
-3.278150
-1.961100
-3.941445
-2.452967
-4.051225
-3.900374
-3.456059
-4.696908
-4.512942
-5.840965
-6.308236
-5.587161
-5.477142
-5.398627
-6.908594
-6.832134
-7.174999
-7.570024
-7.820323
-7.357025
-7.428949
-8.580272
-9.001196
-8.032579
-8.121531
-8.263057
-8.013217
-9.724830
-9.832566
-8.871820
-10.247513
-8.492823
-8.963326
-10.494610
-9.685753
-8.979504
-9.222386
-10.438857
-10.717629
-9.890036
-9.663046
-9.460236
-9.930751
-10.052526
-10.115320
-10.924610
-9.042697
-10.508653
-10.401237
-10.739250
-8.753582
-10.283685
-9.859179
-8.871326
-9.336048
-8.184264
-8.479684
-9.187023
-8.701050
-9.361573
-7.819242
-9.199592
-7.995001
-8.854575
-7.778971
-7.481572
-7.134983
-6.582956
-7.297478
-6.181979
-5.605742
-6.222829
-6.613034
-4.744284
-5.587775
-5.362063
-4.335393
-4.047931
-4.103892
-4.234521
-3.331475
-4.291772
-2.763702
-2.855110
-1.795965
-1.645172
-2.225180
-1.384750
-0.896556
-1.633501
-0.251034
-1.164322
-0.812387
