0.402964
0.101201
0.366889
0.426151
0.980542
1.183601
1.345950
3.116936
3.299472
2.250121
4.333706
4.489123
3.373170
3.485943
4.559063
4.864880
4.242455
5.973779
6.195719
5.150087
6.470023
6.034628
7.041886
6.061957
6.457950
6.504050
7.246249
7.773986
8.156937
8.062882
8.698795
8.071530
9.052053
8.639072
9.839120
9.749667
8.978106
9.150679
8.850327
9.140959
9.523470
9.883850
10.084597
10.400931
10.409271
10.098159
9.805783
9.836021
10.156972
9.550958
9.547963
10.085224
9.527481
9.490588
9.576868
9.720983
9.945192
9.481599
9.329548
9.266669
10.121461
9.684232
8.294089
9.088880
9.504012
9.237121
8.565875
7.724645
8.710499
7.460251
7.275649
7.082375
6.624171
8.076293
6.844169
6.300523
7.220637
5.461349
6.978022
5.925373
6.614367
5.206549
5.529737
3.874044
5.504176
4.252169
3.970902
4.590768
3.801192
4.027293
3.295333
2.492211
2.337317
1.607241
1.641983
1.336929
0.227666
-0.227703
1.222454
0.977325
-0.828237
-0.675745
-1.002373
-0.412779
-0.962193
-2.849012
-1.256288
-1.584020
-2.101500
-3.079818
-3.877786
-2.683248
-3.415418
-3.610766
-3.903761
-5.308413
-5.766107
-4.472849
-5.656052
-6.116759
-5.595576
-7.226650
-6.904182
-6.146298
-7.864823
-7.601276
-7.691204
-8.704462
-7.380119
-8.607841
-8.008153
-8.426589
-7.664756
-8.207641
-8.378693
-9.459591
-9.762179
-9.610727
-10.334259
-8.695670
-10.461256
-9.181715
-10.638903
-10.224411
-10.361826
-9.111197
-9.821563
-9.531956
-9.665835
-10.960656
-9.999845
-9.216053
-9.320355
-9.089411
-10.162270
-10.085641
-8.952871
-8.922893
-10.466649
-9.895437
-10.008711
-9.826722
-9.665872
-9.213883
-7.956251
-8.682786
-8.400360
-8.928504
-8.183944
-8.211957
-7.405095
-7.293173
-7.450872
-7.684178
-6.281365
-7.090221
-7.250265
-5.459860
-5.778353
-6.183368
-6.305293
-5.714508
-4.168824
-4.934840
-4.397493
-4.472467
-3.228574
-3.771795
-3.123243
-3.349107
-3.492730
-2.998754
-1.624993
-2.505670
-1.009237
-2.173046
-0.617966
0.104145
-0.873794
0.879889
