0.888753
0.352927
1.124335
0.525540
2.442961
1.834398
1.458371
2.934954
3.639830
2.551161
3.951897
3.792577
3.909106
3.268249
4.255238
4.348023
5.355783
5.491382
5.407428
5.685400
5.396906
6.491262
6.106079
5.971952
8.039538
7.506525
7.986319
7.540930
7.014777
7.457975
8.220741
8.452140
8.473601
8.418275
9.290462
9.483302
8.625856
8.679484
9.382174
8.886612
10.235575
10.384107
10.737681
9.679405
10.075933
9.091244
9.377911
9.114364
9.615060
9.096980
10.187120
10.888186
9.728558
9.609024
10.596981
9.286731
9.666202
9.807294
9.571688
8.636561
8.754720
8.718165
8.396062
10.001749
8.206350
9.412975
9.550237
7.960160
7.292190
8.187833
8.725714
8.178532
6.593654
6.847588
7.311023
6.002833
6.907643
6.430139
5.946382
5.110281
5.904961
4.541254
5.952035
3.986435
4.074556
4.377812
3.966495
2.953464
3.941494
3.121948
2.594519
3.355096
2.452504
2.560824
0.931440
0.573336
0.612634
1.122456
-0.307180
0.136564
-1.073289
-0.522656
-0.761784
-2.014326
-1.860136
-1.972528
-3.011939
-2.524118
-3.314310
-2.383010
-2.677789
-3.155994
-3.015465
-3.299937
-4.762310
-4.232316
-5.756653
-6.257379
-4.902654
-5.934504
-6.282079
-7.021490
-6.519348
-6.038315
-7.729119
-7.154612
-6.638300
-8.545017
-7.427871
-7.545318
-8.543858
-8.949404
-8.257139
-8.972314
-7.933861
-9.758865
-8.975851
-8.338174
-9.960150
-9.015573
-10.578667
-9.071376
-9.265845
-10.368040
-10.164934
-9.279427
-10.720611
-10.473174
-9.941134
-10.810802
-10.743883
-9.927030
-10.160043
-8.956334
-10.222726
-9.480246
-9.227499
-9.175232
-9.729995
-10.441043
-9.296153
-8.975726
-9.969303
-8.356110
-8.226348
-9.119356
-8.909775
-8.516393
-7.523303
-8.516480
-7.730989
-6.901638
-8.135669
-7.526736
-6.436961
-7.650964
-7.289798
-6.275510
-6.014242
-6.834733
-5.706319
-5.566057
-4.884025
-5.387887
-3.918952
-3.650630
-3.332053
-3.583745
-2.634569
-3.996177
-1.938826
-3.110246
-1.710799
-1.718310
-1.271837
-1.598439
-1.086281
0.089648
0.089402
0.577003
