-0.468457
1.348857
0.996127
1.948837
1.607749
1.023199
3.025904
1.602440
2.713995
3.009824
3.324082
4.500097
3.844773
5.061241
5.065611
4.312195
4.975659
5.238169
5.468504
6.327873
5.799747
7.369631
6.430587
7.130113
6.145599
7.562612
7.868657
7.486337
7.976035
7.232768
8.847571
7.630064
8.199760
8.952027
9.633016
8.541329
9.264448
8.858378
10.083842
9.110982
8.976966
10.011186
9.715021
10.229780
9.602166
9.149978
10.225477
10.974119
9.125346
9.056271
10.169850
9.300602
10.850802
9.303561
9.560962
10.183861
10.475076
9.902596
10.285341
8.606258
10.343706
9.904243
10.118770
9.910088
8.561980
8.106535
7.748529
7.774457
8.074060
7.951945
8.056062
7.941295
7.401834
7.547826
6.869862
6.548140
5.692411
5.896498
7.092874
5.870096
5.265217
5.739340
4.379003
5.039653
4.078605
5.244763
4.822899
3.213723
3.719398
2.142390
3.424714
1.680676
1.842977
1.457110
1.896383
1.870553
1.232105
0.977853
0.952242
-0.571414
-0.527768
-1.495422
-1.315207
-0.359854
-2.561543
-1.268745
-1.841899
-1.538616
-1.898118
-3.351012
-3.641296
-3.427021
-4.312158
-4.155091
-3.975004
-5.221597
-4.266577
-6.293516
-6.431119
-6.385769
-6.422892
-5.539035
-6.034452
-6.284497
-6.205529
-6.654536
-7.351486
-7.010294
-8.275128
-8.690307
-7.820112
-7.647669
-7.751706
-8.736868
-8.756110
-9.550173
-8.315802
-10.177132
-9.535989
-9.723522
-8.903551
-9.474716
-9.576567
-10.656795
-10.689909
-10.516838
-10.525268
-10.566144
-10.184086
-10.506157
-9.617098
-10.575030
-10.446452
-10.498820
-10.809422
-10.352566
-9.880885
-9.425435
-8.737737
-9.339317
-9.263356
-9.572135
-9.490106
-9.370993
-8.939845
-8.192789
-8.539564
-7.445778
-8.577150
-8.016819
-7.136389
-7.836313
-8.365061
-6.689704
-7.049658
-7.049998
-6.356839
-5.508846
-6.258226
-6.130986
-5.928165
-5.850790
-5.777979
-5.590015
-3.583493
-3.906481
-3.179217
-3.126913
-3.002416
-2.498878
-3.491125
-2.279452
-1.520779
-2.136196
-1.803078
-1.132289
-1.523887
-1.009686
0.147917
-0.139287
