-0.426810
0.306794
1.177305
1.672476
2.367964
1.918905
1.610759
1.533721
2.490126
3.393072
3.542142
3.705264
4.344900
3.305690
4.173400
3.862964
5.586595
6.064478
6.056093
6.603515
5.141354
6.653789
6.873697
7.663109
6.411864
6.715659
7.540739
8.367330
7.325955
7.476621
7.626430
8.045659
9.328781
8.655017
8.765263
9.326686
9.146562
9.271660
9.441590
9.939924
10.524694
9.295523
9.055120
8.977233
10.769813
10.195686
10.029362
10.171968
9.688486
9.536398
10.436861
10.769164
10.524397
10.749057
9.094768
9.979732
10.616173
8.931811
9.928326
9.272497
9.793514
9.073128
10.088420
9.562326
8.232187
7.797404
8.159488
7.702616
9.099522
7.675974
7.588878
8.671376
8.428190
7.107930
6.538276
7.048259
6.594562
6.691679
6.459340
5.322122
6.440202
5.448688
5.968325
4.482659
3.940685
4.119905
4.695183
3.685157
3.417442
3.724815
2.488091
2.516338
1.625372
2.375837
1.875959
2.200517
1.458449
0.006471
0.086967
-0.872393
-1.169419
0.015382
-1.169169
-2.019925
-2.148313
-1.811829
-1.579661
-3.233648
-3.283095
-3.222729
-2.942400
-4.265190
-3.300592
-5.196266
-4.983677
-4.467861
-5.235890
-4.899677
-6.291922
-5.603130
-7.049254
-5.828459
-5.772451
-5.946462
-7.496868
-6.476206
-7.264253
-6.916970
-7.798195
-8.753031
-9.116344
-8.751547
-9.196379
-8.578370
-8.761510
-9.543203
-8.939925
-8.338047
-9.238995
-8.848382
-9.163368
-9.421168
-9.851578
-9.659558
-10.763996
-10.553544
-9.511039
-9.763754
-10.942594
-9.763677
-10.702464
-9.915892
-9.734343
-9.074581
-8.904521
-10.119806
-9.329742
-10.246746
-8.919349
-10.099596
-10.370524
-8.484888
-9.240767
-9.211013
-8.515931
-8.242284
-8.462777
-9.099503
-8.139779
-8.897330
-8.549041
-7.340429
-7.514043
-6.953729
-6.222621
-7.517647
-6.372132
-7.226943
-5.907908
-6.528588
-5.641974
-4.520193
-4.235804
-4.774370
-5.089291
-4.358142
-4.516983
-3.598527
-3.148315
-2.286530
-2.368548
-2.762752
-2.571414
-2.501312
-2.312482
-1.456741
-0.072622
-0.246222
0.303160
-0.505103
