1.014395
0.440491
1.544646
2.098246
1.533287
1.325578
2.909530
2.799433
2.360122
2.850718
2.518662
2.749912
3.784926
3.368547
3.871652
3.981922
5.683310
5.413233
6.544058
6.360666
6.463211
6.251218
6.321944
6.686979
7.678552
6.385353
8.253647
7.037203
8.794375
8.042131
7.323439
8.159341
9.402035
7.978032
9.573565
9.229981
8.982661
9.189469
9.390971
9.939154
9.875757
9.610487
10.081121
10.816677
9.353972
10.242677
9.393239
10.130261
10.152829
9.575173
10.273017
10.540445
10.031886
9.917698
10.125330
9.783754
10.597381
8.899520
8.849124
10.430361
10.250876
9.312029
9.574298
8.739128
8.332129
9.179590
7.717173
8.047227
8.645374
7.769527
7.735735
7.842067
8.053340
6.630547
7.086878
6.547707
6.253956
6.964227
6.565501
6.019499
6.179695
5.131208
5.761610
4.890685
3.876061
4.238224
4.962716
4.094139
3.250962
2.312437
3.777190
3.174736
2.453275
1.079218
0.954033
1.980548
0.082656
0.410939
0.170792
-0.318657
0.499435
0.017438
-1.149735
-2.123956
-1.384120
-1.375565
-1.768822
-2.208346
-2.023385
-2.741838
-3.059174
-3.287334
-3.835245
-5.220048
-4.535276
-4.503396
-5.021724
-6.103386
-5.088831
-6.016199
-6.339153
-6.224845
-6.963039
-6.642484
-7.502858
-7.168739
-8.465345
-7.963118
-8.415631
-8.582671
-8.126920
-9.423959
-9.388447
-8.034140
-9.721737
-8.687987
-9.889538
-8.837675
-9.287745
-10.029634
-8.996018
-10.247816
-9.206257
-9.213414
-9.517684
-9.864065
-9.728149
-10.771648
-10.173955
-10.873216
-9.164467
-9.853819
-9.859058
-9.454502
-10.835565
-9.159090
-9.706802
-9.253964
-9.236270
-8.766245
-9.949634
-8.414961
-10.121353
-9.134993
-9.738982
-8.067653
-8.649792
-9.372985
-9.125194
-7.821347
-6.908163
-6.859302
-8.227153
-7.452582
-6.709150
-7.368077
-7.144573
-6.431011
-7.014573
-6.176905
-6.113588
-6.132696
-6.020594
-5.285513
-4.594687
-4.603385
-4.388600
-3.855256
-3.443990
-3.296137
-1.950044
-2.304826
-1.479717
-2.180294
-2.513945
-1.564009
-0.390086
-1.068322
-0.544228
-0.581721
