-0.348875
0.480254
0.068495
1.217844
2.128254
1.846765
2.765590
2.538717
2.015938
3.042309
2.574205
4.666835
4.766782
3.904802
5.127569
4.266773
5.288881
5.879893
6.420679
6.453877
5.408837
6.146311
6.159692
6.424051
6.562144
6.611113
8.098979
7.864155
7.023600
8.130300
7.607582
8.298633
7.765338
9.175116
9.199192
9.750075
9.424485
9.576392
9.777353
9.818954
8.753054
8.914768
10.592845
9.223277
10.719605
10.642589
9.441840
10.409377
9.805379
9.191859
10.547249
10.818077
9.907664
10.748349
10.010395
10.010836
10.578104
8.877482
10.063340
9.500405
9.974526
10.026455
10.097809
9.471754
9.059703
9.330777
8.943316
8.956977
7.814357
7.124003
7.145553
7.305996
8.334950
7.447806
6.144922
6.323704
6.929798
5.853988
6.120990
5.284086
4.673351
4.579160
5.892969
4.143778
3.900789
4.995056
4.518097
3.224754
3.280840
2.871651
1.914926
1.810155
2.099157
2.602889
1.474261
0.673599
0.515413
0.053365
0.008536
0.612568
-1.187295
-0.191245
-0.053584
-1.256370
-1.609935
-2.778084
-2.294818
-3.003542
-3.781742
-3.498497
-3.803715
-4.168920
-4.776828
-4.106744
-5.024546
-5.221276
-4.292082
-5.213409
-6.616210
-5.810883
-6.723852
-6.987726
-6.842360
-7.193471
-7.023735
-8.016414
-7.213232
-7.220080
-7.776295
-8.897890
-8.761936
-8.476401
-8.964211
-8.023387
-9.656362
-8.301811
-8.321411
-10.151325
-9.131883
-9.862538
-9.314974
-8.729302
-9.464630
-9.253355
-9.912479
-10.526197
-9.715488
-10.559823
-9.419358
-10.843997
-9.848774
-9.446054
-10.085449
-9.556225
-9.911017
-10.379123
-9.422003
-9.903345
-10.492507
-10.355290
-10.365811
-9.324965
-9.861642
-9.914510
-9.758554
-9.675587
-9.583352
-9.054244
-8.020711
-7.472966
-7.403786
-8.383625
-8.076712
-6.662197
-7.048611
-7.795343
-7.086559
-5.804429
-5.213523
-5.670897
-5.579041
-5.814348
-5.105310
-3.875782
-3.683039
-3.669079
-3.724489
-4.514488
-3.057097
-2.778926
-3.191567
-2.026770
-2.595733
-1.781157
-0.967970
-1.353915
-1.185844
-0.910812
0.173932
-0.272320
