-0.094443
-0.056081
0.840816
0.852485
1.329540
2.771563
2.850565
1.559024
3.038683
2.225194
3.532407
3.545510
3.341234
3.605257
3.959667
5.129917
4.116193
4.666731
5.200412
6.786594
6.591427
5.911091
7.338283
7.698382
7.089682
6.574620
8.221906
7.197648
7.896607
7.845352
7.793091
8.123327
8.078840
8.059106
8.342153
9.182450
9.720383
9.608695
9.872311
9.101382
10.163215
9.488815
8.866237
9.712702
9.241577
10.906199
9.153538
10.194248
9.571743
10.542264
9.377227
9.185294
9.590821
9.903778
9.517956
9.688576
9.519012
9.574228
9.032678
9.310098
10.012842
8.340403
8.411957
9.730879
9.762678
8.251853
8.472521
8.456036
7.520442
7.945994
8.742430
7.371412
6.657740
7.291326
7.447147
6.971381
6.438734
5.488043
5.552839
6.058091
5.763554
4.423253
6.011346
4.997941
3.630913
3.529829
3.832743
3.050819
3.091887
2.721017
2.370054
3.038722
2.051337
2.131797
1.188988
0.699277
0.540552
1.056797
-0.583424
-0.247662
-0.251214
-0.615696
-1.078282
-1.361473
-2.505026
-2.544016
-3.112666
-2.377962
-2.633772
-3.505295
-2.816911
-4.608718
-3.880142
-4.372882
-3.897748
-3.971707
-5.732771
-4.825420
-5.151403
-5.063135
-5.607136
-6.879533
-6.529230
-7.030244
-7.533238
-8.287447
-7.584122
-6.934226
-8.095517
-9.013795
-8.486779
-8.855236
-8.009327
-8.000300
-9.383281
-8.314137
-8.653312
-9.243826
-8.985073
-9.071351
-8.821474
-8.858258
-9.831027
-9.211902
-9.851087
-10.592282
-9.705280
-10.660015
-9.436886
-9.090856
-9.430570
-9.448061
-10.953607
-10.884700
-8.927473
-9.428551
-8.849202
-10.610229
-9.653110
-9.316708
-8.795394
-9.586987
-10.098374
-8.079179
-7.913302
-8.642348
-8.878020
-7.862073
-8.599688
-7.216148
-8.047494
-7.624174
-7.510840
-6.487598
-7.162794
-6.074561
-6.761175
-7.045680
-5.934506
-5.612646
-5.667724
-5.344841
-4.110317
-4.907024
-3.887642
-3.587566
-4.385667
-3.032511
-4.244582
-3.194557
-3.602397
-2.402617
-2.176271
-1.870122
-1.782608
-1.008333
-0.201901
-0.946260
0.496813
-0.967490
