-0.597747
0.460381
0.224680
2.004355
2.154462
2.458539
1.760251
3.299762
3.558396
3.925055
3.532719
3.550578
3.234837
3.349472
5.009682
5.040461
5.136130
5.498910
5.296896
5.639925
6.402522
6.542367
6.941530
5.930948
7.714431
8.027533
6.874064
8.246339
7.192133
8.448526
8.716368
8.616444
7.886059
7.953814
8.249696
8.350003
8.387120
9.359079
10.100376
9.440706
10.087961
9.188329
10.306933
10.037950
8.991287
10.453759
10.638405
9.066553
10.683229
9.174521
9.758668
10.013009
9.326908
9.052125
9.225087
9.089214
10.605558
9.340671
9.394743
8.802734
8.645208
10.111073
9.662919
9.685093
8.076796
9.384810
8.626037
8.505282
7.398960
7.182332
8.523466
8.443199
7.369286
6.633967
7.907147
6.507739
6.888780
5.532574
6.914667
4.947955
5.392756
6.231839
5.612477
5.776454
4.801224
3.988770
4.863244
2.862946
2.732744
3.449789
2.226414
1.775143
1.768697
2.201451
1.137713
0.907796
1.526180
1.291701
-0.010236
-0.899752
-1.142336
0.136276
-0.884600
-2.083888
-1.544254
-2.636624
-1.612705
-3.182051
-3.156562
-2.190365
-4.081383
-3.122222
-4.674404
-4.845854
-4.221482
-5.529293
-4.659172
-5.012327
-6.600518
-4.965534
-7.121753
-5.957483
-6.473280
-6.183295
-7.667548
-7.633243
-7.409325
-7.520737
-8.299521
-8.263564
-7.275927
-8.729363
-8.150885
-9.248448
-9.589924
-8.918633
-9.342518
-8.811376
-9.906613
-10.149868
-10.339108
-9.740666
-10.687521
-10.750031
-10.645883
-10.370343
-10.268241
-10.522201
-10.306556
-10.515080
-9.251459
-9.558805
-10.275482
-10.076490
-9.486621
-8.851610
-9.261412
-10.437529
-10.513284
-9.473295
-9.157552
-10.111820
-8.210724
-9.841339
-8.410121
-9.630195
-8.249726
-8.493352
-7.522004
-8.390937
-8.493033
-7.081383
-6.803736
-6.807526
-7.230405
-7.683362
-6.993656
-7.263390
-6.962398
-5.069203
-5.036869
-4.668776
-5.612721
-4.943640
-4.022802
-3.923117
-3.893385
-2.980919
-3.352863
-2.649628
-2.122683
-3.052364
-2.029439
-0.957113
-1.596412
-0.978662
-1.493242
-0.707480
-0.219027
-0.640234
