-0.654807
1.247285
0.352046
1.294326
1.321738
2.143766
1.638042
3.278924
2.562694
3.650524
4.153339
3.165888
3.982738
3.694840
5.475951
4.687668
6.080877
5.284664
5.532273
6.589885
7.028138
5.875740
6.539010
6.224017
7.505342
7.208497
7.718428
7.360516
6.927660
8.242889
8.704370
7.742384
9.207281
8.131809
9.859835
8.692847
8.232747
8.402440
9.015895
8.629940
9.282319
10.119726
9.693651
9.934886
10.176904
10.684796
9.716895
9.578961
9.337224
10.358345
10.380831
9.738718
9.094658
9.861312
10.101048
9.710459
9.386703
8.955090
9.074799
9.936518
9.003179
8.645271
8.228926
9.807305
9.046374
9.273265
8.953913
7.570685
8.565798
8.581960
8.114695
8.256583
8.028405
7.570173
6.644730
6.999428
6.814002
5.729690
5.310298
5.178161
4.888060
6.271031
4.783133
5.107658
4.824184
4.444305
3.727718
3.316760
2.541337
3.699015
3.316294
3.178402
2.458588
2.229625
2.099122
1.663891
0.523042
0.463053
-0.143540
-0.509364
-0.507861
-1.404499
-1.633821
-2.158600
-2.194200
-1.960950
-2.572219
-3.346975
-2.014310
-3.493632
-3.114705
-2.927914
-3.163218
-3.932678
-4.534544
-4.774691
-5.997681
-5.364583
-6.404781
-5.627555
-7.103927
-5.594696
-6.026704
-7.021948
-6.523823
-7.832278
-8.338063
-7.269221
-8.143389
-8.875896
-8.123756
-9.273222
-8.002544
-9.744651
-8.833776
-8.979881
-8.363767
-9.758231
-9.274163
-9.362984
-9.670397
-9.157633
-9.619430
-8.971089
-9.573558
-9.189471
-9.340665
-10.751920
-9.432573
-10.955177
-10.352537
-9.227930
-9.175457
-9.666235
-9.432198
-10.331116
-9.510383
-9.850982
-9.334446
-9.431035
-8.497483
-10.241021
-8.533661
-8.081641
-8.809673
-9.525031
-9.028002
-7.567732
-8.430417
-8.638747
-7.929415
-6.787711
-7.916724
-6.931431
-6.398207
-6.832937
-6.988428
-6.202488
-6.916027
-5.714885
-6.108591
-4.609009
-5.828884
-5.128610
-3.676342
-4.460968
-4.183667
-4.425766
-3.810160
-2.609980
-2.766180
-1.837112
-2.454320
-2.436455
-0.930281
-1.812588
-0.649466
-0.315290
-0.785318
0.315291
