1.275235
1.187531
0.188083
1.546405
2.023999
1.429966
1.799583
3.022776
2.727887
2.541975
2.617068
3.153281
4.296320
4.901498
5.062574
3.864227
4.151049
6.234538
6.486062
5.764192
5.422983
5.524383
7.242892
6.381426
7.337274
7.767772
8.209965
7.911483
8.544068
7.479264
9.198672
8.663260
7.914318
8.194415
8.006048
8.283015
8.782829
8.323107
8.592495
10.462636
9.290309
8.950838
9.991475
10.374687
9.967307
9.440517
9.907449
10.074091
10.514214
10.264012
9.852252
10.720107
9.019548
10.436703
8.914210
8.829412
9.966710
10.216116
10.437211
10.009553
10.145933
9.482774
10.127616
9.633099
9.127072
9.204371
7.775241
8.336863
7.956952
8.894423
7.631871
8.016031
7.583964
6.897725
7.789891
7.829782
5.970218
5.738718
6.169067
6.380869
6.468490
5.501526
4.442264
5.785991
4.241851
5.237902
3.262520
2.945489
2.507150
2.850177
3.103218
2.704146
1.768513
1.383349
1.182381
0.950536
0.838253
0.553164
-0.479847
0.245053
-0.823910
-1.276760
0.046898
-1.829414
-1.148153
-2.284489
-2.568802
-1.565509
-2.933739
-4.080843
-3.094322
-3.459901
-4.874045
-4.330952
-4.132372
-5.046985
-5.953710
-4.604188
-6.081775
-5.066634
-5.633738
-6.316184
-7.525909
-6.920712
-6.760227
-7.959939
-8.114550
-8.462961
-7.521527
-7.850057
-8.686365
-7.520183
-7.635165
-9.240736
-7.942148
-9.016946
-9.488643
-10.180854
-8.619785
-9.656650
-9.913933
-8.917953
-9.130925
-10.376620
-10.149158
-9.285110
-10.387071
-10.605111
-9.236887
-9.810607
-10.660208
-9.637185
-10.938852
-10.676412
-9.434069
-8.864050
-10.645841
-9.882787
-9.527543
-9.324637
-8.923890
-8.820320
-9.782614
-9.255547
-8.717994
-9.492427
-8.270145
-7.861671
-7.507922
-7.411674
-7.765024
-8.612916
-6.622943
-7.083169
-6.229818
-7.760875
-6.037096
-7.085395
-6.057553
-6.224030
-4.641371
-5.752582
-5.310508
-5.552898
-4.724926
-3.913800
-4.646591
-4.507957
-4.196620
-2.237841
-3.229822
-2.433758
-2.009152
-0.876931
-2.035917
-1.144944
-0.921218
0.306778
-1.088555
-0.816075
