0.474426
1.549953
1.449636
0.889878
0.778200
1.268064
2.194361
1.540793
3.281666
2.128088
3.698472
3.147263
4.930447
5.015864
4.772301
3.976829
5.662911
6.252843
4.768437
5.117490
6.527909
5.695913
7.537334
7.174559
6.933430
7.687525
8.396619
7.159666
6.999273
7.159647
8.061250
8.523417
8.175336
9.503186
8.723614
9.706597
10.139758
8.526457
10.256603
10.202497
8.783122
8.696354
9.319439
9.564994
9.843794
10.381181
10.094048
10.265922
9.707632
10.479972
9.324848
10.779478
9.404943
10.552227
10.102414
9.596528
9.577443
10.635680
9.199693
8.522411
9.130946
9.846380
9.069132
9.246582
7.940763
9.212190
8.133856
7.984864
8.523459
8.228363
7.172075
8.486955
7.665107
6.776262
7.757191
6.052672
6.643874
6.261125
6.366138
6.603030
6.215234
4.953538
4.594543
3.844815
4.108588
4.034994
4.730860
4.300912
4.361412
3.910907
2.509998
3.031002
2.995999
1.466612
2.156736
1.232940
0.118658
0.503527
0.451105
0.141010
0.639169
-1.278055
-1.579947
-1.940350
-1.954477
-2.229440
-1.500595
-2.960445
-1.919674
-2.121909
-3.549016
-4.538779
-3.423380
-4.476615
-5.433831
-4.741048
-5.053510
-5.950964
-6.507842
-6.342454
-5.290526
-5.689647
-6.577955
-6.331047
-6.074753
-7.051109
-7.540748
-8.190693
-8.678082
-8.471830
-9.042986
-8.498870
-8.203864
-7.898476
-8.041883
-9.055386
-9.619642
-9.710018
-8.962286
-10.390769
-10.207914
-9.604750
-9.761082
-9.692547
-10.715420
-10.856510
-9.767144
-9.570576
-9.942928
-9.124468
-9.047174
-9.194139
-9.899879
-9.959749
-10.433753
-10.137998
-9.458486
-10.234535
-9.413388
-9.603782
-8.981328
-8.868976
-10.040154
-9.126848
-9.206776
-8.816194
-7.685108
-7.959557
-9.119999
-8.055920
-8.340283
-7.870060
-6.702019
-6.957271
-7.877235
-7.750092
-5.935136
-6.399786
-5.229048
-6.659776
-5.448251
-5.840596
-5.305030
-3.914416
-4.085119
-3.641457
-4.113680
-3.672435
-2.743542
-2.388421
-2.133677
-1.711316
-3.011715
-1.584396
-1.152798
-0.452453
-0.349938
-0.807870
-0.958373
0.182943
