0.649617
0.854581
0.594095
0.815487
1.777150
1.131667
2.689851
2.796917
2.651832
2.630952
2.435033
3.409342
3.038270
3.934973
5.500845
4.397815
4.188146
6.017569
4.846742
6.540665
6.057546
6.049722
6.116419
7.215127
8.066397
7.722698
6.741481
6.870079
7.302321
7.646706
8.648156
8.281720
8.041191
8.703088
8.220876
9.437418
8.812206
8.725139
10.368372
9.151901
9.505826
9.390741
9.500191
8.894096
8.913198
9.343292
10.161639
10.377465
9.961887
10.234048
10.489400
9.585027
9.221662
10.351756
9.770965
10.141816
10.531596
9.558372
10.479010
9.616333
9.582278
10.290908
10.006510
8.729893
9.168283
9.235885
9.370682
9.382463
8.651429
7.820594
7.431577
7.228523
6.749704
7.411696
6.403270
7.309717
6.255942
6.001369
5.963662
6.410492
6.132450
5.064900
5.159881
4.455634
4.362135
4.230762
4.445286
4.201356
3.259629
3.598649
2.291025
2.304833
2.935032
2.417298
1.209032
1.880273
1.467613
0.787120
0.152423
0.268409
-0.772940
0.033731
-1.371865
-0.839238
-2.443902
-2.347421
-2.484352
-3.419179
-3.220016
-2.683964
-2.843871
-4.507749
-4.962757
-4.148850
-5.201929
-5.781468
-5.258299
-4.507767
-4.780727
-6.802503
-6.849282
-6.451092
-5.792596
-6.720176
-7.814128
-8.129164
-8.457138
-8.248817
-8.601138
-7.296106
-8.133420
-7.662892
-7.940421
-8.830663
-9.455467
-9.411491
-8.586612
-9.291423
-8.607666
-9.161733
-9.178819
-10.612172
-9.225823
-9.372794
-10.770952
-10.284499
-9.444572
-10.256320
-9.178861
-10.669923
-10.344241
-9.687556
-10.080884
-10.573049
-9.037895
-9.639200
-9.137676
-9.000083
-9.934273
-9.747377
-8.559363
-9.293666
-8.308342
-9.324123
-9.726577
-8.029380
-9.529502
-8.664343
-9.155045
-7.227420
-8.154709
-7.447283
-7.341315
-8.262381
-7.690953
-6.663858
-5.922295
-5.451481
-5.286486
-4.953110
-5.332457
-5.692741
-4.661460
-5.632579
-4.211257
-3.435517
-4.071470
-3.291078
-2.424281
-3.539704
-2.834325
-2.353299
-2.462188
-2.466856
-2.419374
-0.970295
-1.728807
0.203757
-0.666298
0.701951
