-0.292631
0.149718
0.288942
1.119978
0.881102
2.677125
3.124056
3.265632
2.474319
3.115346
2.867696
2.753348
3.559016
4.965189
4.673795
4.932073
5.777604
4.728450
6.318522
5.743061
6.696229
6.177852
7.461167
7.581992
6.502160
8.074747
7.384259
8.694621
8.360977
7.653530
9.107626
8.078315
9.344192
7.884173
8.963003
9.082586
9.373896
9.260410
8.725755
8.553306
8.851855
9.394224
10.032732
10.224026
8.935207
9.327659
10.507908
9.777247
9.924350
9.360197
10.442932
9.997602
9.139849
8.971779
10.562694
8.909037
10.526257
9.244719
10.301445
10.353836
10.222906
8.728363
8.837224
9.609496
8.904659
8.689976
8.874095
7.647620
7.922743
8.884069
7.722632
6.971441
6.918218
7.571607
7.609129
6.824898
7.460531
5.797332
6.768398
6.877130
6.296165
5.437123
5.581103
3.956174
3.938673
3.745369
3.809711
3.035992
2.657768
2.664557
3.183153
2.007219
3.175576
2.794958
1.779611
1.768371
0.748537
-0.126031
0.142685
0.628274
0.284379
-0.678794
-0.675134
-1.281939
-1.877469
-1.652905
-2.258518
-2.977897
-3.283181
-3.393365
-4.126778
-2.873969
-4.785798
-4.623054
-4.087681
-5.406173
-6.055489
-5.634133
-5.829198
-6.784104
-5.848660
-5.547789
-5.820778
-7.765662
-7.795437
-7.504974
-7.468294
-7.126870
-8.072319
-7.434902
-7.321052
-9.162337
-9.439861
-9.307143
-8.777351
-9.165722
-8.704474
-9.460283
-9.429426
-9.344046
-9.492546
-8.892095
-9.707159
-9.582441
-9.825952
-10.550637
-9.233133
-9.311413
-10.373937
-9.436646
-10.059244
-10.224693
-10.415821
-8.952495
-9.315238
-10.091573
-8.987394
-8.753489
-9.316532
-10.500594
-10.104605
-8.894364
-8.662529
-9.822861
-8.623251
-8.521820
-9.027074
-8.538831
-7.292941
-7.689649
-7.474157
-8.075355
-8.178815
-7.125263
-6.511023
-7.705725
-6.641481
-5.661310
-5.478348
-5.926306
-5.809533
-4.717394
-4.569057
-4.921706
-3.788875
-4.620550
-4.952765
-3.821432
-3.049239
-3.695070
-2.192138
-2.439076
-2.654337
-1.032870
-2.531292
-1.462201
-0.814440
-0.904095
-0.414008
0.410508
