-0.514059
0.883438
0.832906
1.723487
2.453017
1.691233
2.682800
2.227658
3.089454
3.620816
2.916930
3.990226
3.069399
4.748222
4.331876
4.698899
5.851957
6.159925
6.571456
6.692062
6.198266
6.626958
5.744174
7.398475
6.730556
7.565818
7.690961
7.854771
7.728871
8.540921
8.336333
7.510934
8.959001
8.640106
9.336022
9.161266
8.800264
10.247264
10.085532
8.603786
10.082611
8.980271
9.048899
9.028199
9.063179
9.102642
9.526857
9.139805
9.625982
10.163600
9.339100
10.470583
10.654609
9.723786
9.438491
10.049460
10.381176
10.026073
10.022917
8.522897
8.543578
8.341773
8.377516
9.878210
8.442799
8.041393
8.516887
9.142903
8.108417
7.617884
7.289708
7.068422
6.621345
6.485579
7.391009
6.736828
6.690446
5.514313
6.564537
5.876766
5.725472
5.623179
4.839716
4.154977
3.708159
5.236499
3.136222
4.075016
2.780243
2.847583
2.837818
2.489523
2.344745
2.484555
2.460886
1.546980
0.821963
0.584690
-0.353047
-0.514258
0.129804
-0.852796
-0.735204
-1.582650
-2.551589
-2.846121
-1.910396
-3.328913
-2.293728
-2.537659
-4.066842
-3.029910
-4.525364
-3.842262
-4.213226
-5.683718
-5.754674
-6.194001
-5.026479
-5.995615
-5.781883
-5.766783
-6.630590
-6.572580
-6.922305
-7.907738
-7.494511
-7.404269
-7.866542
-8.269509
-7.924485
-8.652540
-8.638235
-8.829789
-9.751510
-8.656069
-8.267198
-8.975790
-10.124688
-9.871681
-9.274834
-9.967500
-9.147187
-9.190479
-8.977276
-9.443852
-9.961424
-10.588784
-9.885189
-10.875224
-9.304721
-9.184023
-9.519664
-9.881440
-8.983541
-10.291864
-10.578800
-8.946182
-9.758831
-8.559081
-9.220532
-8.659131
-8.866166
-8.982577
-9.409483
-9.629442
-9.270648
-9.270546
-8.206070
-7.139523
-7.255348
-8.382316
-7.645753
-7.028961
-6.496251
-6.000853
-6.160687
-5.804260
-7.103763
-6.212812
-5.390033
-4.658907
-5.928729
-4.374874
-3.946539
-4.710340
-3.263602
-4.304696
-3.900965
-2.773309
-3.319389
-3.125216
-2.929361
-1.069137
-2.485415
-2.232012
-1.375798
-1.516104
-0.885222
0.665846
