0.781250
1.270232
1.305813
2.209487
1.654712
1.058708
1.386804
2.357022
3.674153
3.382042
4.260555
4.403555
3.424983
4.391588
4.989613
4.127913
5.555162
5.117797
6.009858
5.118058
6.883175
7.172507
6.763779
7.357148
7.435310
7.411763
6.722614
8.670043
6.937257
8.946366
8.800673
9.100243
9.597350
8.320862
9.877986
8.233382
9.016615
10.052493
8.887165
8.582745
10.366342
9.279813
10.443400
10.505676
10.408239
9.148820
10.216030
10.634302
10.194502
9.905406
9.661506
10.420964
9.123718
9.189771
10.464113
10.379429
9.738401
8.700727
9.285710
8.576867
8.506729
10.184246
9.922430
8.723309
8.397781
9.456641
8.798824
8.084248
8.364944
7.897817
7.168257
7.190812
6.764248
7.214242
7.898198
6.972180
6.146450
5.538604
6.401244
5.953925
5.883581
5.967611
4.465351
4.120067
4.231338
3.262957
4.190056
2.887799
4.026827
2.830235
2.043977
3.465683
2.152433
2.780787
1.535803
0.981132
0.602477
0.169224
0.585023
-0.935666
0.496432
0.331675
-1.327219
-0.975361
-0.626034
-2.662267
-3.014253
-2.570691
-1.967210
-2.181274
-2.395203
-2.940736
-3.096486
-4.735001
-4.612381
-4.407613
-4.872366
-5.956729
-6.596230
-5.806420
-5.556209
-5.497630
-6.183401
-7.040843
-7.521761
-8.218594
-6.612102
-7.152020
-8.531248
-7.107687
-8.939102
-8.205377
-7.863506
-8.380863
-8.745934
-9.629645
-8.931601
-8.944058
-9.202972
-9.595699
-9.156590
-8.984896
-8.918609
-9.690234
-10.072220
-9.109480
-10.604071
-9.669543
-9.470145
-10.836300
-9.717104
-9.580167
-9.523667
-10.432061
-10.736710
-10.690032
-10.419059
-8.872605
-8.821694
-8.737761
-9.747690
-9.361455
-8.401299
-9.524087
-8.893812
-8.232712
-9.417214
-9.196144
-7.795387
-7.291481
-8.237850
-7.826560
-6.862291
-7.486067
-6.384692
-7.270695
-5.764969
-6.876804
-5.216876
-5.999317
-6.411134
-5.238061
-5.999853
-4.785110
-5.048313
-4.762437
-3.059068
-2.913900
-3.765026
-2.732238
-2.257191
-3.173575
-2.372761
-2.824604
-2.095615
-0.381132
-0.765153
-0.933215
-1.114414
-0.048590
