0.188732
0.723297
1.496125
1.393754
2.394022
1.146321
2.154068
1.741889
3.174899
4.006469
4.232485
3.326296
3.901334
4.968286
5.400622
4.374457
5.956593
6.179446
6.304863
5.679921
7.062692
5.705916
6.114738
7.263745
6.303735
6.384154
7.303445
8.408483
7.312192
7.827202
7.448521
9.244565
9.139951
7.887813
9.738027
8.810372
9.190211
9.237863
9.925817
9.483971
9.710920
9.222319
9.477966
9.754438
9.102687
10.544385
10.174538
10.522960
9.621201
9.974981
10.759969
10.226434
9.160186
9.513597
9.412472
10.731723
9.719684
9.855675
9.198182
10.358313
9.079682
8.643650
8.492904
8.136488
8.679929
9.220103
9.527700
8.102145
8.497133
7.538247
7.152417
7.074705
6.910464
7.650759
6.882610
6.935787
6.786325
6.895318
5.732153
5.258406
5.668414
4.462454
5.592961
4.260343
4.589101
4.671586
4.537399
2.937071
2.941964
3.457422
2.084217
2.638131
1.361842
1.131798
1.839610
1.388225
0.257884
0.988161
0.376433
-0.428376
0.615017
0.306049
-1.432692
-1.318373
-0.896997
-2.135507
-2.454886
-1.912511
-3.277687
-2.816931
-3.047864
-4.652091
-4.751122
-5.142726
-4.079935
-4.879392
-4.094328
-4.437511
-4.861277
-5.162159
-5.941283
-6.632475
-7.115543
-6.948574
-6.936118
-7.878482
-7.094670
-6.813435
-8.185473
-8.951063
-8.422070
-8.739093
-8.972694
-8.324514
-8.462889
-9.943299
-8.341937
-9.494963
-10.174159
-10.268390
-9.564156
-9.987030
-10.173055
-10.356109
-10.833581
-9.685127
-9.479067
-10.391181
-9.036531
-9.880799
-9.427247
-10.790499
-10.208691
-9.726822
-10.132877
-9.565807
-9.852539
-8.739268
-8.903479
-10.120199
-8.655935
-9.555005
-9.639144
-8.184298
-8.852328
-8.105384
-7.641800
-8.220509
-8.259515
-7.286188
-7.105772
-8.685820
-6.545440
-7.726261
-6.790812
-6.780276
-6.982862
-7.116591
-5.234636
-5.440871
-6.024395
-4.427155
-5.137353
-5.071739
-4.153115
-3.618409
-4.619759
-4.389847
-3.347032
-3.436424
-1.868255
-3.130631
-1.612598
-2.267142
-1.883151
-0.373150
-1.225568
-0.155808
0.681959
-0.558409
