-0.383331
0.314927
0.945039
0.909524
2.082705
2.554548
3.130580
1.862427
1.801199
4.038845
3.874368
3.952928
4.405653
4.997293
3.608645
4.152554
4.837700
6.109015
5.977265
5.290352
6.586502
7.022448
7.387770
6.571886
6.624339
6.570902
7.605000
7.234107
7.050676
8.670237
8.381965
7.482052
8.457956
8.014047
8.816475
8.539533
8.667241
9.895538
9.774202
9.416688
8.652530
9.498785
9.860394
8.926295
9.126877
10.067608
9.528947
10.112732
9.298142
9.848635
10.238971
9.310897
10.487213
9.013730
10.193629
10.708489
9.455353
9.797156
10.495514
8.962577
9.503915
9.299247
8.494951
9.417868
9.064849
8.369322
8.676729
8.492958
9.020665
8.009532
8.367123
8.320369
6.645974
7.619053
6.763902
6.958575
7.315449
7.133059
6.476454
6.796459
6.267778
4.436981
5.230513
5.554365
3.825730
5.064852
4.176436
4.534225
2.833304
3.776708
3.545768
3.048966
1.731467
1.361027
0.757925
1.534874
0.557192
0.443901
-0.205677
-0.701488
-0.749297
-1.618434
-1.020373
-0.868851
-0.603310
-2.172486
-3.179739
-3.439470
-2.810321
-2.823885
-3.169689
-2.929971
-3.468306
-5.035415
-4.220368
-5.692653
-5.000871
-5.407496
-5.845506
-6.599124
-6.380644
-7.073559
-7.060394
-6.561257
-6.579506
-7.593929
-6.962413
-8.409356
-7.484013
-7.922401
-7.369570
-9.164091
-9.507276
-8.028741
-8.668328
-8.224715
-9.760008
-9.468543
-9.747724
-9.478886
-8.937153
-8.689619
-10.219728
-10.069585
-8.938894
-9.946718
-10.003806
-9.783041
-9.680163
-9.837065
-9.122648
-10.762988
-9.928190
-10.204182
-9.875456
-10.665007
-10.584290
-9.816467
-9.573610
-10.036973
-8.984133
-8.574810
-9.988585
-9.380822
-8.055717
-8.447464
-8.850086
-7.559738
-7.782356
-8.681498
-8.564382
-6.967872
-7.042237
-7.652370
-7.753169
-6.031002
-6.708361
-6.868623
-6.200036
-5.304303
-5.586537
-5.460492
-4.258630
-4.646375
-4.094864
-4.706324
-3.737058
-3.273955
-3.865209
-3.462799
-2.935811
-2.722619
-2.631909
-1.683915
-1.146426
-1.620934
-0.726981
-0.777096
0.083011
0.879162
