-0.298901
1.588365
-0.051968
1.996163
2.147522
2.245212
1.348242
3.050313
1.849374
2.937417
3.378832
2.827061
3.726228
3.308288
5.218426
5.124885
4.126759
4.512504
6.281544
6.043194
5.406888
6.498544
5.751238
6.845363
6.905850
8.215282
7.242190
6.891003
8.684929
8.549684
9.135609
7.954888
8.182595
8.145417
9.069251
9.725228
9.179602
8.774892
9.984318
8.523035
9.680387
9.618673
10.532020
9.461043
10.361717
9.263230
10.562319
10.279992
9.371060
10.177376
10.136675
10.354431
9.782384
9.654768
10.376893
10.742580
9.113690
9.323773
10.148661
10.230799
8.495362
9.781073
8.777118
8.476343
8.681876
9.200238
9.224956
9.353895
7.946021
8.734650
8.812168
7.028456
8.429990
6.564714
7.448379
7.602995
6.408823
6.450863
5.288101
6.436124
5.921421
5.198796
4.652058
4.786989
3.786056
3.954434
4.150672
4.119632
2.974195
3.291503
3.469606
2.426176
3.031986
1.518552
1.440341
0.746441
0.147853
0.370690
-0.255770
-0.327982
-0.007255
-0.015544
0.011409
-0.655213
-1.530266
-2.373154
-1.420404
-1.964936
-3.749349
-3.459686
-3.374121
-3.963888
-3.044151
-3.328730
-5.512224
-3.886492
-5.214422
-4.864387
-6.130421
-6.329901
-5.168776
-7.300020
-6.416570
-7.308451
-6.087210
-7.635228
-6.726409
-7.180941
-8.723118
-7.156765
-7.335261
-8.523295
-9.189786
-7.881327
-9.322567
-9.506243
-8.842072
-9.560965
-10.091344
-8.793865
-10.252096
-9.760113
-9.365456
-10.555489
-8.980128
-9.656769
-10.374936
-10.954068
-10.639850
-9.115669
-10.818426
-10.875571
-9.481048
-10.486628
-9.413736
-10.737948
-9.249896
-9.823121
-9.090755
-10.217805
-10.393301
-8.332383
-9.258688
-8.261540
-9.362020
-9.571625
-8.625235
-9.060354
-7.905670
-8.161766
-7.029560
-8.192336
-8.101504
-7.742888
-6.908482
-6.047924
-6.887313
-5.853311
-6.964467
-6.087019
-5.181052
-4.782973
-5.019513
-4.060704
-5.504773
-4.381913
-3.673009
-3.694384
-2.782502
-3.808529
-3.149495
-1.604101
-1.981865
-1.954995
-2.133440
-1.401596
-0.719846
-0.878248
0.507784
0.165393
