-0.667999
1.363309
0.128227
0.525818
1.389084
0.951787
2.440077
2.079875
2.695758
3.409098
3.381886
4.292569
3.687021
4.793044
5.340459
4.059463
5.721981
6.336763
5.094661
6.690863
5.879563
6.156246
7.058105
6.628217
6.281154
7.726238
7.978620
7.558566
8.328168
7.910045
8.618276
8.061860
7.635513
9.714052
9.550395
9.525225
9.859427
10.274850
8.662835
9.486499
9.634605
10.292585
9.257680
10.687751
8.909717
10.406690
9.263206
9.454603
9.369744
10.025444
10.198284
10.964383
10.888866
9.585296
9.847542
9.222148
10.681053
9.538476
9.259808
10.200381
10.012841
9.958819
9.654102
9.927227
9.346775
8.536955
9.535366
8.722730
8.710347
8.367720
8.660183
7.238931
8.198141
7.119677
6.394162
6.049407
6.521105
6.020519
6.684105
5.816777
4.800807
6.187153
4.245311
4.290980
4.937486
4.181269
3.755314
4.249124
4.364674
3.272750
2.849502
3.312396
1.954437
2.165979
0.928840
1.726726
1.249424
1.470342
0.400765
0.297283
-0.189646
-0.135976
-1.030693
-1.905713
-1.510051
-1.903115
-2.458908
-2.825161
-1.983526
-3.311395
-3.588477
-3.604165
-3.255123
-3.862869
-4.648308
-4.997354
-4.320501
-5.328212
-4.718945
-5.292409
-6.144924
-7.157708
-6.180787
-7.177489
-6.954884
-7.885906
-7.975675
-7.047929
-7.110804
-8.634896
-8.867608
-7.780809
-9.513886
-7.943431
-7.921899
-8.074543
-9.413634
-9.836259
-8.588074
-9.653406
-8.714649
-9.532890
-9.551077
-9.702761
-8.954865
-10.769236
-9.413106
-10.207777
-9.244077
-9.375114
-9.250173
-10.673576
-9.949643
-10.816418
-9.514705
-9.168056
-10.049167
-9.227946
-9.593006
-9.455864
-9.736280
-9.656396
-9.365311
-8.787105
-8.518400
-9.067367
-8.732959
-8.709422
-9.249830
-7.397703
-8.635645
-7.777887
-8.486537
-6.389695
-6.832441
-6.403138
-5.710810
-6.634225
-5.449656
-6.494223
-5.057339
-4.842747
-5.066091
-4.498390
-5.424056
-4.552201
-3.398803
-3.345480
-2.535557
-2.238020
-1.834365
-2.373918
-1.678986
-2.455964
-1.605388
-2.186414
-1.497838
-0.909795
-0.765282
-0.512831
