-0.242408
0.846072
1.405309
1.717576
1.333367
2.808751
1.745195
3.058105
2.042420
2.614405
2.493795
3.577390
4.275574
3.988387
4.118671
5.157830
5.793987
5.561467
6.572472
5.172517
6.873236
7.177523
7.516742
6.614084
6.145668
8.143875
7.286362
7.753321
7.211159
7.605079
8.942730
9.273241
9.584677
8.621315
9.076240
9.256778
9.059085
8.349823
8.857144
9.446196
9.015155
9.423364
9.301769
8.890644
10.622437
10.131894
9.200622
9.275853
9.064241
9.911637
10.786296
9.046148
10.300696
9.638080
10.774957
9.722071
8.765136
10.275903
10.138068
10.282181
9.176347
9.369224
9.699298
9.686802
9.297708
8.742655
9.179384
7.851912
9.208663
8.877630
8.802096
8.202261
6.983164
6.494888
7.867768
6.699045
5.701249
6.089246
5.179270
6.460839
5.993125
6.179369
5.512549
3.855933
3.885119
3.894707
4.037836
2.972686
3.512415
2.298524
2.617320
2.980744
3.139562
1.113204
1.583887
1.251714
0.603341
0.535650
0.670817
0.469009
-1.009933
0.176962
-1.887574
-1.035443
-1.568173
-1.167799
-2.673022
-1.525338
-3.239103
-2.485661
-3.127101
-3.745268
-4.858196
-4.758413
-4.422755
-4.746709
-4.722660
-5.675188
-5.506902
-5.662052
-6.203385
-5.920003
-5.933585
-5.940174
-6.604609
-7.393609
-6.555543
-8.423666
-7.692117
-8.344754
-9.065140
-8.774567
-9.368606
-9.147330
-8.228841
-9.110248
-9.241757
-8.914349
-9.891437
-10.024793
-10.148114
-9.270314
-10.345720
-9.724855
-10.289990
-10.140010
-10.434015
-9.438465
-10.771559
-9.157597
-10.662095
-9.707404
-10.567824
-10.771713
-9.704680
-9.819442
-10.259450
-9.353903
-9.972069
-9.732743
-9.818327
-10.239267
-9.804248
-9.207822
-8.501571
-9.052380
-9.143259
-7.443396
-8.635758
-8.241974
-7.353064
-8.581666
-8.413066
-7.140379
-7.438562
-7.677787
-5.757912
-5.724512
-6.942779
-5.817166
-6.170282
-5.943541
-5.045378
-3.821369
-4.346451
-5.145034
-4.422556
-2.833944
-2.877365
-2.479591
-2.470163
-1.558624
-3.024307
-0.951770
-2.412623
-0.767650
-0.433297
0.057247
0.262828
0.802284
