0.594178
-0.068986
1.462390
0.822766
0.648746
1.724473
2.788689
2.092884
3.579749
2.550908
2.492045
2.900288
3.813221
3.521470
4.312582
3.973272
5.588567
4.573691
6.404189
5.807983
6.236433
6.803391
6.734538
6.611676
7.913728
7.879079
8.302577
7.846965
7.512254
7.320917
8.872719
9.022485
9.424827
8.355111
8.957415
8.178199
8.949105
8.802553
10.236480
10.059733
9.085738
8.746762
9.378951
10.388379
9.945561
9.982772
10.542425
10.171364
10.038434
10.275380
9.751283
9.181718
9.979371
9.945678
9.140873
10.756520
9.596479
9.937803
9.274067
9.976142
9.091686
9.280763
10.089281
8.991830
8.147207
9.036941
7.767151
8.925592
7.548796
8.936332
7.372643
8.269626
7.438668
6.884389
7.374698
6.285690
6.168155
6.443427
5.231045
5.088571
4.685739
4.875790
5.453903
4.342252
5.414182
3.368285
4.509301
3.179793
3.633454
2.093983
3.491208
2.610775
1.815011
1.300515
1.158973
0.961698
0.911070
-0.026375
0.449525
0.262928
-0.871561
-0.322347
-1.347187
-0.683808
-1.219105
-1.606161
-1.955867
-2.198902
-2.185655
-2.520829
-3.689574
-3.302071
-4.156115
-4.225258
-4.159217
-4.036296
-5.812834
-5.883970
-6.336797
-6.543574
-6.896247
-7.007326
-6.991735
-6.897858
-7.060973
-8.222930
-7.861535
-8.532077
-7.072948
-8.547911
-9.134242
-7.981383
-9.495614
-8.396294
-9.664289
-8.099513
-8.395828
-9.172201
-9.447776
-9.481350
-9.735498
-9.526094
-8.817684
-10.075367
-9.774872
-9.941201
-9.316331
-10.333870
-10.173640
-9.273976
-9.499382
-9.402099
-10.067872
-9.607991
-9.620666
-9.014469
-9.459840
-8.702808
-10.388031
-8.880912
-9.921104
-8.761981
-9.964957
-8.179382
-9.823726
-8.762395
-8.921443
-8.590333
-8.528845
-7.829243
-7.861901
-7.175112
-7.907797
-7.444803
-7.207040
-7.264905
-5.763545
-6.063949
-5.367729
-6.145732
-5.230952
-5.826288
-5.052335
-4.804304
-4.400755
-3.610392
-4.098846
-3.722310
-2.593659
-3.408958
-3.268055
-2.262600
-2.160080
-1.402672
-0.942696
-1.051605
-0.563455
0.287497
0.527184
-0.147574
