0.199736
-0.242819
0.249536
0.577611
0.613525
2.356198
2.246662
1.754364
2.871940
4.056975
3.978674
4.544966
4.512989
3.594382
4.256625
4.867875
5.462013
5.775698
6.102643
5.652680
6.409222
5.588772
6.529161
7.474476
6.504281
8.203914
8.468857
8.226698
8.454244
7.936316
7.341228
9.085107
8.153617
8.758812
8.630942
8.455070
9.628982
9.762201
8.781750
9.834687
10.119933
10.028833
9.949106
10.042743
9.571741
9.498588
9.945174
9.645252
10.407934
10.027891
9.302463
10.182269
10.008756
9.566604
9.860693
9.114442
9.497122
10.510292
10.242812
8.663101
8.615270
8.319212
8.211956
9.610206
8.378936
8.319125
8.739895
8.867507
7.827776
8.311478
7.668210
8.021946
7.337613
7.520723
7.124991
5.952753
7.139221
7.232807
6.727735
6.333646
6.338974
6.143559
5.205818
4.431313
5.363590
4.765953
3.686229
3.923670
3.607325
3.654468
3.526193
2.120852
2.592887
2.485136
1.047702
0.730612
0.241314
0.765825
0.213644
-0.224225
-0.424110
-1.054135
-0.719773
-0.958668
-0.654478
-2.414644
-2.766500
-2.758375
-1.823546
-3.241845
-3.173688
-4.457033
-4.829928
-4.968690
-4.523386
-5.056627
-4.777775
-4.553922
-6.494950
-5.197469
-5.240329
-5.511396
-5.713644
-7.361701
-6.225242
-6.987752
-8.115423
-7.828289
-8.516261
-7.218543
-7.898225
-8.013447
-8.373347
-9.358531
-8.815094
-8.805422
-9.466228
-8.647062
-9.509265
-9.648725
-8.887470
-10.221466
-10.365868
-10.243109
-9.469730
-9.612290
-10.105598
-9.412904
-9.580687
-10.699846
-9.644565
-10.570378
-9.969490
-9.944277
-9.758654
-10.761616
-8.892314
-9.757526
-10.008864
-9.243147
-8.765243
-8.847466
-8.675246
-8.438728
-8.545056
-8.209287
-8.266152
-8.318005
-7.710998
-8.566173
-7.088362
-6.956463
-7.472836
-6.933608
-7.386824
-7.283323
-6.661675
-6.234323
-6.509755
-6.705116
-5.533053
-4.826685
-4.623599
-5.716262
-4.212607
-4.050240
-4.250017
-4.573731
-3.519273
-3.458377
-1.876259
-1.636564
-2.096596
-1.892711
-1.185694
-1.166924
-1.491950
-1.043379
0.452220
0.692620
