0.673236
0.743666
1.419197
1.647193
1.697601
1.624133
2.560169
2.808220
2.455915
2.803889
3.349226
3.275247
4.349777
4.378795
4.359499
4.850906
4.952912
5.587526
5.693946
5.627803
6.118569
6.520163
7.098224
6.932970
7.516066
7.674296
7.914423
7.652850
7.757520
8.164327
7.849271
8.714297
8.250381
8.774221
9.170723
8.664953
8.921203
9.421009
9.007858
9.814176
9.394004
9.726905
9.532891
10.209764
9.815111
10.142718
9.591399
10.452645
9.604577
9.577554
9.741034
10.034329
9.582629
9.760345
10.034950
9.642082
9.923157
9.493405
9.613297
9.803779
9.107644
8.831820
9.279556
8.848920
9.289501
9.260148
8.972417
8.561775
8.234441
8.270901
8.236813
7.319996
7.283343
7.444234
6.573636
6.706647
6.461903
6.150749
6.332402
5.713891
6.044513
5.630933
4.647846
4.320276
4.186307
3.840521
3.958683
3.394158
3.014604
3.052618
3.213628
2.626416
2.157309
1.602492
1.300746
0.921693
1.047351
1.062868
0.185801
0.127567
-0.019785
-1.039885
-1.304692
-1.615289
-1.855542
-1.709301
-1.689150
-2.544080
-2.784804
-2.662538
-2.974661
-4.121826
-4.177164
-4.642526
-4.294310
-5.219556
-5.442490
-5.628244
-5.124421
-5.813867
-6.100835
-6.838467
-6.731332
-7.206029
-6.786597
-7.772471
-7.224579
-7.526522
-7.753731
-8.154541
-7.951067
-8.328195
-8.545991
-8.644591
-8.785588
-9.387496
-8.823226
-8.860660
-9.738844
-9.484512
-9.561336
-9.601702
-9.561295
-9.913726
-10.112625
-9.726223
-10.197159
-10.209872
-10.266160
-10.113447
-9.862991
-10.002755
-10.032506
-9.529482
-9.434333
-9.615597
-9.313367
-9.987493
-9.766349
-9.933132
-9.897944
-8.855279
-9.549676
-8.574303
-8.596557
-9.150550
-8.381448
-8.349561
-8.247713
-7.664693
-8.370026
-7.622354
-7.776036
-7.011813
-7.346166
-6.966294
-6.795723
-6.849572
-6.032564
-6.369455
-5.285417
-5.804773
-5.340227
-4.623960
-4.144245
-4.311473
-3.815702
-3.320585
-3.622072
-2.758494
-2.998897
-2.486233
-1.699231
-1.955622
-1.725025
-1.079111
-1.050882
-1.037702
-0.635879
-0.270394
