0.056903
0.281306
1.039634
1.216525
2.036328
2.243330
1.800687
2.429623
2.866232
3.581416
3.591265
3.697646
3.490506
4.500194
4.202017
5.004751
5.094657
5.609294
5.475858
5.863664
6.402811
6.359225
6.759069
6.840968
7.066909
6.799290
7.784581
7.643192
7.792902
7.935601
8.420291
8.465609
8.909444
9.156904
9.310423
8.738245
8.695599
9.210813
9.181702
9.561387
9.710916
9.410690
9.907314
9.893449
9.911413
9.794731
9.984827
9.864489
10.221205
9.641294
10.100857
9.565533
9.721400
9.534628
9.663248
9.744774
9.897301
9.592797
10.045546
9.726547
9.628931
9.577745
9.180029
8.880093
9.028176
8.328723
8.833067
8.076512
8.382302
8.051365
8.072419
7.417223
7.703004
7.785894
7.207184
7.308173
6.187634
6.004538
6.294957
5.831954
5.374790
5.458030
5.343437
4.979744
4.371192
4.063148
4.383012
3.949027
3.865955
3.033857
2.735050
2.934599
2.499054
1.492058
1.221207
0.938062
0.840221
0.427975
0.167402
-0.304336
-0.668518
-1.116617
-0.744434
-1.575925
-1.910702
-1.693230
-1.744699
-2.726840
-2.994703
-3.411645
-3.515986
-3.659593
-3.828896
-4.161676
-4.973727
-5.072691
-5.061433
-5.083263
-5.394410
-6.198914
-5.869089
-5.916593
-7.057039
-6.860025
-7.469012
-6.803967
-7.938115
-7.275303
-7.751863
-8.313410
-7.946605
-8.335012
-8.377156
-9.202439
-8.735217
-9.275869
-9.404726
-9.006898
-9.158670
-9.300715
-9.672253
-9.465319
-9.687984
-9.531967
-9.512491
-10.407973
-9.492974
-10.000124
-10.146286
-10.229807
-10.357268
-9.728113
-9.481696
-9.684788
-9.992070
-10.070009
-9.837611
-9.959892
-10.064007
-9.041597
-9.769438
-9.205977
-9.304668
-9.521158
-9.151568
-8.607001
-8.250155
-8.515651
-8.569766
-8.479217
-7.978848
-7.764500
-7.874572
-7.034406
-7.533865
-6.401535
-6.391150
-6.868688
-6.531587
-5.910648
-5.404958
-5.215387
-5.329574
-4.750965
-4.048951
-3.948123
-3.732495
-3.842917
-3.114872
-2.610604
-3.140589
-2.430796
-2.004638
-2.166253
-2.003174
-1.500963
-1.273431
-0.404351
-0.453645
-0.144604
