0.511511
1.038923
0.819594
1.129028
1.386111
1.428923
2.257264
2.769270
2.614870
2.706329
3.692657
3.287568
3.654429
4.699265
4.159235
4.771109
4.867483
5.041826
6.105692
5.946331
5.926005
6.853052
6.718750
6.593758
6.787035
7.590717
7.139997
7.822734
7.909038
8.346954
8.765320
8.696930
8.556401
8.436946
9.367367
8.764625
9.562289
9.054663
9.127250
9.810952
9.595294
9.752276
9.283214
10.219973
9.843481
10.110783
10.077257
10.449802
9.974197
10.485929
9.556424
9.542534
9.783108
9.825011
9.444188
9.696772
9.401100
9.818030
9.209687
9.047529
9.666576
9.722667
9.275429
9.252070
9.068214
8.943923
8.791254
8.723981
8.068062
8.287681
7.716007
7.283654
7.609951
7.370268
6.617055
6.432533
6.150246
6.171608
6.246109
5.387236
5.802130
5.481541
4.689988
5.296640
4.629229
4.555500
4.401255
3.902075
3.489171
3.387015
2.342142
2.114797
2.163967
1.764849
1.831149
1.744737
0.899593
0.180316
0.486064
0.499973
-0.130866
-0.646176
-0.497031
-1.480618
-1.980490
-1.406198
-1.738433
-2.079956
-3.237506
-2.856882
-3.508465
-3.615553
-3.513687
-3.874475
-4.872935
-5.103941
-4.727788
-5.169194
-5.239440
-5.775595
-6.271679
-5.997740
-6.633388
-6.786124
-6.918022
-7.169984
-7.312463
-7.666820
-7.675730
-8.331682
-7.955444
-8.072732
-8.407900
-8.905410
-9.054223
-9.107667
-8.819185
-9.273868
-9.901700
-9.481430
-9.533952
-9.881249
-10.094545
-10.012910
-9.489119
-9.633780
-9.972312
-10.032151
-10.339272
-9.856259
-9.680843
-9.563553
-9.972600
-10.051298
-9.887773
-10.013373
-10.164474
-10.170988
-9.454855
-9.495790
-9.591506
-9.697826
-9.326336
-8.696333
-8.803934
-8.581962
-8.235518
-8.803809
-7.839560
-7.946465
-8.268390
-8.081126
-7.263917
-7.011356
-6.734856
-6.857786
-6.847792
-6.007078
-6.598533
-6.005860
-5.672186
-5.426372
-5.462193
-4.742271
-4.162055
-4.566274
-4.276317
-3.316446
-3.201544
-3.487479
-2.567184
-2.286849
-2.173715
-1.798219
-1.914401
-1.487215
-0.541484
-0.419878
-0.124563
-0.189910
