-0.141485
0.348028
0.523417
1.710387
1.394100
2.311562
2.380105
2.565109
2.700634
2.805767
3.552068
4.064353
3.727479
4.740872
4.913424
4.424947
5.503056
5.228876
5.350443
6.244994
5.950888
6.678035
6.131248
6.829757
6.725985
7.297422
7.192634
7.722076
7.644225
8.283132
8.680631
8.551746
8.352256
8.589351
8.774597
9.264709
9.032173
9.488740
9.748349
9.199519
9.127255
9.984765
9.910836
9.976248
9.918013
9.446889
9.994510
9.769582
9.722929
10.408944
9.517191
10.290424
10.379084
10.345044
10.335292
9.391685
10.006336
9.953912
9.321983
9.239484
9.346669
8.871720
8.927808
8.949942
8.755580
8.659394
8.827053
8.275007
8.681178
7.932677
8.061309
8.124873
7.698285
6.881444
7.212055
7.247645
6.381429
5.925600
6.325012
6.092629
5.754780
5.519449
5.345577
5.311412
4.602912
4.309806
3.572887
3.664527
3.784849
3.352958
3.237016
2.346071
1.906967
1.689297
1.885903
0.772796
0.484325
0.689344
0.396746
-0.462962
0.044690
-0.330670
-1.413480
-0.931129
-1.866813
-2.230464
-2.556189
-2.232609
-3.138344
-3.197752
-2.931584
-4.101950
-3.586818
-4.694334
-4.386701
-4.880144
-5.011218
-5.660313
-5.495117
-6.371129
-6.231371
-6.536938
-6.911879
-7.191496
-6.908165
-7.767242
-7.099632
-7.846584
-7.699123
-8.007831
-8.298484
-8.536739
-8.606519
-8.271234
-9.077911
-9.155246
-8.706074
-9.208822
-9.170032
-9.744793
-9.153222
-9.579395
-9.684400
-9.511989
-9.563696
-10.291540
-10.302333
-10.252646
-9.620354
-9.602551
-9.715457
-9.668628
-9.987273
-10.371785
-9.934950
-9.644097
-9.880098
-9.303690
-9.814354
-9.779851
-9.200595
-9.634590
-9.237548
-8.818833
-8.745920
-9.124382
-9.039782
-8.640703
-8.248312
-8.141601
-8.105100
-7.513026
-7.916045
-7.266221
-6.878513
-6.467955
-6.819757
-6.047235
-6.345210
-5.700051
-5.980155
-4.990874
-5.088940
-5.226562
-4.649238
-4.222340
-4.152589
-3.856686
-3.184835
-3.418688
-2.373283
-2.690525
-2.026705
-2.258644
-1.779733
-1.005056
-0.873872
-0.218055
-0.573715
0.058259
