0.559373
0.437751
0.898608
1.380297
1.641937
1.729862
1.723961
2.617298
3.111756
2.897045
2.997841
3.467290
4.367051
3.758832
4.475697
5.065183
5.564935
5.831920
5.523377
6.237961
6.417460
6.282999
7.006484
6.432399
6.746363
7.354571
7.032397
7.848032
7.662961
7.866013
8.404387
8.768307
8.414786
8.727897
9.094585
9.100271
9.259093
9.528167
9.678239
9.483651
9.640080
10.017133
9.773202
9.621572
9.640767
9.474255
9.824017
10.032093
9.541274
10.053534
9.830292
9.565412
10.331440
9.814180
9.456562
10.319066
9.465944
9.636950
10.042164
9.930872
9.295978
8.890772
9.649220
9.413333
8.626163
8.387124
8.918817
8.314022
8.122592
8.053318
8.036656
7.683519
7.459806
7.285847
7.214993
6.666579
7.092065
6.499836
5.969412
6.235606
5.849084
5.642250
4.747722
5.172146
4.114987
4.246081
4.097826
3.579444
3.843002
3.201795
2.817219
2.236337
2.107751
2.278783
1.160167
0.989484
0.661521
0.801198
-0.155020
0.461325
-0.282786
-0.375691
-0.475168
-1.739982
-1.802101
-1.696570
-2.041569
-2.243022
-2.574070
-2.751336
-2.983470
-3.480132
-4.464370
-4.361267
-4.107185
-4.377926
-4.655577
-5.470337
-6.031987
-5.608445
-6.253089
-6.174061
-6.796734
-6.660639
-7.192725
-7.771680
-7.883916
-7.924076
-7.470267
-8.408522
-8.603026
-8.924228
-8.901116
-8.866707
-8.418809
-8.604017
-8.769768
-9.667914
-9.135066
-9.606453
-9.106776
-9.899491
-9.465325
-10.176818
-10.262793
-9.755050
-9.659194
-9.695665
-9.950559
-9.871174
-10.052951
-9.605202
-9.860757
-9.548012
-9.386571
-9.606541
-9.827001
-9.653498
-9.662994
-9.940094
-9.700488
-9.431155
-8.854740
-8.930320
-8.978663
-8.903063
-8.968889
-8.542682
-8.569176
-8.296107
-7.507230
-7.591918
-7.888266
-7.314688
-6.783716
-6.778047
-7.082487
-6.199402
-6.420243
-5.729698
-5.732269
-5.325076
-5.262879
-4.849634
-4.998018
-3.826490
-3.634377
-4.079276
-3.423280
-2.686400
-3.126007
-2.038949
-2.167697
-1.921434
-1.766148
-1.117648
-1.041281
-0.293257
-0.674517
0.471416
