0.328316
0.797315
1.315155
1.024066
1.188910
1.690063
2.081261
2.097576
3.212666
3.409333
3.001853
3.801265
3.818349
3.871246
4.713699
5.081932
5.537724
4.985050
5.668149
5.816320
5.831568
6.391418
7.015476
6.963091
6.693152
7.665570
7.817415
7.736915
7.842084
7.892747
8.298196
8.171891
8.491898
9.179511
8.876125
9.506301
9.658300
9.346627
9.612955
9.825331
9.821735
9.964023
9.349934
10.320295
9.570448
10.048633
9.893627
9.810326
10.002329
10.120517
9.851087
9.966417
9.535977
9.921195
9.922249
10.175208
9.740113
10.004873
9.299572
9.290348
9.713870
8.986847
9.182159
9.200327
8.749632
8.948397
8.543658
8.343700
7.866611
8.081442
8.123948
7.480361
7.706279
7.781112
6.768834
6.837111
6.769931
6.647912
6.036665
5.804816
5.957037
5.170540
5.116871
5.079450
4.251971
4.665830
4.371639
3.710722
2.905258
2.903520
2.637255
2.055248
2.443148
1.928932
2.055432
1.410737
0.964082
1.067380
0.616041
-0.199883
-0.103526
-0.894419
-0.900432
-1.087392
-1.880080
-1.661308
-2.179632
-2.303068
-2.742106
-3.162518
-3.559025
-4.129402
-3.636527
-4.239301
-4.527752
-4.902791
-4.875592
-5.702719
-5.854114
-5.842429
-6.094651
-6.516144
-6.639737
-6.929546
-6.748129
-7.743975
-7.642393
-7.681550
-8.008981
-8.201323
-8.154177
-8.504221
-8.973639
-8.668722
-8.742805
-9.048298
-9.330470
-9.783248
-9.097832
-9.565365
-9.806104
-9.512381
-9.739872
-9.419263
-9.458793
-10.094541
-9.631262
-9.631650
-10.026683
-10.048512
-9.868270
-10.028977
-9.508499
-10.413984
-9.501432
-9.969237
-10.182493
-9.196330
-9.395954
-9.457060
-9.325643
-9.525792
-8.748586
-9.236823
-8.531456
-8.910259
-8.482489
-8.759880
-7.782319
-8.587446
-7.511104
-7.575821
-7.873235
-7.661378
-6.839312
-6.591024
-6.437743
-6.370088
-5.666473
-5.610586
-5.362353
-5.103580
-5.130235
-4.846998
-4.897215
-4.628797
-4.007493
-3.522935
-3.660281
-2.679202
-2.860506
-2.099126
-2.198717
-1.530373
-1.653307
-0.855749
-0.736011
-0.940731
-0.807125
-0.001655
