-0.014168
0.433085
0.551923
0.819895
1.689926
2.233652
2.415877
2.547853
2.962448
3.265778
3.456685
3.228746
3.479833
4.429921
4.191953
4.970012
5.313590
4.981758
5.946327
5.562661
5.968359
6.541335
7.059571
6.784586
7.054060
7.002202
7.654877
7.429821
7.646715
8.456638
8.718607
8.109477
8.220147
8.693434
9.368047
9.283124
8.985794
9.390831
9.009455
9.417305
9.582541
10.041908
9.425938
9.814498
10.084465
9.504501
9.722390
10.276978
10.229573
10.252264
9.737103
10.103853
9.612734
10.108361
10.098129
9.481079
9.885605
9.646047
10.079790
9.506049
9.500908
8.980786
9.412499
8.727830
9.072487
8.650093
8.294996
8.823406
8.092554
7.946034
7.672739
7.565132
7.906848
7.217630
7.286312
7.285149
6.728290
5.959167
6.182799
5.977673
5.769103
5.175527
5.032024
4.583993
4.716860
4.696811
4.078319
3.799301
3.303428
2.761306
2.324221
2.912778
1.718360
1.564784
2.060771
1.473998
1.086881
0.424647
0.740442
-0.003055
-0.079338
-0.450880
-0.618233
-1.266842
-1.984854
-1.704576
-1.986218
-2.712310
-3.172301
-3.209044
-3.561382
-3.875575
-3.711752
-3.803921
-4.355611
-4.679009
-4.930969
-5.779593
-5.618162
-5.697215
-6.343006
-5.922977
-6.922710
-7.017400
-7.508067
-7.258059
-7.801136
-7.311503
-7.850361
-7.690704
-7.928139
-8.321028
-8.551592
-8.601982
-8.596827
-8.569702
-8.892099
-9.730753
-9.347324
-9.629545
-9.980199
-9.353299
-9.976920
-9.679936
-9.631450
-9.704545
-10.221218
-9.935436
-10.415970
-9.633423
-9.549913
-9.998283
-10.297747
-10.175336
-9.622094
-10.179631
-9.752986
-9.798447
-9.496099
-9.287731
-9.015337
-9.626868
-9.671748
-9.149329
-9.020111
-8.888090
-8.154767
-8.693873
-7.850278
-8.448418
-7.733099
-7.771553
-7.055632
-7.217901
-7.242888
-7.091157
-6.487541
-6.860342
-5.875587
-6.365463
-5.652026
-5.349398
-5.215809
-5.215970
-4.503736
-4.602523
-4.121450
-3.504340
-3.042802
-3.277358
-2.649826
-2.614629
-1.876241
-2.043090
-1.601605
-1.408584
-0.547780
-0.141070
-0.499087
0.419215
