-0.112684
1.067770
1.116083
0.766609
1.830856
2.198059
2.517269
2.204568
2.827975
2.677220
3.830563
3.304440
4.185636
4.737981
4.843011
4.674603
4.906740
5.474588
5.857367
5.860225
5.853142
6.102461
6.620727
6.872778
7.111027
7.586511
7.440847
7.391360
7.625663
7.835970
8.632776
8.793722
8.447667
8.595398
8.838692
9.338164
8.953523
9.171446
9.415963
9.110113
9.676969
9.950936
9.433976
9.805239
9.562968
10.065042
10.013253
10.279846
10.268524
9.671555
9.703383
10.188916
10.434673
10.382549
9.504558
9.340031
10.177048
10.181536
9.219032
9.346174
9.288138
9.359276
9.661970
9.230599
8.869219
8.927148
8.593271
8.781744
8.330741
8.552740
7.823075
7.745669
7.244348
6.890386
7.321563
6.723623
6.795533
6.486564
6.548494
6.070771
6.096326
4.938337
4.946657
4.615374
4.547975
4.390028
3.633118
3.206788
3.219092
3.454613
3.082548
2.435084
2.627049
2.220356
1.919925
0.784240
0.469859
0.924100
0.536007
0.411055
-0.529195
-0.678704
-0.863854
-1.673134
-1.428002
-1.386407
-2.431625
-2.579805
-2.570854
-3.229631
-3.627574
-3.576243
-4.315100
-4.165691
-4.417654
-4.636767
-4.595101
-5.403701
-5.619988
-6.013678
-5.696177
-6.032547
-7.036274
-7.222419
-7.396003
-7.518303
-7.969019
-7.630708
-7.416815
-8.024143
-8.598881
-8.736012
-8.699956
-8.710818
-8.552561
-9.289197
-9.621853
-8.954535
-8.915366
-9.275029
-9.846088
-10.160777
-9.344919
-9.626409
-9.585827
-10.199539
-9.603949
-9.867557
-9.919749
-10.157190
-9.534256
-9.760877
-10.212341
-9.540080
-9.621590
-9.787803
-9.442842
-9.323779
-9.272521
-9.269163
-9.312508
-9.101404
-9.219245
-9.111365
-8.502718
-8.780937
-9.010787
-8.306713
-8.763858
-8.547996
-7.925292
-7.597499
-7.689796
-7.659462
-7.104365
-7.017569
-6.791099
-6.673688
-6.323188
-6.133113
-5.302111
-5.343111
-4.757131
-5.268854
-4.428567
-4.199219
-3.856790
-4.014436
-3.408390
-3.509731
-2.706663
-2.140139
-2.375971
-2.219769
-1.857473
-0.886149
-1.154748
-0.583510
-0.035275
0.135822
