0.696851
0.916915
0.660801
1.286867
1.841574
2.349718
2.353109
2.686604
2.395199
3.301316
3.192876
3.340710
3.829555
4.444574
4.615820
5.222452
5.187967
5.551607
5.649444
5.768427
6.314477
6.376610
6.167472
7.279099
6.593991
7.563406
7.330981
7.461242
7.749001
7.972772
8.084890
8.385145
8.345960
9.090823
8.750316
8.775920
9.506352
9.481192
9.126173
9.048024
10.045891
10.051335
9.822239
9.402285
10.062249
10.385809
10.353241
10.299604
10.193230
9.503393
9.607237
10.449003
9.817199
9.909301
9.499631
10.116774
9.943174
9.561307
9.911146
9.858184
9.435391
8.899012
9.616620
8.906554
8.753345
8.488641
8.720396
8.332367
7.958870
7.916308
7.813663
7.471090
7.669821
6.851539
7.113640
6.645870
6.342460
6.246488
6.065604
5.393494
5.500899
5.130270
5.382679
4.903251
4.533327
4.353796
4.467988
3.248455
3.729954
3.536282
2.344047
2.160017
2.332303
1.842287
1.493909
1.624610
1.255471
1.086015
0.567785
0.151414
0.001270
-0.191495
-0.869727
-0.847524
-1.423584
-1.936455
-1.741764
-2.720876
-2.841186
-3.306682
-3.148656
-3.812244
-3.933130
-3.848421
-4.791316
-5.008375
-5.356263
-5.365648
-5.955485
-5.803897
-5.656850
-6.652163
-6.695600
-6.828951
-7.164502
-7.069233
-7.323991
-8.130279
-7.867632
-7.630763
-8.045363
-8.625047
-9.097212
-8.299933
-9.384218
-9.529191
-8.983579
-9.783370
-9.772901
-9.554097
-10.038123
-9.947375
-9.707534
-9.545938
-10.151620
-9.734688
-9.657092
-9.990618
-10.179473
-10.429332
-10.394456
-9.718790
-9.693880
-10.406411
-10.367227
-9.684327
-9.302036
-10.150903
-9.777427
-9.407532
-9.802381
-9.370737
-8.832501
-9.104803
-8.573850
-8.685192
-8.363492
-8.174058
-8.534317
-7.902324
-7.605363
-8.136013
-7.090985
-7.433685
-6.886410
-6.681228
-6.594247
-6.290946
-6.613815
-5.804031
-5.619040
-5.821109
-4.615670
-4.612454
-4.652292
-4.028678
-3.770536
-4.106489
-3.349490
-2.633783
-3.234402
-2.781148
-1.731235
-1.751406
-2.034219
-1.169970
-0.690052
-0.856682
0.003838
-0.020454
