0.200291
1.061835
1.422530
1.402731
1.136466
2.016012
1.934474
2.518261
3.231932
2.670999
3.175236
4.157131
3.670330
4.673421
4.517657
5.281395
4.717203
5.413169
5.480808
6.266153
6.211938
6.674378
6.643792
6.493498
6.970069
6.804891
7.036549
7.549087
7.961419
7.969725
8.741887
8.845748
8.502318
8.965912
9.186477
8.757400
9.279686
9.556253
8.977855
9.673904
9.910257
9.823781
10.004253
9.710014
10.364742
10.119729
10.008799
10.429085
9.908951
10.190018
9.603551
9.858811
10.015677
9.875329
10.002662
9.522000
9.480913
9.713600
9.728425
9.801010
9.134823
8.838613
8.711198
9.452457
9.147326
9.225298
9.091816
8.021476
8.401720
8.159624
8.162917
7.948455
7.621867
7.647129
7.242307
7.306734
6.894076
6.426753
6.474052
5.462064
5.460419
5.368319
4.946814
4.536264
4.128095
4.023902
4.040674
3.912431
3.775937
2.878762
3.238650
2.479408
2.598702
1.384609
1.342524
1.727466
0.726804
0.510199
0.602532
-0.460071
0.126680
-0.188769
-0.767365
-1.409107
-1.565773
-1.895875
-2.670783
-2.712320
-2.935193
-3.315962
-3.364852
-3.660028
-4.223903
-4.282574
-4.510199
-4.844165
-4.632170
-5.562211
-5.485958
-5.694548
-6.175796
-6.161841
-6.995989
-6.956375
-7.019249
-7.363358
-7.188311
-8.010400
-7.577647
-8.341290
-8.203343
-8.003576
-8.595643
-8.983499
-9.044943
-9.021711
-9.670119
-9.031891
-9.066135
-9.717637
-10.006515
-9.563328
-9.567750
-9.723186
-9.950384
-9.914960
-10.222627
-10.330832
-10.175740
-9.956833
-10.347254
-10.114503
-10.256951
-9.739947
-9.762347
-10.317115
-10.186934
-9.730629
-9.278891
-9.425648
-9.557739
-9.122223
-8.806019
-8.742716
-8.690855
-8.550668
-8.676608
-8.286320
-8.218672
-7.981448
-8.235829
-7.312648
-7.835288
-7.514618
-6.682488
-7.241274
-6.481711
-6.857873
-5.739638
-5.443583
-5.427214
-5.162408
-5.043546
-4.466503
-4.944989
-4.583558
-3.830644
-4.145772
-3.625824
-3.346320
-3.009829
-2.517338
-1.880677
-1.765834
-1.388241
-1.319215
-0.836275
-0.812850
0.128193
-0.101322
