-0.128241
0.544718
0.584383
1.393133
1.210827
2.067634
2.167270
2.510248
3.167184
2.634628
3.726284
3.672871
4.292505
4.387724
4.109755
5.105189
5.404278
5.516930
5.709202
5.811703
6.321457
6.824062
6.460006
6.638572
6.655635
7.005253
7.622262
7.373823
7.532193
8.226076
7.934770
8.624359
8.488986
8.775955
9.207847
9.097883
9.673282
9.606589
9.075742
9.373484
9.588952
9.908310
9.913852
9.855953
9.833476
10.405865
10.094629
9.734870
9.878092
10.482227
10.173714
10.234561
10.367239
9.429516
9.654702
9.329630
10.091837
9.955026
10.044153
9.060649
9.440177
8.943323
8.893158
9.344077
8.884635
8.375466
8.761091
8.716496
8.149996
7.797641
8.208800
7.904197
7.177109
6.883188
7.078065
7.279533
6.372201
6.542402
6.025501
5.902675
5.919320
5.373697
4.694843
4.718837
4.304923
3.996843
3.551664
3.900714
3.745539
3.393041
3.213089
2.761276
1.721940
1.598849
1.159878
1.636112
0.679889
0.434107
-0.018988
0.118055
-0.205039
-0.221994
-0.639221
-1.406441
-1.403115
-2.368892
-2.278010
-2.883737
-2.489023
-2.673181
-3.414692
-3.925618
-3.544630
-4.640257
-4.665958
-5.181918
-4.819306
-5.035953
-6.068760
-5.655588
-6.162777
-6.095165
-6.855418
-7.001671
-7.418242
-7.007339
-7.876085
-7.323023
-7.555226
-8.584177
-7.909764
-8.468499
-8.864368
-8.719130
-8.939217
-8.624570
-9.282265
-9.325577
-9.845538
-9.663272
-9.670840
-9.533019
-9.422302
-9.669680
-10.303998
-9.923261
-9.736045
-10.048336
-10.059205
-9.798611
-10.281781
-9.656318
-9.956213
-9.713822
-10.343610
-9.422714
-9.645961
-9.355810
-9.860094
-9.489287
-9.890015
-9.503970
-9.065666
-9.544674
-9.139494
-8.565772
-8.157332
-8.393239
-8.254696
-7.726538
-7.717702
-7.481589
-7.774660
-7.125763
-7.047227
-6.662930
-6.871132
-6.261883
-6.427815
-5.621701
-5.931702
-5.402687
-4.883728
-4.719331
-4.636117
-4.621773
-4.216161
-3.794773
-3.662978
-2.946122
-2.614520
-2.979342
-2.507917
-1.391070
-1.184425
-0.778646
-1.018228
-0.681357
-0.322398
0.218920
