0.094918
0.927660
0.734594
1.371614
1.951609
1.945901
2.069737
2.748999
2.433531
3.319470
3.192986
3.860061
4.202477
4.519919
4.166070
5.100766
4.626887
5.216061
5.861046
5.683304
5.987892
6.182260
6.647034
6.875211
7.399747
7.754319
7.307300
7.290738
8.392291
8.434809
8.251482
8.867544
8.469567
8.558078
8.844847
9.250810
8.885474
9.249305
9.132468
9.077518
9.104992
9.867580
10.028595
10.132320
9.627197
9.529742
10.030247
9.485766
9.682555
9.513665
10.487758
10.109783
10.429812
10.357068
10.362017
10.047855
9.489787
9.754031
9.400513
9.356005
9.665572
9.762544
9.301776
8.995807
9.283958
8.337091
8.433129
8.058807
8.182581
8.438622
7.621438
7.788868
7.442216
7.299125
7.565059
6.477384
6.312418
6.189475
6.086407
5.702159
5.170102
5.044832
5.246368
4.705092
4.703286
3.967543
4.264865
3.333983
3.572029
3.024234
3.253347
2.689379
2.309328
2.345554
1.792598
0.955126
0.686928
1.016336
0.813461
-0.385095
0.109635
-0.633113
-0.827081
-1.360316
-1.770321
-1.424107
-2.592210
-2.764281
-3.217224
-3.129040
-3.354248
-3.348481
-4.232169
-4.533030
-4.818561
-4.886941
-5.412614
-5.604729
-5.320791
-5.929082
-5.907015
-6.501476
-6.413701
-6.960612
-7.152337
-7.260061
-7.624458
-7.478931
-7.910070
-8.502400
-8.559477
-8.778108
-8.218306
-8.371907
-8.867509
-8.786708
-9.316979
-9.441845
-9.799574
-9.703700
-9.537788
-9.596985
-9.732634
-9.539006
-10.175426
-10.238852
-10.431167
-9.964894
-10.011767
-10.013247
-10.376473
-10.435270
-10.080284
-9.763941
-10.056130
-10.198696
-9.604542
-9.655614
-9.283057
-9.163361
-9.259988
-9.347194
-9.342709
-9.077566
-8.734927
-9.122265
-8.629944
-8.755982
-8.063307
-8.282661
-8.084345
-7.890397
-7.900014
-7.461417
-7.013156
-6.552582
-6.981996
-6.794742
-6.244472
-5.417146
-5.465096
-4.964214
-4.884096
-4.857686
-4.166544
-4.062720
-4.445440
-3.558633
-3.517250
-3.256021
-2.401509
-2.589242
-2.607535
-1.835767
-1.417833
-1.324887
-1.431559
-1.088425
-0.806306
0.475088
