-0.133855
0.638699
1.032310
0.906014
1.901201
1.841750
2.100753
2.932533
3.258658
2.661740
3.009204
3.426044
3.671051
4.065919
5.035952
4.405904
4.955687
5.237489
5.522901
5.815663
5.887222
6.431318
6.636616
7.311646
6.882729
7.522374
7.016178
8.087072
7.694862
8.426336
8.135282
8.030645
8.962259
8.308179
8.996984
8.718571
9.272755
9.088368
9.370424
9.446709
9.410786
9.651562
10.039257
9.558864
9.381638
9.537102
9.945339
9.677095
9.514685
10.330991
10.070398
9.949123
9.662861
9.624590
9.964691
9.533759
9.261954
9.533190
9.679943
9.659413
9.630292
9.289942
9.141715
9.138512
9.184003
8.382716
8.483521
8.496468
8.717018
8.547573
8.356656
7.996232
7.779030
7.585393
7.240053
6.795386
6.708453
6.358555
6.366668
6.293747
5.756324
5.032979
4.924883
4.925538
4.370152
4.327156
3.950064
3.622591
3.310521
2.995885
2.876652
2.792390
2.415776
1.555899
1.524677
1.347732
1.131540
0.780785
0.275358
-0.419431
-0.237550
-0.676707
-0.869837
-1.319501
-1.349942
-2.131377
-1.681805
-2.824439
-2.965312
-2.715184
-3.640836
-3.631676
-3.951229
-4.561764
-4.282869
-5.020070
-5.006703
-5.770790
-5.236933
-6.222504
-6.558595
-6.389833
-6.784201
-7.235108
-7.487420
-7.644660
-7.187087
-7.360105
-7.762381
-8.287205
-7.959014
-8.194874
-8.388986
-8.955817
-8.505556
-9.081705
-9.188572
-9.003019
-9.754436
-9.995658
-9.340745
-9.545589
-9.785228
-9.695079
-9.955296
-10.030030
-10.290964
-9.981538
-9.960437
-10.301518
-10.375823
-9.644080
-10.029204
-10.391535
-9.728682
-9.895105
-9.932272
-9.522746
-9.650304
-9.149866
-9.382322
-9.258395
-8.896409
-9.109934
-9.145774
-8.450860
-8.511326
-8.799935
-7.792022
-8.181152
-8.362862
-7.765510
-7.875846
-7.406634
-7.498839
-7.134821
-6.363865
-6.662072
-6.546593
-6.350770
-6.084122
-5.242430
-5.136720
-4.434980
-4.555290
-4.480851
-3.940422
-4.057085
-3.459398
-2.961457
-2.573609
-2.007912
-2.561355
-1.441668
-1.702604
-0.981382
-1.224856
-0.811702
-0.573098
0.049740
