-0.120106
0.970331
1.378448
1.067211
1.576667
2.321028
2.275852
2.444194
3.139973
2.731949
3.429664
4.148334
3.901391
4.319577
4.705554
4.789732
5.504268
5.804489
5.128222
6.066232
6.282116
6.801956
6.978733
6.618865
7.164895
6.990983
7.322247
8.155339
7.989395
7.876897
8.624616
8.147732
8.804270
8.730871
8.584607
8.673883
9.051711
9.294213
9.131195
9.845588
9.624593
9.336454
10.242137
9.910070
9.595442
10.359723
9.477876
10.138748
10.330552
10.170437
9.973952
10.090658
9.703699
10.202336
9.417295
9.550967
9.712883
10.134362
9.929345
9.506817
9.841597
8.920328
8.677922
9.109800
9.088932
9.074493
9.061757
8.709167
8.534246
8.119154
8.182437
8.098283
7.155170
7.102623
7.096880
7.016715
6.298399
6.377926
6.139607
6.099014
5.457891
4.903458
5.189225
4.980900
4.591902
3.797676
3.555171
3.869238
2.950402
3.240438
2.794870
2.114872
2.010895
2.028625
1.213311
1.264531
0.811504
0.217602
0.213818
-0.427081
-0.163924
-0.836468
-1.173792
-1.675285
-1.334608
-1.587073
-2.527175
-2.260751
-3.106879
-2.674106
-3.009648
-3.984326
-4.333433
-3.875918
-4.858814
-5.242759
-4.767945
-5.573379
-5.714588
-5.632215
-5.852866
-6.803777
-6.589065
-7.151879
-6.769388
-7.050577
-7.852546
-7.231025
-7.448621
-7.985078
-8.306430
-8.523822
-8.559351
-9.096451
-9.265282
-9.311734
-9.122410
-9.714594
-9.318108
-9.389215
-9.619051
-9.396412
-9.889750
-9.827345
-10.014190
-10.364764
-9.768312
-9.630119
-9.994301
-9.784714
-10.036412
-9.588912
-10.423104
-9.994173
-10.271308
-9.750426
-9.988546
-9.958830
-9.430051
-9.823136
-9.690404
-9.443586
-9.451002
-9.508133
-9.091083
-8.895896
-8.548334
-8.718065
-8.769766
-8.402526
-7.891807
-7.582033
-7.655492
-7.045688
-6.685787
-6.811559
-6.192383
-5.999977
-6.595880
-5.606073
-5.315336
-4.923397
-4.985136
-5.203075
-4.707166
-4.228602
-4.335573
-3.377515
-3.125205
-3.036847
-2.458569
-2.684523
-2.370180
-1.643293
-1.309839
-1.585330
-1.102820
-0.906645
-0.122488
0.171873
