0.602746
0.558458
0.643481
1.697672
1.296870
2.312820
2.507011
2.691114
2.308914
3.501936
3.810270
3.217770
4.409594
4.441045
5.036559
4.590029
5.169479
5.221004
5.720227
5.747768
5.915444
6.799207
6.135430
6.495837
6.973492
7.143381
7.578369
7.621378
7.815175
7.818266
7.919218
8.427203
8.380791
8.593047
8.426916
9.424556
8.679945
9.304912
9.660876
9.920111
9.837907
10.167602
10.096423
9.331390
9.478373
9.782790
9.534853
10.286461
10.083823
10.289677
9.802317
9.806138
10.303286
10.382687
10.276908
10.130067
9.840443
9.373251
9.886394
9.813058
9.641346
9.578606
8.838160
9.027778
8.880181
8.726962
8.777529
7.984942
8.445341
8.408863
7.534294
8.062848
7.715620
6.950163
6.592082
7.096216
6.290882
6.527521
5.922378
6.140570
5.547728
5.783275
4.870375
5.054484
4.369611
4.316861
4.238955
4.040545
3.806441
3.359546
3.089366
2.634250
2.488231
2.351031
1.895322
1.585292
1.242111
0.616987
0.260712
0.311471
-0.163813
-0.636069
-1.100166
-1.109121
-1.896934
-1.720055
-1.815811
-2.834474
-2.525255
-2.840487
-3.879292
-3.506772
-4.160009
-4.500591
-4.103456
-4.390388
-5.467190
-5.809279
-6.090575
-6.009417
-6.430755
-6.407288
-6.210523
-7.122729
-6.834696
-7.137384
-7.192306
-7.451697
-8.294994
-8.405491
-8.150226
-8.154704
-8.702233
-8.693926
-8.537594
-9.448088
-8.805334
-9.557688
-9.410312
-9.598859
-10.039241
-9.227993
-9.370379
-9.587426
-9.934780
-9.745189
-9.932688
-10.421167
-9.588027
-10.482069
-10.315749
-9.582140
-9.616529
-10.200710
-9.851417
-9.721758
-9.290305
-9.271024
-9.713037
-9.646511
-9.160887
-9.478514
-8.911533
-9.268479
-8.680273
-8.862767
-9.025987
-8.080146
-8.611452
-7.744608
-7.788821
-8.200027
-7.421479
-7.355117
-6.658121
-6.980155
-6.867765
-5.954866
-5.914849
-6.078675
-5.440205
-5.427595
-4.761036
-4.627874
-4.354921
-4.684106
-4.270827
-4.155893
-3.376306
-3.198095
-2.341632
-2.902163
-2.397952
-1.629360
-1.346829
-0.766544
-1.361044
-0.832435
0.067109
-0.286247
