0.349751
0.656369
0.949957
1.165499
1.341167
2.331041
1.844585
2.299047
2.387455
3.551106
2.942477
3.476488
3.596983
4.338485
4.943733
4.584949
5.471283
5.817993
5.957823
5.788420
5.886475
6.244341
6.313594
7.245512
7.126834
7.260039
7.904469
7.883708
7.813195
7.897055
8.399528
8.457586
8.164848
9.240332
8.464049
9.020588
9.382024
9.164938
9.030402
9.099820
9.754954
9.869249
10.062713
9.893536
10.101685
9.945991
9.461192
9.831663
9.791184
10.020104
10.108130
9.696563
10.004801
9.723568
9.830315
9.372673
9.434020
9.773903
9.980505
9.865695
9.352376
8.809954
9.223725
9.238473
9.035337
8.405185
8.219940
7.973866
7.790711
8.017221
8.172423
7.850644
7.926851
7.039299
7.504810
7.220835
6.389958
6.491376
6.537815
5.932534
5.158055
5.516600
5.144606
4.444760
4.425415
4.315781
3.568052
3.478436
3.642649
2.913320
3.270968
2.641352
2.529258
2.040339
1.646684
1.297777
1.282766
1.066351
0.289856
0.100230
-0.357801
-0.809501
-1.293601
-1.747384
-1.118230
-1.584693
-2.089116
-2.051252
-2.583735
-2.813538
-3.360903
-4.028463
-4.445609
-4.716936
-4.234997
-5.292978
-5.316534
-4.866234
-6.015789
-5.476089
-6.466509
-6.616018
-6.804538
-6.476793
-7.485026
-6.993125
-7.345746
-7.425604
-7.668586
-8.433631
-8.506834
-8.280706
-8.540109
-9.131929
-8.415730
-8.809816
-9.335447
-9.106744
-9.392177
-9.766824
-9.734870
-9.976811
-9.655545
-10.206598
-10.000369
-10.127440
-10.299120
-9.778080
-9.662767
-10.275784
-9.586240
-9.536834
-10.429199
-9.604137
-9.913544
-10.118292
-10.068054
-9.589593
-10.062683
-9.727234
-9.292359
-9.410928
-9.371078
-9.542612
-8.544207
-8.761473
-8.950453
-8.622994
-8.429687
-8.583339
-8.183879
-7.809338
-7.976293
-7.466545
-6.643321
-6.667749
-6.142296
-6.807559
-6.554871
-5.554417
-5.150390
-5.482581
-5.100729
-4.732462
-4.614969
-4.258448
-4.105897
-4.152578
-3.809845
-3.069934
-2.942960
-2.518892
-2.573930
-2.028312
-1.617305
-1.069331
-0.828792
-0.323262
-0.389770
-0.148995
