-0.053330
0.686490
1.311993
1.157350
1.233539
1.514737
2.219185
2.522661
3.048169
2.901385
3.821318
3.875023
4.054661
4.442560
4.061107
4.963902
5.356232
5.281429
5.541812
6.104000
5.992731
6.804418
7.095688
6.551426
6.985150
6.962363
7.185190
7.550006
8.038287
7.807035
8.050676
8.522989
8.133088
8.666742
9.164950
8.578265
9.152197
9.325781
9.764442
9.561073
9.547200
9.549202
9.611062
9.819576
10.228632
10.040771
9.826850
9.876773
9.578241
9.755653
10.488744
10.439720
9.820245
10.368355
9.804370
9.977635
9.686306
9.790630
9.823826
9.616437
9.400924
9.673976
9.193062
8.566493
8.538534
9.251318
8.544014
8.516184
8.318762
7.590902
7.869743
7.275820
7.795238
6.905180
7.369521
6.412716
6.900554
6.311556
6.318362
5.956198
5.440819
5.519445
5.397644
5.217801
4.966330
4.427014
4.163424
4.172407
3.145227
2.892222
2.425562
2.598605
2.100124
1.634495
1.357263
0.767347
0.502281
0.433685
0.129975
-0.461059
-0.436581
-0.929425
-0.976992
-1.042004
-1.067465
-1.935708
-2.226416
-2.859389
-2.599899
-3.126632
-3.482684
-4.056359
-3.640824
-4.424621
-4.830459
-4.987039
-5.540842
-5.831967
-5.374573
-6.302041
-6.339981
-5.911231
-7.013311
-7.153117
-6.870284
-6.978034
-7.740708
-8.069373
-7.501171
-7.843918
-7.814424
-8.737531
-8.891777
-9.086327
-9.145847
-9.259690
-8.832859
-9.057647
-9.232814
-9.134374
-9.500528
-9.786498
-9.903109
-9.913419
-9.979224
-9.705143
-10.017576
-9.668035
-9.807791
-9.657295
-10.357947
-10.228925
-9.586138
-9.501850
-9.497078
-10.011961
-9.425392
-9.521511
-9.704378
-9.878356
-9.541952
-8.842875
-9.101299
-9.461386
-8.949539
-8.295938
-8.238294
-8.371375
-7.824675
-8.131832
-7.719307
-7.301869
-7.549511
-6.890079
-7.240703
-6.462634
-7.098328
-6.592821
-6.514165
-6.117605
-5.291184
-5.822608
-4.989385
-4.394573
-4.957677
-3.882699
-3.929770
-4.152738
-3.295468
-3.214453
-2.602284
-2.538647
-1.869398
-1.734772
-1.621634
-1.190775
-1.259643
-0.675175
-0.631858
-0.056216
