-0.098213
0.757609
0.931047
1.709894
1.604052
2.068382
1.901113
2.035980
2.556291
2.701231
3.177834
3.547257
3.712942
4.051922
4.746730
4.694642
5.360347
5.407076
5.929381
6.165378
6.063291
6.669463
6.716707
6.444811
7.027379
7.688523
7.290625
7.281263
8.024932
8.003028
8.760264
8.518065
8.559587
8.911735
8.676937
9.134558
9.195922
9.129415
9.113202
9.199996
9.187690
9.591739
9.911430
10.041288
9.540747
9.456419
10.268953
10.374106
9.534692
10.314357
10.183210
10.006822
9.810927
10.146954
9.740049
10.203123
9.658006
10.121804
10.052147
9.815749
9.649167
9.181643
9.052458
9.369279
8.668458
8.850885
8.852687
8.013075
8.761458
8.087854
7.499746
7.978569
7.169339
7.775272
7.395335
7.051605
6.612803
6.550614
6.571398
5.545753
5.855459
5.460586
5.240188
4.706798
4.389270
4.066240
3.841630
3.634470
3.761115
3.050446
3.242483
2.959382
1.922801
1.744418
1.967377
0.818739
0.503964
0.325182
0.278923
0.380343
-0.257046
-0.371656
-0.756911
-1.697071
-1.298521
-1.868550
-2.559556
-2.917749
-2.792555
-2.732482
-3.092278
-3.900849
-3.836074
-3.855331
-4.525280
-5.247484
-5.391898
-4.899523
-5.151787
-5.697300
-6.318156
-6.063652
-6.738479
-6.429320
-7.466669
-7.393118
-7.178850
-7.666034
-7.648243
-8.190116
-8.406049
-8.858245
-8.975925
-8.534268
-9.377183
-9.179629
-8.843011
-8.823724
-8.912368
-9.263557
-9.135466
-10.171741
-9.710029
-9.932827
-9.850411
-10.138170
-9.735301
-10.422611
-10.329236
-9.702930
-10.087719
-9.936471
-10.303004
-9.521354
-9.617946
-9.607638
-9.850327
-9.727666
-9.983668
-9.494480
-9.578960
-9.369301
-9.325118
-9.307836
-8.765294
-9.187292
-8.825293
-8.825650
-7.974582
-8.020129
-8.127416
-7.941021
-7.428599
-6.793850
-7.488440
-6.722194
-6.643045
-6.079919
-6.069014
-5.840282
-6.008988
-5.684336
-4.718150
-5.255044
-4.890806
-4.152370
-4.334588
-3.636436
-3.422406
-3.560690
-2.842439
-2.128399
-2.201153
-2.353114
-1.928875
-1.354186
-1.273615
-0.192842
-0.699245
-0.329657
