0.012348
0.471654
0.716592
1.104939
1.440346
1.896984
2.419799
2.122420
2.837113
3.428993
3.349323
3.330490
3.953896
4.521117
4.291974
5.229256
5.039034
5.795665
5.201193
5.427347
5.986838
6.529113
6.941202
6.756862
7.354998
7.013032
7.408619
7.748040
7.651235
8.378852
8.157183
8.748651
8.766282
8.948624
9.331006
8.628285
8.725116
8.811451
9.140924
9.771861
9.952052
9.904323
9.320287
9.538557
10.233594
9.884014
9.569896
9.556373
10.069074
9.957690
10.193618
9.743072
9.963834
9.893067
10.315527
10.121950
10.076570
10.090207
9.917152
9.454053
9.844916
9.275491
8.790442
9.401891
8.785657
9.139086
8.989877
8.428505
8.200285
8.507139
8.376021
7.697557
7.633978
7.624119
6.729691
6.660023
6.134430
6.523730
5.936305
5.995951
5.477719
5.060998
5.336096
4.894540
4.219263
4.515025
4.206755
4.152725
3.563104
3.275779
2.764672
2.566588
2.213355
1.381006
1.590679
0.834385
1.132657
0.416283
0.002677
-0.411346
-0.720014
-0.163224
-0.641597
-1.447265
-1.930781
-1.891993
-1.984895
-2.410006
-2.504262
-2.895381
-2.985922
-3.774933
-4.247344
-4.557453
-4.634261
-4.816197
-5.302923
-5.160416
-5.413054
-6.316672
-5.789234
-6.121156
-6.153487
-6.516058
-6.813584
-7.718237
-7.256859
-7.773728
-7.888584
-8.409925
-7.853559
-8.260175
-8.258066
-9.026507
-9.079755
-9.529798
-9.464115
-9.325326
-9.648500
-9.835113
-10.045387
-10.137858
-10.021025
-9.816651
-9.997259
-9.522515
-10.273291
-10.429882
-10.362445
-9.556841
-10.078075
-10.002315
-9.636299
-9.445857
-9.941696
-9.420053
-9.370256
-9.471978
-9.298295
-9.194586
-9.873344
-9.421706
-9.671645
-9.059959
-9.146986
-8.779840
-8.976114
-7.962685
-8.682901
-7.631938
-8.398686
-7.714918
-7.180975
-6.907805
-7.062143
-6.802500
-6.929543
-6.366331
-6.470442
-5.855005
-5.647025
-5.319061
-4.866932
-4.728521
-4.965234
-4.148401
-3.849806
-3.323046
-2.921068
-3.087372
-3.246920
-2.292232
-2.391220
-1.715034
-1.811716
-1.705420
-1.278313
-0.586834
-0.554152
0.004985
