0.806762
0.447235
0.559483
1.026710
1.474491
1.886471
1.858507
2.262022
2.597524
2.688479
3.489378
3.825087
3.669487
4.506192
4.567389
4.471474
5.181801
5.060970
5.882237
6.121235
6.507100
6.870327
6.810832
6.670188
7.556130
7.537911
7.923474
7.852270
7.612281
7.633294
7.828870
8.153482
8.198310
8.363564
8.496679
9.102950
8.706448
9.002072
9.881375
9.305712
10.081916
9.436397
9.376070
10.298947
9.447403
9.960136
9.548065
9.825033
10.205621
10.384612
9.972561
10.061008
9.602395
9.965867
9.772571
9.852612
10.115486
9.441250
9.450643
9.355936
9.063883
8.938050
9.292671
9.383430
8.725025
8.395580
8.395647
8.837618
8.584185
7.959336
7.760492
7.533630
7.568981
7.191077
7.158993
7.239498
7.091137
6.604184
6.303620
6.333770
5.653871
5.752353
4.928023
4.709827
4.140933
4.482954
3.833187
4.071087
3.765570
2.876936
2.825909
2.421695
2.282789
1.503583
2.055648
1.390496
1.052300
1.015000
0.546840
-0.232701
-0.246301
-0.897704
-0.813322
-0.955963
-1.633054
-2.132634
-2.028183
-2.784008
-2.769461
-2.786480
-2.921020
-3.402654
-4.085775
-4.093647
-4.139473
-4.350296
-5.180779
-5.810053
-5.485120
-6.238953
-6.009789
-6.097533
-6.583452
-6.775330
-6.787176
-6.857129
-7.371125
-7.794016
-7.901216
-7.785207
-8.286623
-8.518073
-8.238729
-8.897106
-9.065095
-8.652139
-9.016393
-9.501112
-8.944632
-9.773604
-9.313395
-10.167497
-9.877845
-9.888792
-10.248361
-9.681278
-9.650638
-9.706484
-10.288751
-10.314836
-9.902786
-9.563635
-9.520602
-10.089989
-9.408752
-9.773724
-9.550866
-9.780964
-9.664859
-9.817012
-9.669638
-9.179021
-8.896770
-8.604850
-9.157687
-9.067292
-8.946230
-8.235779
-8.153269
-8.537146
-7.733678
-8.039900
-7.287022
-6.833886
-7.558565
-6.626601
-6.838369
-6.338172
-6.397830
-5.895717
-5.456629
-4.936173
-5.199022
-4.910001
-4.830478
-3.943673
-4.470228
-3.652933
-3.877861
-3.092768
-2.431716
-2.503162
-1.851376
-2.043485
-1.332101
-0.778450
-0.776660
-0.886370
-0.688694
0.077973
