-0.104682
1.077737
0.454735
1.573805
1.925209
1.600283
2.135522
2.204434
2.508129
2.884742
3.108398
3.858699
3.733597
3.973757
4.926362
5.226225
4.781199
5.194476
5.336385
6.174074
5.825222
6.715162
6.434846
7.336243
7.033460
7.354060
7.144738
7.743985
8.189783
7.921337
8.477535
8.311989
8.271574
8.422253
8.750114
9.079351
8.899742
9.219736
9.908029
9.296040
9.670928
9.733722
9.850173
10.255106
10.214398
9.956200
10.269235
9.593572
10.213767
9.701750
9.698992
9.768893
10.436993
9.998148
9.565672
9.675937
10.136663
9.983062
9.247568
9.720907
9.818168
9.311492
9.634354
8.902768
9.098152
8.499280
8.624115
8.001741
8.269115
8.153161
7.465026
8.144136
7.148909
7.746826
6.719921
7.314598
6.495893
6.280959
6.468527
6.112081
5.305945
5.597221
5.312515
5.223887
4.678720
4.333615
4.406646
3.576451
3.150089
3.081347
3.195054
2.862140
2.675535
2.269709
1.122906
0.887559
0.955597
0.378103
0.734228
0.389866
-0.501908
-0.377338
-0.912658
-1.265979
-1.366356
-1.391259
-2.066751
-2.608886
-2.831311
-2.793176
-3.471667
-3.730992
-3.612057
-4.405465
-4.871370
-4.980518
-4.992371
-5.618489
-5.305894
-6.294763
-5.945935
-5.897913
-6.149211
-6.801581
-7.253063
-7.175277
-7.011282
-7.660037
-7.648618
-7.899662
-8.271030
-8.708596
-8.308856
-8.954154
-8.417580
-8.730197
-9.617601
-9.038889
-9.095151
-9.492978
-9.638171
-9.515189
-9.713116
-9.887717
-9.793643
-9.733226
-9.527001
-10.158327
-9.500344
-9.554697
-10.367466
-9.954470
-9.775830
-9.860446
-10.287239
-10.071793
-9.508531
-9.978400
-9.494242
-9.300051
-9.462258
-9.770290
-9.060383
-9.223249
-9.152793
-8.413475
-8.948960
-8.594819
-8.495317
-7.720822
-8.076297
-7.544703
-7.812823
-7.020703
-7.545871
-6.351829
-6.952270
-6.337260
-5.960616
-6.025972
-5.992532
-5.313023
-5.212589
-4.772046
-4.992318
-4.125064
-4.236172
-3.295150
-3.041306
-3.352638
-2.303815
-2.397557
-1.921502
-1.771665
-1.867572
-1.430845
-1.148898
-0.926423
-0.808886
-0.467330
