0.740315
0.473050
1.392847
1.211382
1.333094
1.458839
1.854647
2.564004
2.575200
2.769390
3.225834
3.931521
3.623917
4.213190
4.918027
4.705702
5.517517
5.791756
5.129030
5.976631
5.694231
6.030453
6.542483
7.070658
6.648106
7.509122
7.551719
8.002622
7.984653
7.880519
7.946518
8.721368
8.309645
8.474007
8.920446
8.998326
9.062233
9.216799
9.618155
9.985392
10.071399
10.096197
9.366982
9.664868
9.994893
10.149176
10.078548
9.566788
10.436445
10.008522
10.019485
9.863717
10.277183
10.280418
10.197498
9.532895
9.584898
9.698923
9.561125
9.127843
9.283039
8.857458
8.831268
9.168907
8.767129
8.450114
8.437282
8.003816
8.173494
7.907281
7.861397
7.884343
7.872742
7.293163
7.360949
6.621859
6.449630
6.309961
5.732934
6.093974
5.509120
5.383474
5.586384
4.869268
4.848361
4.663626
4.102475
3.239071
3.265086
3.496554
2.976108
2.576160
2.326835
2.251452
1.561851
1.415622
1.259269
0.730896
-0.122124
-0.161184
-0.494967
-0.774104
-0.489157
-0.851237
-1.673440
-1.858505
-2.583546
-2.962972
-2.763818
-3.562639
-3.885158
-4.150393
-4.452949
-3.884921
-4.611124
-4.917862
-5.440436
-4.998735
-5.807471
-5.446749
-6.577650
-6.250472
-6.878467
-7.025518
-7.422326
-7.242920
-7.458461
-8.097245
-7.567981
-8.581898
-8.760515
-8.283978
-8.344570
-9.108402
-8.982177
-9.146128
-9.510351
-9.081276
-9.905867
-9.324524
-9.763798
-9.289615
-9.445518
-10.134119
-9.984864
-9.616249
-9.848743
-10.308489
-10.144943
-10.202570
-9.959382
-10.478922
-9.807539
-9.500020
-9.587145
-10.137455
-9.620407
-9.763191
-10.060876
-9.925328
-9.179629
-9.279587
-8.999739
-8.657404
-9.009329
-9.116468
-8.118729
-8.205245
-7.910152
-8.416771
-7.934168
-7.245938
-7.718372
-7.587583
-7.201611
-7.199135
-6.239690
-6.097929
-6.485961
-5.753088
-6.103077
-5.189838
-5.161556
-4.417724
-4.712993
-3.921332
-3.596343
-3.806304
-3.835037
-2.654451
-2.859133
-2.615827
-1.971787
-1.989098
-1.618232
-1.599676
-0.820518
-0.647807
-0.598847
-0.258926
