0.165171
0.872958
0.665732
0.903223
1.567363
1.456740
2.492981
2.674084
2.794505
3.279053
3.111826
3.403078
4.426861
4.646529
5.002925
4.522123
4.848333
5.530462
5.518175
5.985331
6.265018
6.129340
6.656485
6.538399
7.466164
7.689142
7.794061
7.553220
7.996288
8.001217
8.336348
8.210412
9.009075
8.406049
9.224603
9.063263
8.850945
8.837356
9.218484
9.495464
9.172780
10.064417
9.467595
9.389658
10.360966
10.153190
9.992594
9.645851
10.119352
9.882681
10.080936
10.195033
9.626813
10.306350
9.699629
10.287219
10.147432
9.490279
10.039308
9.356243
9.548605
8.848932
8.805185
9.434635
9.055076
8.484364
8.522221
8.448890
7.787243
7.887621
7.887257
7.556451
7.125193
7.068119
7.035681
6.501018
6.753070
6.142688
5.807602
6.312141
5.689986
5.633023
5.031458
5.120188
4.755585
4.721210
4.263847
3.212487
3.510452
3.580668
2.401298
2.783375
1.764278
1.993215
1.359440
0.828627
0.555143
0.864233
0.185342
0.287634
-0.664826
-0.266443
-0.831295
-1.715946
-1.683378
-1.550865
-1.956935
-2.587707
-2.300697
-3.128678
-3.141487
-3.810265
-4.137811
-4.532281
-4.693544
-5.246678
-4.913104
-5.527682
-5.713997
-6.374176
-5.999343
-5.941179
-6.698689
-6.616526
-7.503837
-7.503551
-7.118570
-8.116072
-7.438362
-7.839711
-7.942707
-8.872338
-8.389245
-9.006441
-9.111264
-8.708935
-9.165528
-9.412176
-9.063124
-9.661016
-9.126398
-9.719770
-9.551669
-9.888173
-10.110639
-9.973795
-9.643406
-9.624824
-9.661757
-9.784160
-9.741730
-9.519388
-9.669942
-9.655482
-9.651492
-9.879750
-9.731982
-9.737248
-9.175839
-9.166409
-8.962411
-9.224986
-8.762321
-8.894311
-9.148929
-8.440056
-9.089574
-8.336053
-8.272612
-7.695387
-7.719263
-7.704796
-7.556258
-7.600616
-7.314854
-6.833729
-6.474967
-6.618929
-6.182827
-5.786873
-6.035511
-4.990684
-4.932333
-4.372407
-4.689661
-3.855968
-4.282664
-3.299255
-3.876639
-3.292066
-2.746925
-2.957547
-2.591182
-1.920100
-1.695333
-1.442765
-0.520555
-0.601479
-0.212798
-0.347944
