0.562730
0.145808
0.927219
1.723855
1.694831
1.680228
2.472043
2.467927
2.787936
2.607154
3.090004
3.834015
3.976291
4.723356
4.541157
5.191387
4.802033
5.127404
6.011835
5.493572
6.129978
6.691665
6.240441
7.202313
6.662741
6.941844
7.806489
7.758820
8.194279
8.135031
8.617789
8.036433
8.179702
8.579280
9.334426
9.202657
9.448753
8.954102
9.163305
9.479653
10.045236
9.278208
10.205510
9.592971
9.449437
10.141994
9.725009
10.468732
9.578356
9.512450
10.371887
10.086351
10.404100
9.523936
10.374118
10.141701
9.607741
9.589498
9.939057
9.154739
9.659773
9.504935
9.030918
9.492681
9.263912
8.368987
8.958062
8.234378
8.303669
7.716489
8.385104
7.700864
7.882325
7.077463
7.547592
6.748917
6.958823
6.795596
6.160828
5.938457
5.657713
5.368701
5.288257
5.105234
4.273159
3.831138
3.657613
3.464128
3.321990
3.545319
2.686821
2.931201
2.263922
2.111884
1.841905
1.120716
0.844141
0.223731
0.451951
-0.470105
-0.486751
-1.012184
-0.473072
-1.111162
-1.551300
-1.405697
-2.053829
-2.048383
-2.445872
-2.911200
-3.885344
-3.871492
-3.642860
-4.014903
-4.733964
-4.553363
-5.489109
-5.739144
-5.860801
-6.131332
-6.131762
-6.577921
-6.978207
-6.411621
-7.101026
-7.353966
-7.774114
-7.322191
-8.150884
-8.504503
-8.486115
-8.205722
-8.177249
-8.497177
-8.639718
-9.546628
-9.609531
-9.689260
-9.048115
-9.390721
-9.163351
-10.183906
-10.179695
-9.586871
-9.923885
-9.971295
-9.580078
-10.043702
-9.778060
-9.734513
-10.243624
-10.245019
-9.817050
-9.698528
-10.148894
-10.086239
-9.717325
-9.742901
-10.005126
-9.965935
-9.357264
-9.589588
-8.736688
-9.126203
-8.910404
-9.215636
-8.481702
-8.662540
-8.479546
-8.025014
-7.551679
-7.930333
-7.827862
-7.343809
-7.312453
-7.093167
-6.433187
-6.390880
-6.626839
-5.494116
-5.599860
-4.935280
-4.875365
-4.797747
-4.890127
-3.968644
-4.208857
-4.011766
-3.293133
-3.518056
-2.559944
-2.627535
-2.236535
-1.662622
-1.345034
-0.930167
-1.165941
-0.826214
-0.681058
-0.346233
