-0.136035
0.673791
1.384253
1.074805
1.870811
1.975212
2.471053
2.786084
2.339476
2.873369
3.540836
3.670901
4.444331
4.506283
4.607746
4.616501
4.846524
5.744832
5.567635
6.193840
5.727408
6.733833
6.140748
7.244627
7.471003
7.313792
7.121310
7.382927
8.107658
8.421530
7.805640
8.701118
9.064532
8.605937
9.048309
8.891276
8.894018
9.583965
9.631898
9.289404
9.685368
9.606837
9.351236
9.346900
9.868029
9.699414
9.795377
9.767617
9.665969
9.899263
10.192715
9.683944
10.121946
9.864213
9.810179
9.498112
9.452370
9.802253
9.371947
9.570243
9.853592
9.512236
9.356766
9.507651
9.185400
8.870794
9.055423
8.002921
8.039518
8.576850
8.173757
7.680487
7.682010
7.206621
6.951217
6.558741
6.496057
5.903908
6.101392
5.711225
6.096679
5.413711
5.436718
4.725600
4.501923
4.584100
4.462682
3.705193
3.812816
3.329192
2.857341
2.955677
2.505932
2.333422
1.710691
1.132906
0.917658
1.039795
-0.171039
-0.343306
-0.342540
-0.584914
-1.381392
-1.095302
-1.174709
-2.264181
-2.243659
-2.706669
-2.304665
-2.981411
-3.633630
-4.048631
-3.926474
-3.929989
-4.202899
-4.484188
-5.386699
-5.313850
-5.245891
-6.256852
-5.772720
-5.974464
-6.895254
-7.268492
-7.096853
-6.954659
-7.531717
-7.791362
-7.898804
-8.464730
-8.638520
-8.072804
-8.504470
-8.997765
-8.545263
-9.490161
-9.219792
-9.075555
-9.569809
-9.609345
-9.575957
-9.291596
-9.480807
-10.253505
-10.098099
-10.041777
-9.590947
-10.060307
-10.255188
-9.902345
-10.015661
-9.581720
-9.520910
-9.603260
-9.667974
-9.579652
-9.359458
-10.120592
-9.767026
-10.006230
-9.080712
-9.290329
-9.311384
-9.321631
-8.875234
-8.973582
-9.039049
-8.858309
-8.702466
-8.180353
-8.278169
-7.762116
-7.102171
-7.436047
-7.450890
-6.776360
-6.238086
-6.525665
-6.587150
-6.235513
-6.044241
-5.117741
-5.133889
-4.649287
-4.340659
-4.186436
-3.842786
-3.303482
-3.225027
-2.714756
-2.822394
-2.845563
-2.613298
-1.659571
-1.756359
-1.082168
-0.788662
-0.596856
-0.099001
0.004811
