-0.043354
0.900333
1.195334
0.975281
1.574570
1.679580
2.495808
2.085832
2.756692
2.856557
2.963814
3.205130
4.353127
4.216237
4.305582
5.236418
4.820121
5.093546
5.961683
5.635811
5.950925
6.838125
7.091528
7.221226
7.193012
7.613394
7.400553
7.687183
7.738138
8.448875
8.245201
8.533814
8.589306
8.535521
8.588727
8.672947
9.489203
9.393167
9.298311
9.058735
10.042183
9.260546
9.623623
9.822533
9.502308
10.032637
10.097899
9.904770
10.444516
10.471418
10.238075
9.780263
10.057583
10.342532
9.530005
10.158596
9.418613
10.066723
9.660826
9.094253
9.811630
9.490749
9.497363
9.421218
9.152589
8.463897
8.109998
8.580347
8.040011
8.300551
7.675668
7.369038
7.720778
6.914337
6.637304
7.107813
6.831842
5.918274
5.683074
5.849933
5.770261
5.814858
5.228631
4.908995
4.430449
4.718554
3.736671
3.513232
3.824067
3.397493
3.176964
2.544869
2.255060
2.194964
1.225722
1.632997
1.240393
1.027818
0.158667
-0.124016
-0.624933
-0.775776
-0.513121
-1.616853
-1.801529
-2.084222
-2.266088
-2.299671
-2.982599
-2.651020
-3.799347
-3.984351
-4.338474
-3.782418
-4.194831
-4.707033
-4.652923
-5.651725
-5.614249
-5.513660
-6.312438
-6.512610
-6.873173
-7.305449
-6.825812
-7.551513
-7.969245
-7.955666
-7.664747
-8.470521
-8.306734
-8.236476
-8.950047
-8.538147
-9.353448
-8.657467
-9.628929
-9.011679
-8.973851
-9.470639
-9.717940
-9.422842
-9.590576
-9.917735
-9.779075
-9.726094
-9.523051
-9.521686
-10.424209
-9.530675
-10.180296
-10.327023
-10.232417
-9.859113
-9.946572
-9.868679
-9.382937
-10.137957
-9.934599
-9.875891
-8.944023
-8.831594
-9.599024
-9.197160
-8.634916
-9.121982
-8.363258
-8.503074
-8.257702
-7.865683
-7.956000
-7.314674
-7.103136
-7.788303
-6.633149
-7.166299
-6.725330
-6.789576
-6.013471
-5.938561
-5.524176
-5.734792
-4.736515
-5.130007
-4.621381
-4.068669
-3.962138
-4.140382
-2.994383
-3.099540
-2.615084
-2.126423
-2.455180
-1.906484
-1.101989
-1.426546
-0.567355
-0.987345
-0.228685
0.147327
