0.655705
0.983101
1.077079
1.292874
1.220705
1.519846
1.851298
2.710099
2.832808
2.619619
3.044796
3.802455
4.024303
4.627557
4.792298
4.966432
4.618049
5.196302
5.677816
5.406649
6.501787
6.628402
6.233835
6.485711
6.987261
6.998519
7.279411
7.715326
8.142594
8.123207
8.228303
8.017390
8.837726
8.849285
8.906048
8.982022
9.240188
9.306875
9.799003
9.120394
9.713588
9.559407
9.998871
10.285441
9.739131
10.357604
9.455665
9.832829
10.480714
9.635663
10.409895
9.805870
10.200135
9.634653
9.560568
9.667863
10.150923
9.230721
9.311706
9.546650
9.578290
9.699320
9.126697
9.207372
8.822068
8.912943
8.210592
7.961913
8.585645
8.482052
8.368506
8.061948
7.558881
7.111690
6.639103
6.972930
6.666795
5.960090
6.601380
5.466330
5.388166
5.367064
4.977166
5.312258
4.203299
4.328890
4.327964
3.306866
2.944724
3.113229
2.342234
2.986569
1.984635
2.132290
1.350192
0.940211
1.346372
0.685584
0.733426
0.447370
-0.111482
-0.393763
-1.169542
-1.529481
-1.314011
-1.638917
-2.043547
-2.424159
-2.502522
-2.641155
-3.506022
-3.239458
-4.046301
-4.344978
-4.938822
-4.329157
-4.920045
-5.127967
-5.388106
-5.867572
-5.800663
-6.317165
-6.280801
-6.368197
-7.396011
-7.202696
-7.579527
-8.156679
-7.716442
-7.946359
-7.779833
-8.659300
-8.839256
-8.990307
-9.279048
-9.122037
-9.295180
-9.161790
-9.262058
-9.558614
-9.953795
-9.391486
-9.560048
-9.741980
-9.976226
-9.947546
-9.964632
-10.426124
-10.026430
-10.313008
-10.240186
-10.372019
-9.661589
-9.919743
-9.835209
-9.971774
-9.729508
-9.893191
-9.897802
-9.330278
-8.928556
-9.457771
-9.354361
-8.782401
-8.903413
-8.997180
-8.589354
-8.914771
-8.144830
-8.216878
-7.914923
-7.650790
-7.604634
-7.227055
-7.164208
-6.414269
-6.581588
-5.884711
-6.044355
-5.422608
-5.711232
-5.031301
-5.476359
-4.956641
-4.115059
-4.524475
-3.747946
-3.306408
-3.872375
-3.366033
-2.476546
-2.109490
-2.089802
-1.414991
-1.147594
-1.703102
-0.907283
-0.477939
-0.019331
0.165248
