-0.089224
0.446526
0.919862
1.510607
1.185688
1.390484
2.303014
2.821817
2.465927
2.733250
3.060530
3.578755
3.509940
4.540836
4.823925
4.405805
4.746824
5.212809
5.561284
5.483278
6.147963
6.600757
6.991705
7.192120
7.233630
7.332040
7.218073
7.832170
7.452296
7.915897
7.841284
8.406564
8.538415
9.259079
9.112444
8.736888
9.475473
9.772991
9.646948
9.681249
9.439434
9.991806
9.264434
9.620165
9.861011
9.792538
10.452629
9.944608
10.354560
10.059934
9.658922
10.294461
9.908663
9.926218
10.362285
9.350871
9.461252
10.011692
9.371119
9.914286
9.803103
9.584126
9.103303
8.829698
8.701155
9.254708
8.910466
8.551455
7.815614
8.548431
7.628187
7.387089
7.244418
7.075641
6.981662
6.881943
6.415713
6.053231
6.402114
5.542987
5.614829
5.355791
4.833733
4.603729
4.364963
4.673938
4.036306
3.411693
3.162234
3.395602
2.690567
2.188019
1.709371
1.914642
1.845108
1.691872
0.996878
0.644754
0.330285
-0.319078
-0.445679
-0.528091
-0.543058
-1.475649
-1.779629
-1.601236
-1.882371
-2.023860
-2.600606
-3.154947
-3.109833
-3.256376
-4.118568
-4.450493
-4.099283
-4.437974
-4.820378
-4.995588
-6.118777
-5.637338
-6.434368
-6.555764
-6.832541
-6.395444
-6.681411
-6.962886
-7.902547
-8.131726
-7.413102
-8.209701
-8.517445
-7.993320
-8.250102
-8.910402
-9.133334
-9.391465
-9.401200
-9.093762
-8.932459
-9.540940
-9.917383
-10.184485
-9.987944
-9.860444
-10.073299
-10.396210
-10.373237
-9.928864
-9.698244
-9.579114
-9.942428
-9.871789
-9.677016
-9.899983
-10.044180
-9.941282
-9.855136
-9.950545
-9.966329
-9.102216
-9.768978
-8.945794
-9.021130
-8.574709
-8.713882
-8.299537
-8.150806
-8.701082
-8.723919
-8.220160
-7.550925
-7.492708
-7.398513
-6.902532
-6.642429
-6.908079
-6.596162
-6.193912
-6.577283
-5.820870
-5.791294
-5.290468
-5.239546
-5.121337
-4.239060
-4.484547
-3.476326
-4.012386
-3.135538
-3.205880
-3.173878
-2.876930
-2.487839
-1.412903
-1.136421
-1.621946
-0.973822
-1.080585
-0.592836
0.175242
