0.240618
0.364082
0.469402
1.034732
1.808422
2.117741
2.569982
2.189339
2.752638
2.665028
3.318763
3.362415
4.190258
4.139367
4.366488
5.275892
4.737249
5.308499
5.353953
5.920178
6.027217
6.832959
6.477871
6.922991
7.285427
7.201149
7.782088
7.588155
7.470704
8.134474
8.200576
8.359439
9.096094
9.184028
8.967264
9.400515
9.000171
9.362219
9.394819
9.795689
9.725480
9.744624
9.447790
9.686690
9.492714
10.378353
9.817969
9.686847
9.608286
10.112435
9.720630
10.044994
10.446607
10.184763
10.318424
9.414324
10.146475
9.323446
9.517047
9.565058
9.270090
9.611519
9.635261
9.273703
8.727462
8.726082
8.339574
8.289718
7.979724
8.490068
7.734734
7.527576
7.812974
6.858692
6.977106
6.906751
6.456070
6.596218
5.816587
5.780199
5.197915
5.317695
5.524242
4.654136
4.995912
4.229203
3.649556
3.725950
3.511315
3.099306
2.775204
2.444094
2.572286
1.908632
1.555193
1.744853
0.619082
0.348613
0.526906
0.011779
-0.211838
-0.482336
-1.007125
-1.274359
-1.064699
-1.832058
-2.643831
-2.899081
-2.681669
-2.712994
-3.761125
-4.018528
-3.524680
-4.257989
-4.631860
-4.799209
-4.708408
-5.427711
-5.907822
-5.435051
-6.387597
-6.577476
-6.695259
-6.615539
-7.301191
-7.292102
-7.480938
-7.581518
-8.270834
-8.267353
-8.545820
-8.377224
-8.156599
-8.479466
-8.467238
-9.034312
-9.137091
-9.363829
-9.525996
-9.477783
-9.531365
-9.916098
-9.675677
-9.521236
-9.778445
-9.958879
-9.826566
-9.989449
-10.075783
-10.496214
-10.247072
-9.491613
-9.659047
-10.337813
-9.518464
-9.734038
-10.140068
-9.498453
-9.280161
-9.058345
-9.671219
-9.671869
-8.794332
-8.799492
-9.157596
-8.392887
-8.755897
-8.568006
-8.572721
-7.776592
-7.409065
-7.283003
-7.537261
-7.009902
-7.455863
-6.371108
-6.144135
-6.441045
-6.567395
-6.245194
-6.040021
-5.839683
-5.112215
-5.139067
-4.415065
-4.119371
-4.046829
-3.617561
-3.197485
-2.939767
-2.293554
-2.220683
-1.721162
-1.849910
-1.703562
-1.610483
-1.214409
-0.490407
0.103685
0.275932
