0.667925
1.027695
0.722566
0.907881
1.556727
1.886470
2.265392
2.895855
2.840585
2.639820
3.719551
3.421896
4.328185
3.859643
4.579817
4.848779
4.899100
4.991464
5.196999
6.221373
5.677210
6.180572
6.886420
7.164374
6.779534
7.261740
7.509462
8.119687
8.006182
8.336139
8.581198
8.014443
8.711886
8.783542
9.218689
8.787080
9.650386
8.806389
9.055190
9.954740
9.905795
9.951554
10.162177
10.202964
9.385480
9.710943
9.459233
9.985320
10.376634
10.368985
9.836359
9.557771
10.077935
9.736333
9.506725
9.796412
10.133112
9.359647
9.903452
9.193908
9.254232
9.222633
8.870598
9.169276
8.607866
8.865698
8.371727
8.152661
8.358607
8.540323
8.283023
7.498304
7.079956
7.698957
7.479481
6.667637
6.513430
6.431346
6.252882
6.104389
5.492214
5.156152
4.887633
5.293474
4.426423
4.730903
4.004985
3.245320
3.306072
2.922887
3.216996
2.513972
2.678080
1.677386
1.472454
1.142532
1.391744
1.001741
0.548252
-0.348350
0.068240
-0.415367
-0.486626
-1.741248
-1.097697
-2.182054
-2.547116
-2.741550
-3.147753
-3.146153
-2.901251
-3.642092
-3.896961
-4.029280
-4.876105
-4.371642
-4.884484
-4.991477
-6.084984
-5.442244
-6.402958
-6.846530
-6.324335
-6.405482
-7.272105
-7.427649
-7.801448
-7.458607
-7.685778
-8.260173
-7.966477
-8.360090
-8.475320
-8.573943
-8.471875
-9.127673
-9.167129
-8.920741
-9.454911
-9.276270
-9.727888
-9.943241
-9.827391
-9.637743
-9.608623
-9.708164
-10.424312
-9.727759
-10.388096
-10.192999
-9.984903
-9.526785
-9.838645
-9.779937
-9.435826
-10.027531
-9.271671
-9.389430
-9.655078
-9.241980
-9.100359
-9.108788
-9.470499
-9.218312
-8.820152
-9.231116
-8.714905
-8.320914
-7.835949
-7.899540
-7.434730
-7.590263
-7.607808
-7.560672
-7.090988
-7.322696
-7.086445
-6.468059
-6.478153
-6.021892
-5.937162
-5.487002
-5.388505
-5.119274
-4.491153
-4.355808
-3.906533
-3.750837
-3.361150
-3.255457
-2.913499
-2.398554
-2.285468
-2.116215
-1.757453
-1.668209
-1.207270
-0.656940
-0.045420
0.317911
