0.682714
0.720879
0.492396
1.501907
1.553376
1.564916
1.895644
2.268142
2.979301
3.331516
3.403363
3.671436
3.484689
4.382305
4.965024
4.436513
5.041998
5.427178
5.940914
6.144218
5.966340
6.607515
6.172803
6.516987
6.748599
7.096044
7.186622
7.900624
8.108001
8.480079
8.479662
8.432934
8.814319
9.139077
8.948890
8.704994
8.818318
9.398140
9.102777
9.180812
10.050814
9.738577
10.058782
9.545454
9.759566
10.207192
9.506697
10.027776
10.324882
9.985869
9.594410
9.909128
10.293833
9.634821
9.435753
10.091233
9.298308
10.097426
9.592160
9.816511
9.401982
9.304720
9.432578
8.791897
9.168751
9.151240
8.229746
8.756997
7.936503
8.212338
7.831551
7.494073
7.186821
6.953879
7.466804
6.422436
6.471371
6.485115
6.494810
5.570818
5.929919
5.841270
4.599157
5.108743
4.161832
4.711090
4.270011
3.394481
2.965741
3.433625
2.816284
2.050973
1.978115
2.283865
1.296601
1.352009
1.130937
0.936638
0.415285
-0.181606
-0.252504
-0.850378
-0.964392
-1.620243
-1.635297
-1.500300
-1.896414
-2.568464
-3.038531
-3.148949
-3.237593
-3.201906
-3.623400
-3.939135
-4.415269
-5.173708
-5.419526
-5.496429
-5.313358
-5.611849
-6.021451
-5.896681
-6.996616
-6.973169
-6.671139
-7.064439
-7.697903
-7.959101
-8.149437
-8.580262
-8.051329
-8.559761
-8.975814
-8.847128
-8.737770
-8.646007
-9.474226
-8.819616
-9.590759
-10.005318
-9.582309
-9.759920
-10.131684
-9.536619
-9.477552
-9.510895
-10.131881
-10.202820
-9.927270
-10.386109
-10.270856
-9.627365
-9.514814
-9.820727
-9.552907
-9.982045
-10.008223
-9.618958
-9.714135
-9.743415
-9.503683
-9.255923
-8.859844
-9.379484
-8.582369
-8.522163
-8.559817
-8.235056
-7.932611
-7.621890
-7.495241
-7.287070
-7.682518
-7.468378
-7.028842
-7.080292
-6.778851
-6.770121
-6.017463
-6.302320
-5.503868
-4.895645
-4.793447
-5.258968
-4.701793
-4.320913
-4.014286
-3.483259
-3.015691
-2.673703
-2.990881
-2.147461
-2.419122
-2.007950
-2.053784
-1.277674
-1.135064
-0.843503
0.027924
0.442235
