0.323687
0.160373
0.652594
0.811815
1.889508
1.903039
2.352114
2.385737
2.529184
3.121956
3.564982
4.125676
3.835703
4.454047
4.792836
4.525522
4.614306
5.628424
5.492931
6.031422
6.110816
6.103488
6.279634
7.100181
7.090103
7.163225
7.702251
8.088123
8.058936
7.846235
8.610030
8.544682
8.712659
8.414624
8.572259
8.738719
9.216850
8.967432
9.125605
9.675235
9.672644
9.961214
9.850088
9.447117
9.592161
9.719579
10.085999
10.477180
10.393476
10.005060
9.760668
9.596957
9.993256
10.207169
9.970294
10.022081
9.946489
9.948591
9.738582
9.764578
9.793973
9.323172
9.326178
8.997672
8.557591
8.977704
8.540430
8.056218
8.756114
7.724234
8.053693
7.335148
7.647503
7.742745
6.749633
6.392549
6.474617
6.011061
6.397460
5.868348
5.951905
5.304481
4.802842
4.654754
4.720492
4.100628
3.986911
3.808220
3.704824
2.931248
2.913104
2.710019
2.581229
1.766342
1.138525
1.466893
0.961043
0.819228
0.619821
0.153805
-0.263193
-0.379009
-1.178973
-0.784399
-1.897317
-1.938071
-2.584052
-2.161160
-2.730519
-3.394052
-3.079455
-3.691255
-3.546625
-4.111641
-4.082664
-4.467157
-4.619756
-5.120664
-5.501535
-5.740089
-5.733231
-6.228701
-6.704652
-6.378500
-7.528118
-7.383586
-7.463981
-7.945920
-7.944605
-7.960514
-8.073997
-8.221874
-8.313880
-8.544510
-9.156574
-9.403111
-8.823373
-9.620712
-8.920017
-9.918099
-9.580512
-9.340542
-9.403380
-9.712560
-10.080505
-9.468187
-9.805999
-9.894983
-9.631607
-10.429976
-10.393738
-10.026431
-10.155118
-10.034350
-9.519970
-9.597502
-9.379058
-9.401465
-9.249701
-9.502012
-9.106879
-9.383186
-9.247820
-8.794307
-8.569280
-8.795707
-8.163393
-8.461332
-8.457951
-8.134672
-7.778425
-7.428648
-7.779585
-7.579999
-6.940101
-6.843812
-6.689957
-6.161110
-6.259942
-5.782871
-5.245649
-5.320821
-4.708652
-5.083647
-4.697084
-4.110612
-3.937679
-4.079426
-3.202665
-3.445278
-2.946358
-2.514600
-1.747461
-2.191230
-1.365430
-0.972049
-0.458877
-0.429332
-0.343446
-0.171645
