0.141469
0.471060
0.686449
0.809533
1.750033
2.275869
2.575670
2.922800
2.393307
2.660100
3.588731
4.109357
4.428689
4.380591
4.822310
5.173640
4.650842
5.818398
5.652743
6.327989
5.751274
6.087360
6.713456
6.626761
6.964789
6.960073
7.269928
7.494151
7.498456
8.068205
8.064831
8.649462
8.270536
8.581424
8.912894
9.201495
9.314184
8.964829
9.395599
9.793052
9.312593
10.108757
9.585359
9.353304
10.077145
10.065066
9.800764
9.898889
10.420307
9.599992
9.637155
9.703521
9.714370
10.271292
10.227617
9.609661
10.041817
9.753514
9.517449
9.742125
9.642339
9.277201
8.949515
9.146520
8.669157
8.298809
8.947553
8.672199
8.373862
8.490600
7.635497
7.241638
7.707069
7.718464
7.143862
6.508533
6.219317
6.040258
6.164116
6.072896
5.221152
5.468158
4.837507
4.871656
4.664942
4.506819
3.643551
3.704866
3.150035
3.490218
2.800069
2.390994
2.289463
2.225546
2.019104
0.767777
1.057867
0.775255
0.469909
-0.218270
-0.176792
-0.181914
-0.890211
-1.417132
-1.463708
-1.559920
-2.217390
-2.924196
-2.554542
-3.372666
-3.759240
-4.007867
-4.412037
-4.038763
-4.373311
-5.286201
-4.666578
-5.352924
-6.020172
-6.219796
-6.617318
-6.333037
-6.648276
-7.245344
-6.663477
-7.135112
-7.784723
-7.985675
-8.398525
-7.760091
-8.671944
-8.685612
-8.264005
-8.290768
-8.580036
-8.558290
-9.584101
-9.643084
-9.851343
-9.783921
-10.084464
-9.222050
-9.591157
-10.221578
-9.697003
-9.503784
-9.472246
-9.706188
-9.741435
-9.689471
-10.345153
-9.773088
-10.437670
-9.817933
-9.640300
-10.250373
-9.735598
-9.505161
-9.604824
-9.282325
-9.487448
-9.490912
-8.894036
-8.682907
-9.168430
-9.218280
-8.372309
-8.920028
-8.648456
-8.496944
-7.875633
-7.688633
-7.581540
-7.265013
-7.085636
-7.294582
-6.374779
-6.713913
-6.623502
-5.524255
-5.686130
-5.391222
-5.176227
-4.518603
-4.695832
-4.476929
-3.969608
-3.255874
-3.149878
-3.084091
-2.700710
-2.070830
-2.605333
-2.208952
-1.291157
-1.681045
-1.337534
-0.501682
0.027618
-0.348459
