-0.048888
0.355693
1.298192
1.641194
1.955887
1.631221
1.809637
2.937341
2.676552
2.789949
3.502043
3.562810
3.723194
4.544349
4.160648
4.951860
5.205386
5.822279
5.560767
6.170070
6.456886
6.682263
6.142942
6.576339
7.154188
7.350091
7.410097
7.536995
8.091620
8.351282
8.770428
8.557018
8.762694
8.355934
8.978412
8.923026
9.674052
9.455201
9.126196
9.057159
9.814343
9.658440
9.917811
9.959062
10.307409
10.117812
9.469038
9.607093
10.367401
10.008322
10.423387
10.118242
10.321575
10.405383
9.922744
9.577825
9.335319
9.509693
9.780327
9.268673
9.628972
8.889601
9.595227
9.275181
8.792106
9.056495
8.383752
8.686590
8.440636
8.448353
8.219196
7.451048
7.197290
7.655544
7.130293
7.129038
6.925875
6.156551
5.830164
5.849383
5.969759
5.663690
4.781120
5.058757
4.445572
4.564670
4.424340
3.597947
2.914743
2.866137
2.344818
2.978566
2.116715
1.382152
1.847728
0.821848
1.182481
0.880946
0.478521
-0.155634
-0.785542
-0.241365
-0.560347
-1.094312
-1.084542
-1.611302
-2.490873
-2.572949
-2.848909
-3.585126
-3.598467
-3.858542
-4.177699
-4.004232
-4.304273
-5.300110
-5.248999
-4.975099
-5.999125
-5.990626
-6.132107
-6.824408
-7.079434
-6.685960
-7.081533
-7.600310
-7.589592
-7.223236
-8.290239
-7.661641
-7.873384
-8.048477
-8.193128
-8.952250
-8.539092
-8.944636
-8.904791
-9.216181
-9.336884
-9.449235
-9.573512
-10.126534
-9.516591
-9.429457
-9.997900
-9.879881
-10.201198
-10.387045
-10.132712
-9.627949
-10.132820
-10.259706
-9.997401
-10.310455
-10.344824
-9.440767
-9.836976
-9.531568
-9.354964
-9.281807
-9.509878
-8.838942
-9.061191
-8.673753
-8.823281
-8.990993
-9.005527
-8.199589
-8.743105
-7.602728
-8.157121
-7.558630
-7.628899
-7.617601
-6.666650
-6.351386
-7.092878
-6.334682
-6.609601
-6.087525
-5.749739
-5.048251
-4.778673
-4.894606
-4.375327
-4.274472
-4.471093
-3.730301
-3.625172
-3.509949
-2.705326
-2.441769
-1.991862
-2.007695
-1.477487
-1.268072
-1.065871
-0.677287
-0.783362
0.427458
