-0.109579
0.221793
1.064167
1.046905
1.474075
1.520638
2.165760
2.981532
3.268118
2.937931
3.726114
4.137682
4.382756
4.091089
4.426340
5.131612
4.937165
5.248264
5.368489
5.786977
6.432983
6.350050
6.791913
6.739181
7.088098
7.426081
7.471094
7.991388
8.065275
8.164159
8.183013
8.533494
8.631413
9.172819
8.565464
8.791673
8.694360
9.185850
9.833828
9.030281
9.743234
9.342246
9.911291
9.603084
10.134793
10.027986
10.119619
9.768719
9.889664
10.306785
9.686858
10.202171
9.874778
9.504455
9.560642
10.026183
9.479873
9.614726
9.409625
9.687553
9.501132
9.303015
9.049269
8.951067
8.523700
8.670278
8.498634
8.721234
7.780320
7.967060
8.196888
7.719822
7.973624
7.103182
7.274178
6.721473
6.943235
5.923424
6.396254
5.803391
5.127610
5.082779
4.601398
4.439984
4.106706
3.964687
3.856039
3.188937
3.022846
3.165025
2.687675
2.513675
2.105647
2.330259
1.712814
1.518228
1.221470
0.245183
0.362904
-0.130406
-0.089341
-0.732171
-1.269111
-1.400020
-1.315567
-1.630436
-1.888320
-2.153519
-3.234154
-3.122208
-3.147352
-3.749068
-3.803429
-4.221737
-4.168800
-5.195696
-5.427221
-5.485988
-5.737840
-5.508918
-6.445785
-6.656405
-6.279809
-6.564401
-6.660390
-7.281010
-7.854984
-7.246201
-8.179763
-7.769111
-8.390401
-8.294657
-8.875158
-8.265492
-8.997593
-8.675311
-9.464779
-9.142302
-9.391489
-9.218899
-9.105194
-9.383142
-9.408140
-9.900826
-10.256717
-10.397789
-10.069136
-10.191186
-9.983475
-9.819174
-10.365353
-10.347066
-9.976639
-9.695533
-10.189347
-9.544726
-9.880926
-9.382482
-9.712113
-9.909702
-9.558111
-9.061168
-8.681702
-8.606489
-8.538337
-8.397828
-8.685562
-8.827780
-8.469981
-7.648162
-7.782559
-8.092129
-7.873097
-7.383666
-7.181454
-7.058478
-6.502824
-5.998001
-5.975455
-6.038554
-6.035744
-5.841115
-4.823192
-4.444444
-4.888718
-3.945728
-4.337104
-3.535798
-3.030629
-2.846442
-2.889146
-2.809512
-2.159769
-2.333314
-1.204925
-1.104001
-0.602668
-0.440770
0.004850
0.254208
