0.758794
0.604094
1.147726
1.476024
1.728340
2.182922
2.075721
2.228486
2.984042
3.381494
3.241915
4.051779
4.293490
4.630923
4.538657
4.752478
5.163369
5.175650
5.716534
5.443792
6.172566
6.512606
7.072358
6.408772
6.942985
7.433348
7.131412
7.749411
7.801692
8.357368
7.846003
7.951148
8.900459
9.188055
8.843405
9.077853
9.139602
8.868740
9.569121
9.508230
9.581638
10.030452
9.352737
9.474867
9.884928
10.149240
9.473400
9.723169
9.505190
10.417445
9.554874
10.037558
10.375010
9.709794
10.200812
9.564022
9.675002
9.731214
9.457112
9.094573
9.687232
9.558308
9.412554
9.435865
8.484544
9.251817
8.267185
8.080340
8.733262
8.457473
7.934178
7.943943
7.869501
7.594222
7.007705
6.797096
7.054974
6.663760
6.359064
5.960421
5.716088
5.148619
4.782451
5.240927
4.094075
3.792914
3.681834
3.949899
3.795500
3.241348
2.747744
2.549372
2.677787
2.175531
1.981329
1.724573
0.521202
0.529809
0.748665
0.369600
-0.434503
-0.496083
-0.443046
-1.439443
-1.970091
-1.477488
-1.960433
-2.753019
-3.118569
-2.622403
-3.193551
-4.134164
-4.019768
-4.584048
-4.089926
-4.753280
-5.014227
-5.298310
-5.469221
-5.976615
-6.393742
-6.028340
-6.128897
-7.322164
-7.118006
-7.442082
-7.570639
-7.974780
-7.576829
-8.124712
-8.258645
-8.778374
-8.466258
-8.684355
-8.684791
-9.374699
-8.738728
-9.548969
-9.112868
-9.803690
-9.870455
-9.889263
-9.317405
-9.697175
-10.100780
-10.354532
-9.878557
-9.722477
-10.430899
-9.930218
-10.306201
-10.008532
-9.968929
-9.876606
-9.736967
-10.193340
-9.912295
-10.089102
-9.678443
-9.127887
-9.658927
-9.541612
-9.217178
-8.897832
-9.078504
-8.963150
-9.093619
-8.782869
-7.927149
-8.061598
-7.861168
-7.817733
-7.964730
-7.701956
-6.859065
-6.718627
-6.772435
-6.160490
-5.672153
-5.800443
-5.426034
-5.769388
-5.585109
-4.618473
-4.115855
-4.084534
-4.303072
-3.906023
-3.060876
-3.042105
-2.615768
-2.668267
-2.060000
-2.100071
-2.011074
-1.216937
-0.790924
-0.425884
-0.092522
0.100007
