0.150880
0.607754
1.055988
1.127276
1.675619
1.823531
2.128650
2.853608
3.008238
3.037761
3.040653
3.243150
3.990661
4.319369
5.009481
4.575749
5.580171
5.201771
6.009746
6.239750
6.235960
6.488729
7.100801
6.642972
6.846213
7.402534
7.732867
7.461730
7.515927
8.095403
8.060135
8.116259
8.422799
8.893414
8.682889
9.011703
9.378425
8.864302
9.331751
9.796850
9.813612
9.570038
9.729407
10.000816
9.822565
10.000723
9.701248
10.335859
10.475447
9.513020
10.245733
10.310235
10.039873
10.005869
10.372300
9.571351
9.683643
9.567349
9.343757
9.845223
9.114626
9.112369
9.137725
9.311497
9.193188
8.860928
8.210887
8.802729
7.811888
8.355658
7.932281
7.766755
7.182381
7.113478
7.455681
7.336512
6.709367
6.095763
6.333710
5.755544
5.802223
5.202100
5.187564
4.921167
4.729834
4.592452
4.020680
3.524646
3.738947
2.914849
2.663867
2.685274
1.860997
1.625621
1.203067
1.188598
1.026130
0.247853
0.322301
0.008252
-0.321746
-0.573325
-0.974604
-1.159312
-1.261445
-2.352481
-2.591224
-2.679416
-2.444570
-3.549779
-3.447734
-3.215836
-3.974404
-4.116927
-4.172873
-5.083891
-5.444523
-5.624808
-5.835298
-5.941312
-6.009655
-6.871008
-6.942034
-7.144695
-6.769313
-7.617530
-7.369417
-7.905501
-8.016093
-8.438037
-8.705335
-8.656276
-8.958845
-8.394657
-9.059176
-8.906931
-8.808910
-8.927718
-9.538518
-9.399535
-9.610873
-9.627838
-9.979976
-9.712343
-10.048882
-9.817147
-10.270336
-9.820990
-9.581890
-10.095754
-10.218148
-9.789692
-9.588424
-10.400509
-9.947371
-10.231900
-9.289956
-9.622662
-9.103753
-9.402889
-8.998075
-9.087011
-9.577412
-8.820241
-9.231690
-8.329419
-8.237029
-8.528153
-8.385622
-7.865186
-7.717512
-7.661565
-7.023716
-7.227566
-7.305433
-6.368417
-6.156441
-6.131275
-5.931150
-5.534144
-6.045962
-5.780171
-5.238602
-4.409531
-4.225214
-3.921976
-4.144224
-3.530949
-3.191960
-3.225282
-2.911421
-2.110486
-1.890330
-2.345620
-1.496099
-1.722523
-1.251433
-0.609370
-0.586378
-0.299960
