0.212937
0.949343
0.717012
1.318051
1.312865
1.738303
1.825878
2.965168
2.773837
3.249284
2.971753
3.271459
4.407730
4.208417
4.715656
4.497166
5.206417
5.131576
5.457514
5.447563
6.079433
6.611866
6.602572
6.620445
6.742202
7.224438
7.040395
7.685613
7.596417
7.819834
8.366135
8.630726
8.945607
9.181859
9.286104
9.159941
9.365744
9.455627
9.615195
9.499017
9.531206
9.305567
9.275469
9.596104
9.772887
10.125424
10.143987
10.422587
9.570220
9.626082
10.173506
9.903821
10.381205
9.721198
9.389419
10.165508
9.914909
10.013600
9.818329
9.603108
9.391218
9.187089
8.838271
8.552734
8.976326
8.409052
8.166391
8.941279
7.790521
7.833700
7.969407
7.214314
7.105244
7.063911
6.985649
6.580498
6.159834
6.807049
5.935571
6.205486
5.982697
5.279991
4.825968
4.476115
4.789258
3.826412
3.819084
3.664612
3.369945
3.069156
2.409705
2.965370
1.838367
2.370788
1.383457
0.975911
0.543697
0.380851
0.171936
0.311929
-0.267954
-0.581437
-0.817003
-0.945357
-2.058858
-1.426943
-2.052543
-2.865090
-3.084393
-3.232832
-2.925642
-3.612959
-3.775045
-4.628870
-4.674069
-4.417753
-5.443426
-5.364202
-5.353882
-6.078830
-6.612019
-5.884671
-6.930641
-6.982770
-6.653792
-7.711794
-7.184375
-7.774853
-7.681419
-7.999984
-8.055419
-7.981749
-9.043879
-8.607968
-8.801654
-9.237264
-9.374970
-9.471211
-9.278226
-9.326726
-9.541660
-10.018072
-10.205745
-10.092255
-9.728312
-9.896112
-9.765735
-9.657998
-9.879542
-10.117700
-9.638765
-9.891991
-9.995459
-10.167516
-9.447986
-9.907318
-9.752879
-9.267883
-9.817707
-9.313632
-9.462185
-9.164074
-9.638588
-9.414823
-9.132421
-8.296710
-8.430619
-8.133764
-7.817864
-8.319527
-8.117664
-8.036045
-7.498389
-7.017951
-6.719877
-6.648184
-6.301538
-6.743559
-6.194590
-5.580561
-5.454593
-4.858764
-5.370385
-4.954052
-5.035517
-4.137575
-4.178572
-3.512429
-3.158514
-3.444706
-2.765137
-2.576358
-2.249743
-1.594078
-1.402904
-1.003298
-0.696370
-1.034957
0.082368
0.303815
