0.271377
0.999594
0.909841
1.159580
1.594369
2.207622
2.072996
2.123030
3.227320
3.388901
2.908723
3.349269
3.566868
4.448351
4.360998
5.040532
4.860947
5.541378
6.084348
5.857669
6.008197
6.194408
6.527908
6.684989
7.500430
6.893583
7.959650
7.385607
7.432041
8.458718
7.860698
8.395878
8.799245
8.360941
8.808152
9.510687
9.244545
8.890755
9.262438
9.553342
9.567957
9.289018
10.140884
10.281914
9.456560
9.985831
9.803435
10.006850
9.834158
9.782525
9.529487
9.782309
10.157053
10.175799
9.882507
9.998534
9.741025
9.415980
9.459412
9.447609
9.073434
9.681255
9.294028
8.727775
8.637350
8.480081
8.864038
8.225991
8.499703
8.170586
8.019842
7.715933
7.451153
6.963657
6.695303
6.548417
6.152500
6.108351
6.373419
6.219361
5.399339
5.462282
4.952774
4.479951
4.887714
4.040964
3.603537
3.505678
3.602981
2.641184
2.725479
2.498475
2.636306
1.737204
1.755767
1.558833
1.287133
0.887047
0.234170
-0.099905
0.011974
-0.577981
-1.373963
-1.071955
-1.560698
-1.471383
-2.641994
-2.066292
-2.543466
-3.552601
-3.020791
-3.217214
-4.436673
-4.626977
-4.043762
-5.041323
-5.308283
-5.332535
-5.429409
-5.810001
-6.070558
-6.044321
-6.935407
-6.471712
-7.372968
-6.911157
-7.295532
-7.372565
-7.773749
-7.773246
-8.497325
-8.784044
-8.404280
-8.746975
-8.910446
-9.028127
-9.463472
-9.359221
-9.438813
-9.571729
-9.284915
-9.837358
-9.796160
-10.014482
-9.936650
-10.327336
-10.107506
-9.696785
-9.813945
-10.355182
-9.669357
-9.671244
-9.520828
-10.084564
-9.725141
-10.066867
-9.875106
-9.632133
-9.958039
-9.540523
-9.277090
-9.666536
-9.344475
-8.581671
-8.912666
-9.145976
-8.847665
-8.074487
-8.682964
-8.059260
-8.247945
-7.231277
-7.076091
-7.030048
-6.916529
-6.846261
-6.139691
-6.036964
-6.038381
-5.441977
-5.191197
-5.562068
-4.988517
-5.207630
-4.888886
-3.861869
-3.896925
-3.603331
-3.792049
-3.519462
-3.127694
-2.115237
-1.971554
-1.429430
-1.601421
-1.214557
-0.812244
-0.698838
-0.667555
-0.241848
