0.519985
0.558711
0.491327
1.004455
1.653663
2.176882
2.012105
2.802518
2.922816
2.762719
3.457825
3.402021
3.579094
4.141264
4.355905
4.631739
5.409100
5.400208
5.914374
6.360472
6.016789
6.435720
7.009525
6.974008
7.426628
7.087809
7.424400
7.543811
7.747484
8.044538
8.637204
8.712544
8.384494
8.449207
8.882019
8.623932
9.357708
9.194329
8.943071
9.828138
9.118239
9.488374
9.758233
9.933643
9.869631
9.805148
10.013907
10.264315
10.396340
10.010592
10.089074
10.129869
10.152095
9.643526
9.773326
9.760880
9.875419
10.184788
9.564410
9.061335
9.380083
9.226811
8.913152
8.649039
9.005374
8.748687
8.991809
8.578043
8.457969
8.581716
8.002368
8.154974
7.737271
7.534918
6.903421
6.630713
6.714930
6.289584
6.073794
6.227378
5.766193
5.301591
4.700061
4.406037
4.522154
4.637181
4.296458
3.958994
2.950197
2.700651
3.033003
2.232117
1.931986
2.053871
1.710536
0.819224
1.411663
0.885926
0.791925
0.409767
-0.811121
-0.767228
-1.088909
-1.056143
-1.815072
-1.544341
-2.564688
-2.816996
-3.133683
-3.210612
-3.622511
-3.633692
-4.110469
-3.898203
-4.508246
-4.830552
-5.278554
-5.310632
-5.872521
-5.540869
-6.601151
-6.158630
-6.944752
-7.153743
-7.528145
-6.984285
-7.623996
-7.388485
-8.063868
-8.490316
-8.112629
-8.376948
-8.445147
-8.276883
-9.203113
-9.195651
-9.523419
-9.722136
-9.452017
-9.320219
-9.566525
-10.097799
-9.942398
-9.474223
-9.985713
-10.398546
-9.900994
-9.679107
-9.914028
-10.051105
-10.470921
-9.850445
-9.456955
-9.490106
-9.515877
-9.512952
-9.862268
-10.073149
-9.744215
-9.449770
-9.776416
-8.981054
-9.459986
-8.982278
-8.745445
-8.418068
-8.871278
-8.840746
-8.325082
-7.699223
-7.676372
-7.305369
-7.764340
-7.233356
-6.720828
-7.135840
-6.874569
-6.829924
-6.216725
-6.184402
-5.231262
-4.916570
-4.728994
-4.330488
-4.348105
-3.951667
-3.722596
-4.050319
-2.948865
-3.225219
-2.669523
-2.319556
-1.873874
-2.195948
-1.232067
-0.908043
-0.762490
-0.922048
-0.267617
-0.190949
