0.335390
0.707658
1.219304
0.948815
1.463320
2.156215
2.151655
1.990179
2.413016
2.917110
3.623014
3.973674
4.089036
4.514593
4.373753
4.742625
4.923827
5.563560
5.940523
6.210581
5.902610
6.488469
6.685616
7.118222
6.845565
7.155086
7.812127
7.345730
8.109288
7.755949
7.819112
8.601886
8.738491
8.764918
9.166505
8.718170
9.386658
9.525357
9.453376
9.028011
9.205715
10.084381
9.504469
9.537770
10.276938
9.660894
10.093600
10.215873
9.595845
10.187850
9.784545
10.149571
9.805972
10.061473
9.478891
9.645980
9.931027
10.015735
9.453875
9.386846
9.320220
9.461187
9.467243
9.123105
8.472147
8.321353
8.793193
8.941715
8.481872
7.781866
8.286529
8.057496
7.741606
7.672805
7.034939
6.737202
6.334158
5.962199
5.786211
5.491204
5.329915
4.879536
4.967854
4.824926
4.431449
4.412137
3.503476
3.357338
3.300229
3.108051
2.531163
2.071635
2.144263
2.120787
1.322354
0.893981
0.926339
0.959891
0.353385
0.320850
-0.388221
-0.551459
-1.107813
-0.786325
-1.187975
-1.392585
-2.152404
-2.184489
-2.984564
-3.052678
-3.467255
-3.942482
-4.250042
-4.708134
-4.097252
-4.349290
-5.094018
-5.173148
-5.795677
-5.471763
-6.261041
-6.114776
-6.996476
-7.252607
-7.447829
-6.835394
-7.206506
-7.500397
-8.145399
-8.288351
-8.309656
-8.744998
-8.713998
-8.598631
-8.938821
-9.276413
-8.795843
-9.417712
-9.302328
-9.679328
-9.801237
-9.742531
-9.310852
-10.066688
-10.081026
-9.566147
-10.330889
-9.665714
-10.030909
-10.471856
-10.280498
-10.325773
-10.154873
-10.345032
-9.846216
-9.797472
-10.230814
-9.212443
-9.820886
-9.044425
-9.317242
-9.223094
-9.271882
-8.713850
-8.993563
-9.230239
-8.161170
-8.515325
-8.256522
-7.892671
-7.583971
-7.475328
-7.183381
-7.317599
-6.772382
-7.223971
-6.760593
-6.477894
-6.403099
-6.071986
-5.790936
-5.714402
-5.091454
-5.295636
-4.844071
-3.915387
-3.789133
-3.890050
-2.942928
-3.400103
-3.260300
-2.231190
-2.632946
-1.969219
-1.331653
-1.564305
-0.900319
-0.288487
0.035133
0.382108
