-0.060490
0.524789
0.609371
1.538258
1.358709
2.326395
2.623372
2.965871
2.340186
3.520683
3.286283
3.217322
4.128996
3.763916
4.489776
5.004173
4.689765
4.887849
5.203039
6.219697
6.059073
6.021064
6.675826
6.390530
7.000325
6.875424
7.537325
7.895704
7.423587
8.445909
8.227995
8.756381
8.277243
8.840459
8.981436
9.493478
9.477564
9.031216
9.462313
9.991887
9.975202
9.782457
10.009691
9.999619
9.831123
9.629315
9.728789
10.248457
10.308795
9.670778
10.010024
9.521508
9.907281
9.506562
9.594440
10.309717
9.893842
10.167480
9.318549
9.602745
9.341065
9.222797
8.780242
9.109851
8.907997
8.767303
8.932547
8.679774
7.995040
7.683407
7.520976
7.305412
7.091118
7.731455
6.874535
6.891818
6.989286
6.858902
6.168790
6.221951
5.155181
5.530069
4.893299
5.268886
4.548829
4.660610
4.024472
4.121305
3.592817
2.863345
3.261300
2.103169
2.051963
1.572608
1.723989
1.634163
0.554528
0.999824
0.520911
-0.268848
-0.177235
-0.420948
-0.541154
-1.671851
-1.432559
-1.380763
-2.528602
-2.599960
-2.615138
-3.084559
-3.242147
-3.537203
-3.919818
-3.988370
-5.013998
-5.229566
-5.568979
-5.267412
-6.097671
-6.135925
-6.456193
-6.148360
-6.537315
-6.652869
-7.375524
-7.755161
-7.428162
-7.445939
-7.548182
-7.923274
-8.606536
-8.150655
-8.757506
-9.211510
-8.589696
-8.683274
-9.588317
-9.064058
-9.450966
-9.534892
-9.181779
-9.232675
-9.404338
-9.573369
-9.422664
-9.892870
-10.230895
-9.600649
-10.208872
-9.838168
-10.274403
-9.831648
-10.306605
-9.839737
-9.871513
-10.083146
-9.723584
-9.621781
-9.501059
-9.279099
-9.489257
-9.400888
-9.310241
-9.483503
-8.881505
-9.108720
-9.035718
-8.825915
-7.860465
-8.135746
-8.354526
-7.974916
-7.442236
-7.142138
-6.593996
-7.246924
-6.798721
-6.714933
-5.880102
-6.078501
-5.757927
-5.158358
-4.888349
-4.561432
-4.968180
-4.169757
-3.558666
-3.657832
-3.587256
-3.555823
-2.631315
-2.555424
-2.145716
-1.837922
-1.860794
-1.155261
-0.798289
-0.790483
-0.766362
0.371178
