0.484542
0.757374
0.490577
1.566618
1.121739
2.236185
2.518301
2.289204
2.292941
3.012127
3.386445
3.219285
4.337561
4.532008
4.955115
5.049298
5.093515
5.135096
6.104188
5.424607
6.223307
6.157994
6.852566
6.924414
6.606433
7.769205
7.581006
7.760415
8.396187
8.043429
7.829845
8.089205
9.032914
8.698854
9.225342
8.891827
9.115312
9.588076
8.941916
9.518719
9.274707
9.827966
9.261118
9.882809
9.841127
9.846921
9.495907
9.535588
9.781981
9.858707
10.099919
9.807661
9.698279
10.250085
10.147366
9.833249
9.517431
9.283529
9.364935
9.511034
9.571216
9.229051
9.463315
9.307722
9.360287
8.519539
8.595655
8.342754
8.577358
7.847656
8.072506
7.617547
7.427760
6.830280
7.418738
6.834323
7.102508
6.595907
5.656323
6.139916
5.540302
5.676182
5.480248
5.143483
4.524585
4.411362
4.238542
4.085290
3.071143
3.568580
2.779891
2.681854
1.874857
1.590090
1.479334
0.970841
1.285987
0.179274
0.721830
0.011027
-0.668263
-0.140667
-0.678837
-1.751314
-1.759385
-1.782867
-2.209409
-2.045287
-3.233280
-3.402614
-3.573536
-3.951433
-3.663515
-4.358965
-4.718786
-5.056125
-4.613305
-5.471051
-5.958920
-5.666980
-6.163505
-6.445658
-6.130272
-7.079597
-6.665906
-7.321146
-7.341063
-8.155653
-7.651700
-7.972155
-8.448899
-8.328340
-8.412061
-8.735661
-9.252941
-8.933697
-9.133462
-9.400582
-9.781750
-9.526707
-10.005934
-9.306898
-9.300677
-9.378704
-9.758557
-9.892130
-9.524834
-9.843492
-10.079667
-9.922339
-10.175291
-9.687135
-10.321225
-10.333346
-9.839047
-9.392955
-9.819723
-9.626164
-9.134446
-9.667388
-9.131018
-8.935868
-9.111973
-9.203351
-8.918004
-8.922827
-8.874960
-8.312713
-7.981684
-8.367400
-8.302386
-7.645391
-7.003664
-7.447926
-7.236477
-7.263494
-6.214916
-6.655007
-6.455237
-5.943757
-5.746804
-5.742868
-5.062108
-4.529237
-4.540827
-3.812184
-3.579097
-3.874771
-3.851857
-3.012963
-2.830181
-2.828881
-1.969133
-1.684364
-1.309984
-1.154204
-0.502980
-0.956622
-0.432541
-0.147074
