0.547804
0.581146
1.283567
0.905367
1.192488
2.026107
1.840924
2.603233
2.783064
3.521244
3.326554
3.531438
4.161853
4.097190
4.989427
5.175054
5.032102
5.786939
5.768386
6.183979
6.131256
6.655510
6.366348
6.441358
7.493482
7.251294
7.655831
7.246237
8.036742
8.036778
8.758839
8.222588
8.683409
8.600058
8.569908
9.260529
9.392913
9.659861
9.685884
9.765656
9.203263
9.235058
9.837448
10.081029
10.156387
9.868274
9.699548
9.845647
9.600266
10.235667
10.263184
10.205546
9.917763
10.150269
10.257966
9.601662
9.924839
9.348883
9.908338
9.713245
9.844935
9.058610
9.135539
8.564568
8.507348
8.317515
8.290704
8.852246
8.696196
8.177303
7.546990
7.478509
7.604904
7.608921
7.256192
6.901218
6.634353
6.271372
6.473198
5.905636
5.211897
5.288952
5.501643
4.742090
4.191914
4.665198
4.159707
3.882433
2.957293
3.421794
2.305129
2.536793
1.936123
1.776693
1.067203
0.833366
1.355292
0.473550
0.020059
-0.015422
-0.445954
-0.802918
-1.038900
-1.658993
-1.919803
-1.425157
-2.503072
-2.094432
-2.674480
-3.444586
-3.306543
-3.576808
-3.753871
-3.927247
-4.537829
-4.747393
-4.952228
-5.598407
-5.895547
-5.625972
-5.640749
-6.274324
-6.360194
-6.772811
-6.750055
-6.870575
-7.493684
-8.094893
-8.268789
-7.902752
-7.784887
-8.835202
-8.858330
-9.244933
-8.981761
-8.900783
-9.532702
-8.915692
-9.402897
-9.622608
-9.578701
-10.054682
-10.007377
-10.265520
-9.637759
-9.577375
-9.467052
-9.909202
-9.556945
-9.630030
-10.333698
-9.618560
-10.171456
-9.452826
-9.482560
-9.767738
-10.234177
-10.014528
-9.162726
-9.169927
-8.956388
-9.432924
-9.215024
-9.379711
-9.238951
-8.921624
-8.637199
-8.670027
-8.642637
-8.358322
-8.134212
-7.895488
-7.300528
-6.885937
-7.429748
-6.524172
-6.380271
-6.727031
-5.864926
-5.844542
-5.969997
-5.826370
-5.486895
-4.464969
-4.044281
-4.542441
-4.138027
-3.328599
-2.993264
-3.233775
-3.076159
-2.435778
-1.800585
-1.534272
-1.439555
-0.781364
-1.250515
-0.240349
-0.031941
0.422209
