0.532139
0.242227
0.741520
0.770740
1.340484
2.152015
2.086065
2.251992
2.484700
3.484950
2.948847
3.871084
4.318522
4.477614
4.927328
4.941010
5.255094
5.497919
5.279167
5.482299
5.652122
6.381491
6.217102
7.009565
6.880612
7.514518
7.261317
7.262553
7.495725
7.852524
8.666300
8.169463
9.064584
9.033958
8.977369
9.060509
8.870882
9.243307
9.290051
9.099562
9.557058
9.873506
9.874234
10.126830
10.096351
10.000143
9.614953
9.514016
9.923983
9.746543
9.795805
9.599284
9.886365
9.775067
9.781185
9.651599
9.545389
9.308939
9.962860
9.243014
9.144518
9.395283
9.533659
9.246508
9.152182
8.380480
8.585184
8.591584
8.305759
8.295461
8.007046
7.497772
7.387644
7.584538
7.427231
6.698175
6.113943
6.145042
5.704904
5.831467
5.486907
5.378013
5.414747
4.953662
4.293817
4.100874
3.606915
3.830744
3.285001
2.912045
3.018489
2.561325
1.728095
1.892231
1.836251
1.141841
0.716323
0.787277
0.332923
0.388082
0.124785
-0.576728
-1.438230
-1.385066
-1.416373
-2.193640
-1.993741
-2.332920
-2.538747
-2.993531
-3.229726
-4.173403
-3.700321
-3.794412
-4.687668
-4.817708
-4.736745
-5.710343
-5.936897
-5.461750
-5.676667
-5.920422
-6.322528
-6.966200
-6.706929
-7.608873
-7.589081
-8.001255
-8.369699
-8.559602
-8.490946
-8.299484
-8.344681
-8.826647
-9.234912
-8.711508
-9.440820
-9.100565
-9.502367
-9.234314
-9.598913
-9.925229
-9.694787
-9.932520
-10.246325
-10.304229
-10.428382
-10.076672
-10.060963
-9.739982
-10.013574
-9.635768
-9.793274
-9.930753
-9.978677
-9.660851
-10.005046
-9.568996
-9.490908
-9.149268
-9.588039
-8.829766
-8.967114
-9.180689
-8.742215
-9.211836
-8.613734
-8.875662
-8.235479
-8.462212
-8.259117
-8.199058
-7.793614
-7.312559
-6.645742
-6.478678
-6.368098
-6.520443
-6.261606
-6.012285
-6.025314
-5.842640
-5.198786
-5.055541
-4.280197
-3.880911
-3.943193
-3.777751
-3.177737
-2.878343
-3.090713
-2.263999
-1.763494
-1.782358
-1.085310
-0.866401
-0.525303
-1.086373
-0.332877
0.372091
