0.228141
1.075896
1.391543
1.276448
1.539110
1.694265
1.949890
2.903928
3.002021
3.406446
3.709976
4.071766
3.979805
3.984082
4.738330
4.336014
5.429532
5.476584
5.859225
6.354520
6.242695
6.613060
6.264207
6.771889
6.897668
7.104590
7.772775
7.639995
7.931533
8.539771
7.923407
8.750948
8.865807
8.811754
8.545722
8.689829
9.358284
9.544324
9.206744
9.630793
10.011145
9.987161
10.095675
9.394189
9.402749
9.529218
9.519394
10.256899
10.154113
10.434169
10.380878
9.669835
9.591240
9.556928
9.424665
9.514630
9.859220
9.725956
9.753064
9.365654
9.055896
9.265036
9.443656
8.777856
9.161567
9.040427
8.664562
8.939237
8.408301
7.850115
7.896503
7.685740
7.711392
7.303120
6.608238
6.515425
7.104364
5.996691
6.564277
5.624547
5.456982
5.660646
4.595063
4.539043
4.305532
4.181984
3.739871
4.010769
2.926161
2.968212
3.083505
2.860886
2.080783
2.214564
1.938236
1.290188
0.710645
0.652918
0.468116
-0.083420
-0.437174
-0.665333
-1.380478
-0.985208
-1.135727
-1.496753
-2.418053
-2.543118
-2.843313
-2.819360
-3.666217
-3.594280
-4.316336
-4.261139
-4.668827
-4.938060
-5.196759
-5.264141
-5.819360
-6.032829
-5.963340
-6.468077
-6.760776
-6.469129
-6.891521
-7.425752
-7.469090
-7.209167
-8.048876
-7.796567
-8.534657
-8.426018
-8.278835
-9.195825
-9.398545
-8.628892
-9.082178
-9.199616
-9.443821
-9.595791
-9.803982
-9.926518
-9.350127
-9.490592
-10.307031
-10.181192
-9.698984
-10.049285
-10.371928
-10.364255
-9.560569
-10.095880
-9.753850
-9.422494
-9.527829
-10.053330
-9.937055
-10.026663
-9.865885
-9.805356
-9.631321
-9.421031
-8.889929
-9.528216
-8.544371
-8.348021
-8.923317
-8.941484
-8.689944
-8.117862
-7.478489
-7.580217
-7.543238
-6.815742
-6.602261
-6.621150
-6.880450
-5.881044
-6.468318
-5.724724
-5.272285
-5.526055
-4.624412
-4.995028
-4.224192
-3.865801
-4.187149
-3.625905
-3.661233
-2.718953
-3.008366
-2.631852
-1.847218
-1.465294
-1.315679
-0.984233
-0.455199
-0.997872
-0.391473
0.419091
