0.533454
0.869995
1.391602
0.974018
1.518654
1.747059
2.137357
2.059605
2.759423
3.288700
3.211687
3.612660
3.873826
4.468675
4.336395
4.713960
4.603264
5.302051
5.246983
6.233356
5.661126
6.275707
6.459011
6.571051
7.182630
7.270227
7.076827
7.774725
8.386974
8.513971
8.659722
8.654650
8.340583
8.869460
9.001843
9.211013
9.117091
8.832847
9.276299
9.080652
9.261318
9.616732
9.584279
9.725430
9.935443
10.037154
9.580118
9.634883
10.184738
10.264934
9.558934
10.349435
10.242644
9.854310
9.956155
9.701164
9.286093
9.824050
9.184418
9.674022
9.317041
9.041861
9.131077
9.281053
9.110042
8.801077
8.612373
8.113272
7.782303
8.394450
7.528669
7.864670
7.664528
6.952681
6.777595
6.875743
6.565040
6.145234
6.484155
6.087070
5.707862
5.840511
5.123730
4.356842
4.147996
3.857496
4.073150
3.384124
3.048058
3.008015
2.834840
2.521227
2.503653
2.245028
1.540046
0.825701
0.919764
0.658499
0.414103
0.433574
-0.030085
-0.798278
-0.997301
-0.964562
-1.943631
-1.690949
-2.586787
-2.476690
-2.519946
-3.214834
-3.688172
-3.377523
-4.354671
-4.679651
-5.025373
-4.501137
-5.108780
-5.301930
-5.548843
-6.105316
-6.414295
-5.902630
-6.389301
-6.441404
-6.601884
-7.052735
-7.262810
-8.027650
-7.966918
-7.876836
-8.558586
-8.868055
-8.706743
-8.884922
-8.771507
-8.809729
-8.991253
-8.959864
-9.676187
-9.558033
-9.976541
-9.343473
-9.383161
-9.696094
-9.769574
-10.140485
-9.758257
-9.786749
-9.656099
-9.788287
-9.546663
-10.001767
-9.495110
-9.723546
-9.594831
-9.621758
-9.760219
-9.849296
-9.483787
-9.163887
-8.981929
-9.359662
-9.005932
-9.385629
-9.246445
-9.205888
-8.291329
-8.296804
-8.288320
-8.397081
-8.053944
-7.748010
-7.076060
-7.367360
-6.913440
-7.304572
-6.714975
-6.778006
-6.080031
-6.241575
-5.303760
-4.964839
-5.318093
-5.145432
-4.841993
-4.057441
-4.295288
-3.290378
-3.294588
-2.922542
-2.894660
-2.605361
-2.574851
-1.795241
-1.284996
-1.371902
-1.435854
-1.059552
-0.002541
-0.424908
