0.282289
0.140323
0.622877
1.485105
1.243583
2.148502
2.433102
2.394700
2.886732
3.455967
3.312196
3.864540
4.261092
4.231826
4.087213
5.156119
5.181546
5.236554
6.070686
6.367593
6.609277
6.589809
6.444823
6.533631
7.478945
7.608505
7.065014
7.759480
7.558649
8.028027
8.451769
8.019986
8.553826
9.194300
9.130503
8.730947
9.054118
9.129721
9.747609
9.579780
9.738733
9.480738
9.559835
10.269579
9.928929
10.340960
9.897929
10.072288
10.287877
10.280709
9.771409
9.806088
10.426272
10.093579
9.583981
9.404840
10.175046
9.558092
9.515078
9.652638
9.064482
9.008560
9.042490
9.228106
8.891655
9.139108
8.537512
8.904651
8.077155
7.599663
7.686953
7.392408
7.982809
7.759457
6.807675
6.958740
6.386519
5.923788
6.437098
6.350458
5.186334
5.775792
5.046347
4.687102
4.762472
3.875310
3.771483
3.592769
3.676396
3.577763
2.368789
2.872426
2.137699
1.706460
1.667351
1.490471
1.425717
0.673846
0.292864
-0.278498
0.066937
-0.881461
-0.487372
-1.626194
-1.587049
-2.126059
-2.171347
-2.609344
-2.927348
-3.483003
-3.310787
-3.249420
-4.302529
-4.517184
-4.307611
-4.817761
-5.233703
-5.659169
-5.407837
-5.874893
-6.041669
-6.361925
-6.280519
-6.906487
-7.383325
-7.549319
-7.992473
-7.995642
-8.346307
-8.260098
-7.788874
-8.372196
-8.432455
-8.738444
-8.609154
-9.002799
-8.851036
-9.699334
-9.168554
-9.880972
-9.767047
-9.317398
-9.516033
-9.620693
-9.791851
-10.020378
-9.730442
-10.003192
-9.606578
-9.704432
-10.251377
-10.170698
-10.205035
-9.937701
-9.515177
-10.229813
-10.081433
-9.700288
-9.112425
-9.384811
-9.608358
-8.942674
-8.703338
-8.755686
-9.275728
-9.080587
-8.340004
-8.197445
-8.610077
-8.587828
-8.329449
-7.394891
-7.442313
-6.967612
-6.734939
-7.272064
-6.864346
-6.135457
-5.646751
-6.042467
-5.837360
-5.254186
-5.180300
-4.344046
-4.231940
-4.409314
-3.663600
-3.493284
-3.608147
-2.847728
-2.466189
-2.591892
-2.017679
-1.907338
-1.314017
-1.597925
-0.865391
-0.946014
0.115558
-0.029317
