0.576714
0.265740
0.589843
1.555060
1.665376
2.354666
2.138837
2.038613
2.356859
2.670526
3.111915
3.282155
4.344972
3.942466
4.824595
4.487120
5.014678
5.792242
5.973019
5.656214
6.169251
6.280120
6.334025
6.560262
6.607034
7.335859
7.854010
7.710372
7.598688
7.983388
8.486845
8.736410
8.791285
9.154618
9.016677
8.660802
9.482073
9.415764
9.664517
9.360127
9.616098
10.164688
9.348237
10.263563
9.928828
10.305915
10.179283
9.698696
10.470110
10.146081
10.310101
10.153577
9.476968
9.776338
9.434236
9.730760
9.481117
9.754963
9.913843
9.827380
9.666755
8.896690
8.692096
8.655414
8.631677
9.188886
8.483122
8.909000
8.491300
8.125288
7.674573
7.697575
7.945552
6.919520
7.191479
6.565318
7.013165
6.250724
5.663784
5.963314
5.869038
5.729478
5.524694
5.117952
4.406227
4.508857
4.415011
3.376649
2.967843
3.233340
2.705296
2.291674
2.051596
2.106357
1.918307
1.752302
0.775372
0.752599
0.155677
-0.497476
-0.039403
-0.454767
-0.820010
-0.879639
-1.321849
-1.908533
-1.897101
-2.719548
-3.120675
-2.928938
-3.325957
-3.892275
-4.286632
-3.788165
-4.911710
-4.788630
-4.985323
-5.415137
-6.016112
-5.925159
-6.221988
-6.438675
-6.158058
-6.484752
-7.445807
-6.916692
-7.664153
-7.208651
-7.594358
-7.669793
-7.784292
-8.787949
-8.957760
-8.907481
-9.002914
-8.941320
-9.524535
-9.705224
-8.999572
-9.420621
-9.848967
-9.747982
-10.109606
-9.962505
-10.354586
-10.104715
-10.170426
-10.437059
-9.625208
-10.054305
-9.541938
-9.748977
-10.117906
-10.386208
-9.792560
-9.751768
-10.055637
-9.720106
-9.984928
-9.852402
-9.522729
-9.533557
-9.214470
-8.816680
-9.037198
-8.393843
-8.688782
-8.681089
-8.386811
-7.836297
-7.773919
-7.549656
-7.767161
-6.943659
-6.734312
-6.850331
-6.800948
-6.180052
-5.971335
-5.513964
-5.964976
-5.247856
-4.878356
-5.283472
-4.106909
-4.581233
-4.326980
-3.410078
-3.286002
-3.424419
-2.440998
-2.232428
-2.473081
-2.248270
-1.433694
-0.923094
-1.131276
-0.488409
0.124411
0.468976
