0.638716
0.131903
1.177597
1.260836
1.669028
2.307592
2.522739
2.196581
2.390118
3.130152
3.517122
3.254199
4.254006
4.628980
4.127048
4.320209
4.756107
5.228040
5.181728
5.911523
5.815065
6.358062
6.996517
7.049119
6.947484
7.476763
7.922144
7.278629
8.306216
7.615767
8.724198
7.978334
8.644618
8.342482
9.237192
9.320221
9.229574
8.898496
9.230294
9.874182
9.338273
9.259687
10.242151
9.971406
10.084235
9.880174
10.321599
10.344590
10.368536
9.844336
10.158337
10.408937
10.080502
9.525044
10.252763
9.972547
9.382189
9.873215
9.969498
9.171936
9.675234
9.330956
8.950883
9.512507
8.566399
8.469161
8.718799
7.977061
8.308620
8.029655
8.378648
8.014976
7.701041
7.420227
7.407761
7.178782
6.969140
5.955401
6.040516
6.113987
5.400077
5.119438
4.594442
4.820491
4.940898
4.025679
4.285241
3.351269
3.880648
3.208607
2.540014
2.954974
1.926185
2.053169
1.107065
0.937431
1.416610
0.484729
0.600154
-0.022754
-0.305796
-0.664794
-0.683562
-1.143300
-1.888244
-1.874943
-1.898663
-2.121214
-3.240397
-2.619810
-3.630553
-3.944147
-4.142132
-4.209777
-4.601837
-5.059004
-5.522167
-5.392716
-5.528404
-5.617810
-6.060082
-6.718538
-6.710509
-6.582162
-6.646323
-6.896900
-7.025507
-7.652109
-8.136153
-8.430708
-8.586436
-8.636693
-8.717605
-8.456877
-8.725359
-8.885557
-9.676730
-9.466273
-9.201804
-9.609862
-9.634922
-9.431372
-10.027837
-10.066847
-9.618816
-9.877697
-9.900994
-10.008127
-9.894791
-10.048231
-10.273578
-9.813553
-9.808272
-10.021514
-10.287840
-9.640478
-9.527861
-9.201884
-9.357680
-9.750801
-9.703061
-8.976083
-8.689497
-9.432349
-9.065888
-8.412518
-8.800589
-8.034616
-7.875872
-8.330388
-8.340578
-7.214391
-7.771196
-7.510174
-7.156610
-6.652321
-6.117188
-6.758571
-5.891916
-5.512575
-5.779764
-5.099835
-5.212754
-4.832891
-4.909669
-3.818137
-3.777692
-4.180736
-3.447157
-3.509342
-2.314034
-2.712653
-2.142468
-2.083244
-1.666433
-1.132307
-0.546159
-0.164802
-0.196617
-0.489033
