0.133306
0.686161
0.959572
1.718088
1.537165
1.456260
1.965893
2.156643
2.882769
2.725653
3.244623
3.697741
4.437360
3.984378
4.732332
4.714205
5.039702
5.333452
5.806057
5.682917
5.992874
6.346854
6.593524
7.320222
7.346992
6.950812
7.981857
7.388500
7.989575
8.132826
7.803173
7.970284
8.877344
8.482106
8.680689
8.808758
8.844729
8.798934
9.669159
9.995765
9.617438
9.754526
9.345933
9.635609
10.055853
9.948502
9.608939
9.943582
9.713417
9.923259
9.790728
9.601537
10.094749
10.121953
9.565944
9.966756
9.699973
9.291862
9.835263
9.181644
9.108751
9.535389
9.392991
8.721172
8.606112
9.110220
8.996310
8.198663
8.655526
7.847755
7.838883
8.106107
7.534201
7.552789
6.702248
7.279969
6.615720
6.620571
5.844473
5.553122
5.830656
5.777497
4.641007
5.058734
4.852047
3.980457
4.153481
3.318419
3.096219
2.726252
3.035192
2.011851
2.353977
1.772397
1.494654
1.539898
1.352909
1.099925
0.356827
0.426136
-0.411499
-0.993173
-1.406639
-1.436621
-1.586897
-2.107454
-2.138210
-2.534847
-2.494129
-2.875196
-3.691761
-3.484219
-4.306577
-3.758308
-4.729762
-4.848124
-5.159946
-5.524980
-5.839535
-5.740348
-6.144775
-6.427957
-6.872801
-6.979961
-7.407104
-6.834868
-7.194965
-7.748379
-8.252701
-8.268122
-8.585502
-8.500162
-8.599971
-9.022975
-8.646344
-8.605241
-9.280383
-9.140762
-9.592664
-9.942663
-10.087965
-9.377218
-10.027066
-9.633872
-10.234011
-9.611934
-10.168541
-10.427050
-9.727283
-9.812060
-10.008547
-9.582509
-10.153345
-9.806852
-9.446140
-9.461880
-10.233501
-9.917858
-9.377081
-9.904967
-9.604360
-9.046112
-8.727246
-9.298014
-9.147001
-8.477678
-8.313162
-8.854933
-8.188305
-8.209366
-7.606463
-7.353602
-7.319293
-7.009134
-7.177792
-6.598494
-6.577792
-6.059494
-6.493304
-5.518594
-5.554029
-5.775601
-5.097239
-4.346163
-5.003438
-3.918003
-3.679917
-3.849823
-3.129565
-2.730973
-2.703030
-2.361492
-2.515476
-1.807603
-1.932116
-0.885017
-1.163263
-0.952246
-0.392907
0.048467
