0.724905
1.063989
0.661101
1.087266
1.874814
1.604921
2.192134
2.723738
2.589034
3.334498
3.409557
3.384566
4.096974
4.078345
4.559041
4.539807
5.387445
5.342967
6.082990
5.766783
6.134558
6.831110
6.385814
6.708435
7.305169
7.268145
7.506861
7.241361
8.077044
8.066524
7.870447
8.612933
8.459807
8.662309
8.730934
9.232262
9.101154
9.232764
8.944487
9.124915
9.651399
9.749304
9.527075
9.471555
9.646497
9.478868
9.600807
10.444383
10.121742
9.626568
10.342425
9.589515
10.373113
9.973336
9.569563
9.381588
9.895431
9.604244
10.041673
9.825778
8.921755
9.038268
9.572192
8.770684
8.632145
8.860208
8.998408
8.827668
8.723649
7.821046
7.408513
8.029673
7.782390
7.482176
7.280505
7.296261
6.457674
6.381129
6.279356
6.277413
5.677297
5.791859
5.377937
4.760111
5.036234
3.826407
3.570410
3.743224
3.572427
3.017083
2.889003
2.231377
2.554677
1.900290
1.943898
1.117601
0.589638
0.270825
0.465126
-0.158495
0.075853
-0.795006
-0.973601
-1.197024
-1.619993
-1.539129
-1.890249
-2.737797
-2.914279
-3.314406
-2.980629
-4.074926
-4.062989
-4.334465
-4.440122
-4.737277
-4.893427
-4.941730
-5.580502
-5.444533
-6.221427
-6.728405
-6.617720
-6.660324
-7.321518
-7.556837
-7.584950
-7.629546
-7.744681
-7.876198
-7.850301
-7.960758
-8.653366
-8.584702
-8.870674
-8.932430
-8.965971
-9.461576
-9.113507
-9.544505
-9.546256
-9.728668
-9.696968
-10.049193
-10.095938
-9.604052
-10.451143
-9.497768
-9.616536
-9.679789
-9.719525
-10.157021
-10.038027
-9.564710
-9.896032
-9.573876
-9.987701
-9.407170
-9.695898
-9.879618
-9.581733
-9.677923
-9.140504
-9.064037
-8.859312
-8.917741
-8.870075
-8.102767
-8.082787
-7.891042
-8.092174
-7.277490
-7.586715
-6.872622
-6.670391
-6.576761
-6.630209
-6.633161
-6.401200
-5.919944
-5.406410
-5.838146
-5.444756
-4.548912
-4.452020
-4.589424
-3.885745
-3.703330
-3.879046
-3.464282
-3.143577
-2.938414
-1.929934
-1.786812
-1.088147
-1.664952
-0.477396
-0.809325
-0.072147
-0.396449
