-0.050763
1.101201
0.881529
1.397961
1.380099
1.766958
2.586267
2.278037
3.015009
3.314711
3.028861
3.234465
3.737300
3.889457
4.870234
4.823716
4.882195
4.981152
5.735360
5.766520
6.440646
6.803222
6.754248
7.293521
6.695393
7.307759
7.785425
8.187592
7.850836
8.167473
8.344436
8.294837
8.216511
8.650099
9.330987
9.331407
8.727443
9.677746
9.431407
9.128978
9.656953
9.430727
9.893428
9.989007
9.656586
9.596254
9.930406
10.126552
9.661109
9.540047
10.008793
9.667373
10.324888
9.580329
9.402344
9.837299
10.093275
9.236609
9.761045
9.118289
9.890929
8.858762
9.021435
8.890458
8.925850
8.423517
8.198668
8.789667
7.908759
8.209350
7.732462
7.497394
7.379622
7.004691
6.912269
6.575541
6.824196
5.947509
6.011488
6.096438
5.619506
5.165283
4.886586
4.680035
4.628803
4.404923
4.352136
3.413992
3.754867
3.447823
3.259301
2.946003
2.338407
2.298854
1.713650
1.106851
0.552643
0.765666
0.564249
0.291178
-0.349526
-0.213420
-0.546299
-0.802121
-1.955917
-1.796476
-1.981970
-2.587091
-2.987429
-3.552537
-3.388382
-4.114476
-3.839029
-4.203914
-4.262303
-5.246192
-5.386997
-5.292535
-5.819301
-5.863939
-6.436076
-6.476355
-6.844845
-6.535372
-7.008602
-6.936666
-7.782240
-8.143357
-8.001717
-8.295282
-7.995659
-8.735249
-9.015471
-8.715588
-8.643932
-9.203490
-9.080234
-9.604467
-9.042538
-9.424584
-9.305622
-9.643782
-9.498773
-9.480778
-9.702615
-9.698407
-9.691184
-9.686588
-9.996508
-10.385258
-10.440327
-9.838845
-10.374975
-9.872993
-10.037401
-9.936112
-9.867451
-9.719573
-9.167358
-9.415850
-9.674677
-9.065980
-9.009636
-9.411108
-9.268161
-9.198883
-8.860171
-8.244881
-8.401191
-8.331308
-8.242501
-7.749317
-7.672575
-6.949841
-7.186343
-6.619698
-6.147802
-6.007218
-6.473108
-5.830662
-5.468517
-5.326239
-4.860252
-4.470763
-4.234654
-4.190489
-3.928757
-3.253754
-3.872421
-3.016632
-2.888196
-2.788876
-1.935372
-1.863824
-1.211079
-1.128770
-0.699081
-0.752654
-0.080484
-0.092200
