0.722927
0.413673
0.540945
0.949697
1.614279
1.556252
2.612166
2.921594
2.372833
2.921443
3.629406
3.678038
4.093294
3.980488
4.632746
5.027454
5.567858
5.521145
5.122842
6.338530
6.433192
6.759013
6.467916
6.852389
6.840548
6.945631
7.702484
7.270146
7.552402
7.818661
7.822651
8.459807
8.734135
8.803575
8.453273
9.394458
9.017264
9.203928
8.971996
9.681715
9.582533
10.146407
9.987757
9.469663
9.909536
10.355786
10.142200
10.025842
9.728505
9.956997
9.866850
10.132278
10.276597
9.573659
10.269408
9.611846
10.058130
10.010854
9.851599
9.554742
9.028853
9.680743
8.681072
9.427151
8.469433
9.166324
8.941966
8.055112
8.430434
7.650232
7.893518
7.210531
7.335679
7.072538
7.237457
6.923192
6.607844
6.453773
5.710082
5.519885
5.346745
4.891363
4.818146
4.781096
4.255098
4.557863
4.022466
4.156224
3.157389
2.768274
3.009218
2.095301
1.748241
1.751663
1.564749
1.434726
1.184049
0.344538
-0.025824
-0.268359
-0.212011
-0.451307
-1.186310
-0.807096
-1.512909
-1.886702
-2.638108
-2.788920
-3.037840
-3.566553
-3.810749
-3.666810
-4.164291
-3.982740
-4.988349
-4.713513
-4.849800
-5.495080
-5.775977
-5.982493
-6.395802
-6.469374
-6.447266
-6.683018
-6.751192
-7.522816
-7.580684
-7.921493
-8.084430
-8.563398
-7.848815
-8.632138
-8.583963
-8.643587
-8.928308
-8.622233
-9.672985
-9.428039
-9.189187
-9.906019
-9.552560
-9.997936
-9.332086
-9.758093
-9.740686
-10.172516
-10.185384
-10.144278
-9.536035
-10.055787
-9.612819
-9.490890
-9.705167
-10.217186
-9.820410
-9.875652
-9.922349
-9.540189
-9.297140
-9.676358
-9.041088
-9.638175
-8.820174
-8.839068
-8.911961
-9.075806
-8.419574
-8.531668
-8.347108
-8.041664
-8.044701
-7.751784
-7.547113
-7.545975
-6.839488
-7.336062
-6.614098
-6.379809
-6.101566
-5.567288
-5.933275
-5.856270
-4.637230
-4.994899
-4.643001
-3.762286
-3.754649
-3.408945
-3.774564
-3.089024
-3.019173
-2.219018
-2.604962
-1.476512
-2.016473
-1.256504
-1.398978
-0.233714
-0.202070
0.000158
