0.195816
0.526550
0.883514
1.445967
1.253490
1.543046
2.612700
2.154421
2.431275
3.172645
3.160421
4.154754
4.127312
4.482855
4.308462
4.669382
4.848025
5.518334
5.302841
5.426649
6.571826
6.562748
6.325401
6.857616
7.279752
7.707243
7.284372
7.897774
7.994406
8.079294
8.580206
8.890052
8.674070
8.759481
9.015097
8.705251
9.485901
9.039014
8.977885
9.859942
9.532616
9.706182
9.369739
10.304383
9.924724
9.444176
10.372913
9.840741
9.987445
10.004647
9.979486
10.190651
9.655952
9.977711
9.840050
10.258279
9.498088
9.547409
10.029723
9.524732
9.635334
9.410335
8.678757
9.464319
8.922395
9.071256
8.978337
8.788908
8.713761
7.993539
7.445838
7.822632
7.019080
6.895169
7.361072
7.061450
7.008229
6.242881
6.388910
5.678716
5.433086
5.138612
4.947082
5.144212
4.189853
3.849069
4.020423
3.857031
3.415264
2.679495
2.671706
2.331983
1.787497
1.726561
1.134128
1.548509
0.628547
0.310780
0.437619
-0.359471
-0.588078
-0.176092
-1.038114
-1.038098
-1.129413
-1.485374
-2.198830
-2.100150
-3.198902
-2.915936
-3.642978
-3.352288
-4.010666
-4.138121
-4.183226
-4.929422
-5.543086
-5.442975
-5.919147
-5.927189
-6.358418
-6.486395
-6.851017
-6.382001
-6.889279
-6.953158
-7.515668
-7.393178
-8.185188
-8.467927
-8.375732
-8.684241
-9.030879
-8.522038
-8.984415
-8.869949
-9.113283
-8.927084
-9.112994
-9.434977
-9.231074
-9.273494
-10.154938
-10.266819
-9.685883
-9.558983
-9.597258
-9.717186
-10.379349
-10.082057
-9.791772
-9.514492
-9.711476
-10.297135
-10.363900
-9.707403
-9.562882
-10.085898
-9.129143
-9.743494
-9.500424
-9.793695
-9.388591
-8.572118
-9.161658
-8.541545
-8.178385
-8.631857
-8.568742
-8.374504
-7.660043
-8.078671
-7.146531
-6.926607
-7.333376
-6.588323
-6.868831
-6.870040
-6.611102
-5.546510
-5.353293
-5.618620
-5.350000
-5.025733
-4.914247
-3.887068
-3.545071
-4.129613
-3.776583
-3.388210
-2.765822
-2.299462
-2.071719
-2.370749
-1.307000
-1.178747
-1.337634
-1.039300
-0.008755
0.314274
