0.551618
0.201649
0.928754
1.635551
1.302574
1.725043
1.948576
2.765360
2.811948
3.206967
3.505011
4.111444
3.712887
4.017721
4.962549
5.170370
5.099457
5.820834
5.421668
6.327735
5.860194
6.695745
6.867271
7.098437
6.919413
6.922455
7.441003
7.454637
8.002578
8.567807
8.595712
8.578887
8.350847
8.987721
8.926507
9.512364
8.848566
9.625882
9.199999
9.145325
9.877435
9.858180
9.465289
9.844312
9.402103
9.969392
10.251941
10.144520
10.431958
9.516310
10.295287
9.989247
10.068848
9.919852
10.207984
9.596101
9.455707
9.278922
9.638708
9.290219
9.512002
9.512261
8.795328
9.027301
8.555640
8.663163
8.915152
8.748810
8.220279
7.967211
8.357825
7.816317
7.736131
7.673125
7.233680
7.207777
6.688031
5.976843
6.133319
5.885543
5.775184
5.496697
4.661980
5.063695
4.369324
4.589664
4.192337
3.415339
3.793968
2.767740
3.040617
2.705754
2.094819
1.726814
2.036873
1.375445
0.602451
0.614216
0.069258
0.408891
-0.247826
-0.219215
-0.733445
-1.489577
-1.854833
-2.133120
-2.421994
-2.695127
-2.837904
-3.163742
-3.284089
-3.625798
-4.368321
-4.056811
-4.542550
-4.519996
-5.390593
-5.500790
-5.964729
-6.326973
-5.824539
-6.334286
-6.611428
-7.011185
-6.795864
-7.009155
-7.787292
-8.044500
-7.962292
-8.573732
-8.639897
-8.781978
-8.897749
-9.180861
-8.696205
-8.874866
-8.736395
-9.309358
-8.941187
-9.197346
-9.177562
-9.926737
-9.345050
-9.574773
-9.715211
-10.406573
-9.852575
-10.219179
-10.259560
-10.334322
-9.733567
-10.477161
-9.598793
-10.008680
-9.434411
-9.763726
-9.317509
-9.930815
-9.367067
-9.821033
-9.063522
-9.478287
-9.118149
-8.974953
-8.718192
-9.218735
-8.838803
-7.981923
-8.512268
-7.693015
-7.748468
-7.630227
-7.370347
-7.321198
-7.162788
-6.425003
-7.053849
-5.899245
-6.463548
-5.531505
-5.530729
-5.501891
-5.548259
-4.552731
-4.091658
-3.762753
-4.468639
-3.650840
-3.270561
-3.182027
-2.985203
-2.524234
-2.381468
-1.704443
-1.529881
-1.644083
-0.869624
-1.036827
0.127176
-0.200955
