0.757202
0.153465
1.308357
1.407536
1.884487
1.907867
2.322867
2.243565
3.220982
3.090914
3.268443
4.141615
3.564279
3.777363
4.503120
5.182568
4.959289
4.948557
5.500047
5.844755
6.583445
6.005463
6.546344
7.121269
7.047618
7.705782
7.417299
7.339486
7.775626
8.314933
8.182976
8.326121
8.803297
8.600365
8.933943
8.897758
8.881272
9.433244
9.081876
9.567387
9.115818
9.571814
9.770237
10.160336
10.192126
10.308372
10.262378
10.098068
10.288025
9.602875
9.920145
10.262319
9.887570
9.739770
9.670727
9.689869
9.688879
9.897237
9.625718
9.090631
9.818656
9.333209
8.707332
8.827635
8.460300
8.313242
8.868521
8.933771
8.715855
8.265806
7.812600
8.172562
7.384254
7.536904
6.625319
6.473177
6.627583
6.500658
5.684410
5.651086
5.375051
4.889195
5.502510
4.348300
4.828994
3.944904
4.424499
3.956110
3.582589
3.099440
2.926599
2.756665
2.537130
1.860494
1.390243
1.080874
1.358296
1.001246
0.587518
-0.206992
-0.350365
-0.802570
-1.427745
-0.991740
-1.760574
-2.245302
-2.467412
-2.911893
-2.329371
-2.811109
-3.302697
-3.667819
-3.751540
-3.802382
-4.103109
-4.579862
-4.615201
-5.400143
-5.324780
-5.455721
-6.492675
-6.868469
-6.208477
-7.335009
-7.533683
-7.363443
-7.535828
-7.457598
-8.325504
-7.612838
-8.687423
-8.463519
-8.528770
-8.425862
-9.307612
-9.435861
-9.153187
-9.449394
-9.342020
-9.371831
-9.348188
-9.931147
-10.053806
-9.680558
-9.542488
-10.406311
-9.947647
-10.246598
-9.954855
-10.119253
-10.483445
-10.007779
-10.243323
-10.042772
-9.995869
-10.297865
-9.996940
-9.266743
-9.205518
-9.421261
-9.809656
-9.389867
-9.332197
-9.262420
-8.872517
-8.934733
-8.419577
-8.650556
-8.085348
-8.288636
-7.830988
-7.934663
-7.329040
-7.340699
-7.540871
-6.768139
-6.212235
-6.267755
-6.061053
-6.107224
-5.559142
-5.747058
-5.081541
-4.988483
-4.434142
-3.769943
-3.760793
-4.100031
-3.445821
-3.214856
-2.514765
-2.789003
-2.566276
-2.008504
-1.272476
-1.749181
-1.291445
-0.428130
-0.511956
0.244857
