-0.143777
0.281507
0.594067
1.320597
1.742946
1.929453
1.896804
2.338676
2.569861
2.985197
3.046299
4.106098
4.127539
4.215111
4.838871
4.807969
5.047546
5.331895
5.935119
6.089525
6.607569
6.578208
6.301739
6.749455
7.115410
7.612780
7.973787
7.663615
7.863637
7.940545
8.036150
8.832004
8.159292
8.613002
8.945721
9.432163
9.179387
9.723231
9.750409
9.170380
9.186902
9.899252
10.187286
9.538227
9.582185
10.062788
9.523133
10.004145
9.920546
10.076758
9.838750
9.641089
10.366795
9.628564
9.638419
10.116783
10.124200
9.816026
10.097948
9.801151
9.119561
9.516058
9.148380
8.870952
8.870577
9.095283
8.783276
8.655188
8.290899
8.433795
7.519155
8.137311
7.402109
7.718207
6.647883
7.145731
6.749979
6.520351
5.840699
5.407089
5.868525
5.498435
5.527061
4.352729
4.356608
4.310558
3.787215
3.213348
3.163892
3.517997
2.599832
2.396071
2.396129
1.888247
1.705211
0.813011
1.322715
0.524541
0.044940
-0.141937
-0.147910
-0.851959
-1.019990
-1.309815
-1.422529
-1.583287
-2.346920
-2.685408
-3.157021
-2.838680
-3.199899
-3.621132
-3.534571
-4.062858
-4.257529
-4.492226
-5.565497
-5.770339
-5.825540
-6.299994
-6.009890
-6.186928
-6.358524
-6.730907
-7.122292
-7.427715
-7.270940
-8.186749
-7.961210
-7.629065
-8.010759
-8.847230
-8.424499
-9.035101
-9.060598
-9.500307
-8.874277
-9.232553
-9.633009
-9.197651
-9.317762
-10.072467
-9.944650
-9.750685
-10.330287
-9.513063
-10.427789
-10.049272
-9.903760
-9.528255
-9.700479
-10.148490
-10.230507
-10.203693
-10.264010
-10.009057
-9.761002
-9.574373
-9.894556
-9.272177
-9.012468
-9.679178
-8.913636
-8.739152
-9.393662
-8.488198
-8.358910
-8.618749
-8.342788
-8.456626
-8.379137
-7.618026
-7.271195
-6.949429
-7.225043
-7.321593
-6.605638
-6.003525
-6.628674
-5.787356
-6.090827
-5.141223
-5.131547
-5.126340
-4.779182
-4.526123
-3.694179
-3.967490
-3.494201
-2.696569
-2.749334
-2.294472
-2.332798
-1.590420
-1.626480
-1.582615
-1.187903
-1.109444
-0.758153
-0.075393
