0.781345
0.661746
0.838127
1.273866
1.614809
1.931522
2.345983
2.871369
2.431316
3.498214
2.977550
3.271938
4.410098
4.682935
4.596352
5.196139
4.914186
5.668523
5.815540
5.461206
6.530665
6.677529
7.052547
7.011037
6.620740
7.191121
7.155154
7.289665
7.410187
8.547481
8.758191
8.802292
8.241511
9.024361
8.799685
9.048358
9.039820
9.130631
9.291068
9.169803
9.295091
9.194566
10.143054
9.878062
10.060092
9.897438
9.690907
10.204883
9.725592
9.725960
9.622794
9.887625
9.772831
9.972983
10.283227
9.723458
9.264066
10.138804
9.446854
9.269116
9.252155
8.838120
9.524017
9.316074
9.378651
8.562916
8.350765
8.293912
7.979025
8.124944
8.399065
7.993523
7.136550
6.802023
7.082633
6.924967
6.773187
6.305358
5.783388
6.234823
5.589865
5.733446
4.903415
4.427553
4.323364
4.151583
4.292744
4.058228
3.662459
2.930239
2.316204
2.639179
1.900570
1.711818
1.785476
1.369693
1.070748
0.440298
0.434731
-0.361219
-0.601629
-0.955944
-1.024335
-0.775979
-2.006290
-2.352805
-1.835725
-2.619410
-2.915828
-3.116665
-3.839720
-3.749684
-4.230878
-3.895996
-4.238462
-4.802382
-4.834188
-4.872221
-5.674813
-5.983471
-5.656619
-6.697422
-6.748927
-7.280688
-7.473296
-7.292127
-7.016568
-8.000401
-7.932327
-8.314803
-8.701336
-8.760515
-8.409554
-9.001348
-9.369892
-9.282741
-9.405290
-9.101573
-9.507576
-9.070179
-9.346010
-9.910268
-9.512292
-10.123442
-9.831941
-10.368421
-10.080964
-9.780093
-9.629955
-10.481493
-10.357574
-9.800972
-10.124192
-9.769123
-9.826292
-10.032458
-9.386354
-10.137163
-9.441151
-9.070223
-9.635765
-9.361990
-9.268081
-9.211074
-8.521703
-9.117649
-8.921025
-8.848499
-8.222939
-8.589099
-7.908479
-7.596239
-7.571038
-7.032892
-7.169989
-6.470322
-6.376809
-6.186888
-5.806460
-5.834077
-5.745775
-5.701821
-5.348530
-4.454260
-4.567956
-4.428362
-4.198021
-4.001419
-3.123103
-2.791270
-2.300572
-2.969585
-2.164694
-2.024983
-1.792442
-0.977985
-1.054289
-0.332948
-0.076537
0.389129
