0.074857
0.304573
1.013151
1.177003
1.723610
2.174607
1.871356
2.645242
2.969400
2.650749
3.453191
4.180915
3.502431
4.072818
4.482637
4.565547
4.962190
5.766176
5.765356
6.266122
5.964070
6.366749
6.650821
7.215387
7.120869
6.904499
7.029546
7.345530
7.800181
8.343762
8.720237
8.317834
8.185093
8.329442
8.819875
8.741400
9.659032
9.151623
9.630217
9.710785
9.162430
9.244737
9.640176
10.320717
9.428617
10.084338
9.648194
10.025605
9.727570
10.109458
10.467137
10.181945
9.702022
10.120572
9.416317
10.108658
9.976227
10.029701
10.051334
9.282004
9.792273
8.969373
9.649447
9.402469
8.614520
8.736857
8.225494
8.791180
7.825541
8.121346
8.178845
7.865392
7.979106
7.787784
7.402260
7.070861
6.999325
5.936221
5.642761
5.380916
5.511318
5.623608
4.615647
4.449412
4.794287
4.006886
3.993879
4.079885
3.467178
3.565422
2.675504
2.363615
2.044133
2.153588
1.143972
1.061583
0.624465
0.671027
0.761149
0.254176
-0.442749
-1.065230
-1.235838
-1.615704
-1.819380
-1.699855
-2.595552
-2.537582
-2.708718
-2.929412
-3.416405
-3.702440
-4.000924
-3.951243
-4.333894
-5.265012
-5.163834
-4.884396
-5.184591
-6.140059
-5.875284
-5.889245
-6.697392
-6.675806
-6.620875
-7.391713
-7.226039
-7.251060
-7.652838
-7.591732
-8.640893
-8.541115
-8.284612
-8.465925
-8.529501
-9.188412
-8.816812
-9.407915
-9.154756
-9.872124
-9.448954
-10.031008
-10.215856
-9.446350
-10.010793
-10.063735
-9.535372
-10.042118
-9.857025
-9.629484
-10.211011
-10.200203
-9.697027
-9.845592
-10.261453
-9.935997
-9.956695
-9.907143
-9.776878
-9.203562
-9.525828
-9.461486
-9.166789
-8.796453
-8.779758
-8.799343
-8.969840
-8.810701
-8.033354
-8.435923
-8.066992
-8.074978
-7.044012
-7.226953
-7.434309
-6.911811
-6.663203
-6.437933
-5.855931
-5.821202
-5.935817
-5.457406
-4.975494
-4.633484
-4.187106
-4.422903
-4.325289
-3.919427
-3.834172
-3.390842
-2.804762
-2.643639
-1.704955
-1.577769
-2.048686
-1.715389
-0.864808
-0.949327
-0.551914
-0.134800
