0.476379
0.215434
1.282181
0.949664
2.013207
2.305564
1.687692
2.849519
2.664958
2.696678
2.887808
3.515677
4.112257
3.868281
4.389337
4.332614
5.390826
5.392936
6.086388
6.180388
6.271285
6.193504
6.839631
7.204079
6.633940
6.998480
7.248743
8.186633
7.761695
7.612958
8.723625
8.771107
8.207308
8.342001
8.797486
8.988940
8.898690
9.563820
9.097539
9.264856
9.732105
9.805222
10.050003
10.309325
9.767213
10.412361
10.130529
9.626673
9.962516
9.593066
9.642933
9.625622
10.121020
9.884994
9.869956
10.309791
9.933585
9.728203
10.002233
9.256870
9.250766
9.178109
8.939622
9.044174
8.700528
9.026426
8.284015
8.066151
8.557071
7.784543
7.916792
8.041404
7.373040
7.161617
7.017827
7.286402
7.110402
5.905663
6.390140
5.775369
5.945512
5.433362
5.420071
4.488668
4.353380
4.429279
3.973069
3.431800
3.258266
3.039312
2.519382
2.879700
2.307154
2.204905
1.872914
0.869530
1.219778
0.578159
-0.055913
0.490997
-0.126896
-0.534299
-0.474658
-0.802817
-1.537877
-2.053628
-2.025031
-2.015311
-2.623370
-3.080672
-3.300189
-3.963956
-3.609629
-3.866531
-4.149203
-4.397046
-4.779105
-5.262042
-5.545170
-6.103414
-6.384150
-6.444488
-6.901581
-6.749726
-7.141046
-6.939591
-7.267257
-7.793221
-8.312244
-7.737867
-7.816559
-8.269048
-8.709034
-8.679044
-9.240722
-9.119772
-8.786154
-9.467378
-9.427292
-9.257732
-9.967434
-9.388968
-9.386466
-9.396085
-9.927672
-9.516852
-9.949542
-10.405866
-10.062301
-9.712328
-9.982447
-10.375523
-10.091251
-10.372504
-10.361944
-9.453942
-10.207509
-9.796975
-9.858620
-9.771922
-9.423850
-9.158726
-9.614064
-9.539642
-8.460217
-8.718192
-8.791805
-8.681190
-8.372358
-8.465773
-7.783584
-7.837035
-7.942158
-7.525348
-6.789625
-6.921945
-6.230990
-6.182777
-6.399309
-6.122488
-5.689900
-5.262212
-5.180416
-5.048062
-4.153737
-4.156634
-4.303973
-3.665552
-3.564286
-3.586822
-2.754194
-2.650537
-2.226506
-1.448708
-1.631469
-0.853552
-1.375283
-0.129117
-0.607263
-0.274512
