0.146547
0.400859
0.500645
1.696550
1.269842
1.907775
1.686911
2.952271
2.385464
2.830891
3.632650
3.854929
4.241248
4.674580
4.727342
4.765837
4.979727
4.892497
5.221636
5.636786
6.051429
6.469651
6.364608
7.005363
6.846817
7.447909
7.285275
7.830092
7.527009
7.749250
7.990937
8.605139
8.828382
9.212813
8.622070
9.023758
8.903985
9.625207
9.251191
9.215780
9.697827
10.128864
9.542335
9.929610
10.294053
9.866000
9.861663
9.993887
10.146119
10.386290
10.223982
9.531224
9.898388
9.770432
10.365505
9.986402
9.706797
9.571370
9.497500
9.644621
9.747941
9.597376
9.336944
9.366955
9.032203
8.702974
9.099617
8.015768
8.005437
8.378837
7.455718
7.396132
7.134505
7.004473
7.040096
6.905562
7.001853
6.215460
5.837661
5.470986
5.986302
5.028166
5.219224
4.744175
4.949411
4.364260
4.426241
3.612107
3.352358
2.846586
2.531600
2.118007
1.928053
1.722714
1.732500
1.662038
1.026283
0.861915
-0.055303
-0.331540
-0.579992
-0.538686
-0.834156
-1.677657
-1.923575
-1.996080
-2.040931
-2.486700
-2.312454
-3.005916
-3.608290
-3.772083
-3.674306
-4.232786
-5.007766
-5.216684
-4.703047
-5.556726
-5.603985
-6.133343
-6.077447
-6.094087
-6.287339
-6.712845
-7.528477
-6.932276
-7.869677
-7.809787
-8.291448
-8.041421
-8.316087
-8.416359
-8.401844
-9.172873
-8.824110
-8.899597
-8.688110
-9.756773
-8.921473
-9.670650
-9.345879
-10.074963
-10.117267
-10.103393
-9.577346
-9.797084
-9.920338
-10.125937
-10.170739
-9.870203
-10.327510
-9.845775
-9.754107
-9.548425
-9.799882
-9.706386
-9.377870
-9.962915
-9.154304
-9.177055
-9.757786
-9.550013
-9.341924
-8.700997
-9.024527
-8.396800
-8.830202
-8.678888
-8.278254
-8.005536
-7.550269
-7.259477
-7.745411
-7.769261
-6.825584
-7.164169
-6.982879
-6.287965
-5.728304
-5.634638
-5.746360
-5.386730
-5.102122
-4.612463
-4.050857
-3.848662
-3.715138
-3.843477
-3.397262
-3.125187
-2.752509
-2.935225
-1.908716
-1.412642
-1.520848
-1.342921
-1.044530
-0.471422
-0.023983
0.235989
