-0.105833
0.682647
1.011773
0.797730
1.307692
1.617579
1.889049
2.944376
2.400141
3.391590
2.966179
3.595643
3.946941
4.292145
4.624127
4.954225
5.356902
4.898789
5.715583
6.214632
6.427613
6.805489
7.109760
6.648575
7.263592
7.476510
7.802877
7.875527
7.433350
8.553180
8.538981
8.553228
8.334964
9.194516
9.171558
9.274796
9.521242
9.082456
9.639872
9.459320
9.572358
9.762909
9.902812
10.121689
9.509078
9.720919
9.613792
10.247284
10.448820
10.039116
9.940237
10.450318
10.357360
9.769874
9.560840
9.937672
9.620919
9.227433
9.737483
9.160187
9.174113
9.194882
9.082296
8.918653
9.078767
8.453781
8.156927
8.784350
7.796535
7.613971
7.445142
7.505589
7.361222
7.005124
6.905248
6.402044
6.824933
6.642081
6.350498
5.630603
5.235551
5.203937
4.806602
4.840196
4.539402
4.459885
4.279391
4.172289
2.898943
2.699298
3.029546
2.425951
2.672247
1.821255
1.647543
0.925357
0.877511
0.660408
-0.007128
0.450868
-0.119864
-0.862563
-0.947512
-1.013836
-1.671462
-1.736783
-2.244829
-2.088889
-3.173621
-2.812707
-3.108626
-3.818912
-3.836686
-4.038446
-4.819011
-4.500917
-4.953414
-5.796647
-5.806637
-5.795358
-6.384507
-5.948905
-6.564887
-7.052337
-6.806145
-6.905450
-7.233171
-7.221666
-7.547512
-8.420936
-8.652615
-8.651911
-8.192999
-8.758709
-9.253363
-8.756052
-8.953046
-9.620284
-9.328017
-9.115828
-9.187766
-9.651937
-9.866569
-9.352023
-9.455231
-10.192678
-9.844287
-10.173567
-9.861027
-9.640811
-9.876862
-10.444158
-10.445195
-9.465967
-10.371925
-9.660408
-9.971402
-9.306623
-9.543154
-9.874536
-9.339315
-9.716727
-9.073309
-9.446362
-8.629155
-8.615318
-8.906345
-8.074064
-8.647215
-8.452434
-7.485778
-7.394395
-7.446012
-7.236795
-7.275111
-7.001673
-6.726469
-6.790266
-5.630766
-5.797558
-5.300132
-5.419131
-4.637980
-4.433112
-4.930738
-4.570590
-3.810688
-3.793716
-3.237835
-3.393722
-2.837781
-1.988004
-2.166450
-2.229817
-1.557927
-0.988250
-0.626254
-0.296322
-0.567230
-0.372734
