-0.166193
0.218895
0.604178
1.639824
1.967287
2.306947
2.573154
2.536596
2.897370
3.319691
2.916460
4.109667
3.524680
4.680838
4.894538
4.561085
4.867199
5.519938
5.729758
5.694802
5.864750
5.984522
6.230173
7.051133
7.400037
7.063562
7.395846
7.766615
8.210243
8.086491
7.820756
8.024693
8.384596
8.365891
8.458198
9.343827
9.011119
9.548238
9.524493
9.504675
9.895294
9.280460
9.732019
9.844249
9.731290
9.760069
10.075688
9.662920
9.988653
10.372991
10.080136
10.407644
10.337186
9.866552
9.644974
9.517282
9.941790
9.883840
9.904477
9.087545
9.869483
9.327990
9.102921
9.170766
9.187826
8.662636
8.722839
8.732555
8.481317
8.429580
8.349154
7.460751
7.477441
7.285669
7.551437
6.433294
6.918800
5.905296
6.405640
6.094629
5.442428
5.518267
5.230120
4.803648
4.667571
4.548355
4.103821
3.313872
3.852010
3.400599
3.236820
2.092668
2.176979
1.396013
1.398117
0.885116
0.502637
0.543103
0.381205
0.180992
-0.711640
-0.846817
-0.619686
-0.832643
-1.449171
-2.019243
-2.649650
-2.927907
-3.085907
-2.933144
-2.894490
-3.247178
-4.183009
-4.577729
-4.688478
-5.183140
-5.289179
-5.184603
-5.555760
-5.591011
-6.418128
-6.749585
-6.292751
-6.593652
-7.091960
-7.477699
-7.753825
-8.178572
-8.221785
-8.422784
-8.598767
-8.785111
-8.991026
-8.524857
-8.977538
-9.453209
-9.586156
-9.192249
-9.014413
-9.999261
-9.906625
-9.192985
-10.057338
-9.558058
-9.583966
-9.495567
-10.297932
-9.988778
-9.920262
-10.369055
-9.807952
-9.832563
-10.287659
-10.238965
-10.277964
-10.159109
-9.309214
-9.834318
-10.048493
-9.110185
-8.999180
-9.497404
-9.252712
-9.022113
-8.613285
-8.457861
-8.723970
-8.687593
-8.476699
-7.697737
-7.971695
-7.411891
-7.254600
-7.538092
-7.089026
-6.887711
-6.645950
-6.525550
-6.244741
-6.318280
-5.492756
-5.057249
-5.445197
-4.443178
-4.810285
-3.796806
-3.785777
-3.480472
-3.866353
-3.007270
-3.261281
-2.839396
-1.686284
-2.294466
-1.945044
-1.180971
-0.598802
-0.760814
-0.135849
-0.420226
