-0.002894
0.607115
1.338364
0.906788
1.565424
2.112940
2.191133
2.377305
3.042979
3.174970
3.141780
3.874897
4.336591
3.825588
4.397418
5.194703
5.577066
5.367322
5.521150
5.906131
6.614727
6.035022
6.982547
6.810142
6.916713
7.348352
7.821079
7.656786
7.711372
7.994822
8.639416
8.361172
8.160342
8.567713
8.610812
8.824197
9.380236
9.766712
8.958584
9.179884
9.992647
9.390567
9.916016
9.710367
10.313718
9.868063
10.122189
9.726687
10.083932
9.755260
10.321353
9.870150
10.116139
10.125778
9.767694
9.899191
9.720025
9.582820
9.676457
9.778390
9.608099
9.050697
9.641952
9.000046
8.625100
8.392415
8.234601
8.048511
8.272720
7.714486
7.747926
7.452666
7.735686
7.623148
6.650453
7.097449
6.822928
6.040485
5.722099
5.683786
5.484455
5.133919
4.863863
4.795364
4.572858
4.363649
3.824923
3.709056
3.827773
2.928615
3.226352
2.232563
2.291705
1.850777
2.063773
1.576524
0.854974
0.174179
0.201229
0.269818
-0.502506
-0.553220
-0.472406
-1.696508
-1.723698
-1.612849
-2.091480
-2.638151
-3.167196
-2.796441
-3.494103
-3.283647
-3.895460
-4.184642
-4.422585
-4.371062
-5.304704
-5.497424
-5.678802
-5.430379
-6.231226
-6.832067
-6.579631
-6.910196
-6.716516
-7.783124
-7.425184
-7.848175
-7.914617
-7.819476
-7.834554
-8.187861
-8.146671
-9.234632
-9.304738
-9.413764
-9.371207
-9.039176
-9.469948
-9.909960
-9.749799
-9.491819
-9.598553
-9.522513
-9.551949
-10.054903
-9.955064
-9.917475
-10.344316
-9.971584
-9.955913
-9.498639
-9.498111
-10.375156
-9.775378
-9.589483
-9.595708
-9.608151
-9.683187
-9.398596
-9.053587
-8.970316
-9.353635
-8.585846
-8.701575
-8.421758
-9.086972
-8.352348
-7.777949
-7.671516
-7.489926
-8.169324
-7.700198
-7.680347
-7.490608
-6.669835
-7.067210
-6.532084
-6.306143
-5.478441
-5.936112
-5.657688
-5.085978
-4.962922
-4.374890
-4.534740
-4.433699
-3.530617
-3.638667
-2.812302
-3.181706
-2.890394
-2.547666
-2.261936
-2.052043
-0.971910
-1.406355
-0.738793
-0.428411
0.430329
