0.180163
0.151996
0.554146
1.047132
1.112972
1.546182
2.403685
2.442882
2.969216
3.242260
2.942818
3.709585
4.048954
3.771609
4.477617
5.313828
5.575246
5.613375
6.047801
6.320894
5.964127
6.185507
6.683810
7.035478
7.019544
7.222829
7.412690
8.175043
7.435978
7.898637
8.185335
8.270908
8.762513
8.564675
9.388806
8.919490
9.213759
9.677985
8.931772
9.142993
9.423222
9.189048
10.185257
10.208844
9.780382
9.537005
9.897699
9.689175
10.108368
10.466843
9.722092
9.519923
10.259521
9.898936
10.199220
10.121233
9.558284
10.009316
9.483468
9.570283
9.353988
8.938639
9.327819
8.809757
9.089330
8.556579
8.768751
8.053749
7.873081
7.927585
8.037784
7.663786
7.534492
6.886289
6.980818
6.850235
6.748646
6.024185
6.218002
5.842037
5.676399
5.723478
5.182695
4.668681
4.588766
4.588628
3.950363
3.746785
3.858155
2.621099
3.166520
2.091094
1.857719
2.120562
1.705638
1.310490
0.642806
0.592308
0.319995
-0.434615
-0.245149
-0.817210
-1.385519
-1.246124
-1.797214
-1.856285
-2.302113
-2.057241
-3.149094
-2.635439
-3.246903
-3.687491
-3.655516
-4.295813
-4.124141
-4.491484
-4.783275
-5.194532
-5.282704
-5.505270
-5.696635
-6.793795
-7.106209
-7.204391
-7.358796
-7.227105
-7.908402
-7.850066
-8.202840
-8.052217
-8.744837
-8.824543
-8.804395
-8.266194
-8.967344
-9.026820
-8.728301
-9.730645
-9.116751
-9.062517
-9.244725
-9.286098
-10.112094
-9.723902
-9.750346
-10.027214
-10.055519
-9.592215
-10.239834
-10.012883
-9.709088
-10.114000
-9.658879
-10.250995
-9.595251
-9.595668
-10.029142
-10.176510
-9.107165
-9.639093
-9.136705
-9.243194
-9.189678
-9.034863
-8.969906
-8.758916
-8.142725
-8.896387
-8.592937
-8.144273
-7.927077
-7.530927
-7.818302
-7.200475
-7.064951
-6.603414
-6.492105
-6.641361
-5.716890
-5.495716
-5.151692
-5.833073
-5.332371
-4.389219
-4.096670
-4.102455
-4.376428
-4.108643
-2.945831
-2.846900
-2.507698
-2.832003
-2.389088
-2.016787
-1.066462
-1.404454
-0.601641
-0.988119
-0.320194
-0.405500
