-0.036718
0.962991
0.565555
1.737930
1.489910
1.568825
1.833110
2.345205
3.015478
3.437875
3.638196
3.206174
3.911987
4.149092
4.973922
5.168401
4.937482
5.061936
5.723825
6.009421
5.847686
6.012678
6.349221
6.712756
7.388422
7.179592
7.589370
7.786911
7.776389
8.529398
8.488168
8.187021
8.502870
9.090728
8.868441
8.719742
9.255029
9.202254
9.846139
9.301714
9.786246
9.925434
9.268689
10.055064
10.246973
9.971813
10.378772
10.343904
10.291237
9.712339
9.802004
9.652131
9.474946
10.149410
10.146900
9.771211
9.339601
9.497010
9.797362
9.709124
9.836912
9.364276
8.761160
9.347016
8.587702
8.922543
8.390999
8.778452
8.696941
8.402215
8.181723
7.539725
7.448492
7.752729
7.120313
6.677345
6.837191
6.108796
5.689394
5.481807
5.643918
5.085251
4.975714
4.870676
4.367227
3.966112
3.898581
3.812467
3.552496
3.019499
2.305934
2.515566
2.498063
1.400692
1.702909
1.576772
1.134771
1.030352
0.589660
0.104512
-0.398014
-0.974709
-0.974535
-0.974156
-1.245333
-2.126921
-2.050246
-2.936398
-3.025078
-2.676801
-3.013232
-3.757665
-4.307400
-4.092112
-4.565620
-5.214526
-5.298245
-5.785607
-5.427616
-6.066151
-6.282361
-6.233286
-6.591042
-7.320785
-6.696605
-7.217382
-7.055340
-7.613715
-8.110962
-7.823219
-8.082033
-8.500673
-8.535576
-8.936744
-9.292420
-8.869697
-9.675526
-9.269231
-9.759857
-9.927500
-9.791921
-9.429194
-9.877265
-10.111258
-10.112702
-10.284020
-10.283280
-10.042338
-9.875578
-10.370653
-9.570644
-9.797755
-9.981402
-10.273500
-9.783072
-10.175314
-9.429733
-10.010445
-9.915877
-9.131840
-9.763763
-9.141869
-9.090438
-9.194530
-9.197114
-8.965120
-8.543385
-8.717414
-8.108447
-7.996665
-7.529593
-7.612698
-7.993309
-7.478234
-7.416309
-7.217837
-7.087478
-5.945475
-6.425155
-5.908283
-5.225254
-5.085154
-4.743508
-4.429636
-4.550921
-4.393740
-3.867071
-3.579779
-3.053418
-2.605871
-2.649694
-2.408040
-1.794052
-1.483293
-1.892359
-1.224236
-1.400188
-0.907151
0.065836
-0.446387
