0.477486
0.275189
0.782495
0.839604
1.991614
1.779384
2.493140
2.566304
2.912746
2.860599
3.034911
3.979547
3.991491
4.112930
4.737456
5.079969
4.780349
5.533330
5.723679
5.532993
6.444701
6.040967
7.066923
6.970858
6.596665
7.126727
7.246488
7.313776
7.667447
8.507617
8.024810
8.259703
8.449371
9.078416
8.615602
8.575112
9.310052
8.995627
9.579455
9.183430
9.980289
9.253215
9.711494
10.310382
10.231487
9.686315
9.644876
10.088681
10.032307
9.611562
10.155673
10.444439
9.734372
10.271584
9.877784
9.913062
9.604895
9.827602
9.250164
9.704888
9.742580
9.258081
9.430532
8.991790
8.774064
8.766848
8.384443
8.258960
8.001342
8.230321
7.442429
7.263329
7.001330
7.469400
7.174361
7.125514
6.274652
6.243203
5.787866
5.568964
5.701950
5.277797
5.556000
4.467102
4.428282
3.903521
4.212533
3.792616
3.349835
2.856642
3.216349
2.877575
1.864751
1.415053
1.437232
1.199109
0.981819
0.936135
0.522286
-0.356957
-0.279858
-0.776162
-0.702897
-1.070154
-1.532100
-1.927092
-1.907301
-2.671517
-2.448352
-3.067385
-3.747602
-3.905970
-4.388845
-3.883655
-4.852120
-4.678371
-5.243454
-4.919361
-5.727652
-6.284344
-6.609824
-6.191198
-6.785660
-7.255782
-7.485097
-6.830908
-7.395781
-7.855836
-8.158408
-8.563341
-8.709409
-8.754776
-8.240345
-8.488207
-8.601001
-9.466219
-9.115125
-9.447779
-9.246833
-9.017884
-9.550635
-9.984909
-9.271113
-9.326239
-10.129433
-9.753069
-10.393824
-10.279486
-10.086877
-10.280853
-10.291393
-9.945564
-9.669528
-10.016953
-9.710455
-9.616893
-9.860320
-9.862270
-9.139530
-9.463659
-9.691443
-9.532636
-9.125166
-9.125649
-8.560764
-8.800924
-8.592713
-8.243178
-7.902275
-8.291255
-8.306740
-7.445693
-7.020751
-7.180171
-6.773502
-6.486748
-6.911811
-6.512148
-6.219602
-6.349171
-5.319649
-5.326568
-5.130830
-4.587350
-4.709507
-4.473323
-3.503986
-4.066926
-3.676522
-3.070551
-2.976138
-2.715247
-2.194578
-2.057507
-1.489822
-1.374851
-1.004737
-0.634671
-0.163019
-0.035125
