0.146487
1.116193
0.914800
1.500193
1.734303
2.169405
1.953976
2.270814
3.007167
2.774807
3.721083
3.350911
4.424745
4.480341
4.174153
5.170629
5.522107
5.422453
5.519657
5.819455
6.330751
6.134283
6.141648
7.293436
7.567237
7.569170
7.990512
7.692685
7.529533
8.054537
8.513396
8.616671
8.981400
9.021317
9.027240
8.823088
9.013925
9.633488
9.294694
9.090912
9.968521
9.621206
9.431248
9.327169
10.029380
9.790837
9.831719
9.921610
10.011189
9.800115
9.973387
9.486514
9.627056
9.724704
10.121348
9.903766
9.960375
9.990496
9.954922
9.128286
9.566071
9.550716
9.379675
9.153389
8.448332
8.458217
8.438102
8.586113
7.988210
7.667080
8.382139
7.411891
7.984364
7.400057
6.819046
6.863429
6.825950
6.134109
5.743757
5.927522
5.339736
5.170444
5.563547
4.626727
4.986153
4.168355
3.481813
3.491315
3.042586
3.584252
2.740150
2.532117
1.943764
2.256354
1.167406
1.576895
0.868259
1.048250
0.342120
0.370835
-0.461297
-0.727753
-0.843160
-0.841814
-1.931358
-2.331646
-2.280393
-2.391191
-2.370232
-3.296394
-3.342340
-3.399564
-4.144079
-4.662530
-4.598222
-5.288460
-4.915024
-5.746678
-5.921193
-5.847691
-6.001714
-6.500643
-6.506665
-6.499082
-6.869122
-7.396812
-7.429242
-7.955359
-7.674203
-8.246841
-8.692171
-8.641048
-8.807018
-9.239846
-9.233951
-8.687352
-9.021598
-8.941227
-9.637867
-9.114617
-9.894146
-9.221663
-9.844808
-10.093307
-9.558513
-10.060704
-9.954096
-9.732593
-9.663216
-10.105529
-10.398429
-10.214876
-9.663675
-9.484286
-9.808625
-9.384851
-9.661919
-9.197880
-9.340588
-9.824949
-9.392038
-9.157613
-8.808595
-8.948152
-8.410396
-9.133891
-8.814050
-8.466400
-8.641223
-8.362046
-8.220478
-7.533117
-7.675326
-6.999099
-7.025054
-7.114914
-6.426356
-6.825157
-6.056472
-5.384090
-5.757865
-5.299547
-4.663134
-5.057660
-4.207430
-4.582667
-3.591637
-3.901613
-3.037903
-2.783454
-3.100786
-2.008340
-2.427705
-1.595267
-1.253560
-1.255379
-0.525360
-1.026922
-0.678283
0.358317
