0.760813
0.473111
1.344068
1.076412
1.256255
1.715803
2.140147
2.447700
2.472964
3.307424
3.557759
3.773996
3.535065
4.020460
4.741237
4.760092
4.621316
5.466273
5.343414
5.882496
6.085484
6.089347
6.247882
6.533846
6.904607
6.849306
7.871182
7.717854
7.687830
8.517026
8.118538
8.072812
8.926877
8.589410
8.640685
9.346598
9.022839
9.187748
9.671991
9.851169
9.542062
9.945514
9.435193
9.532704
10.347551
9.552159
10.019193
9.638867
10.177088
9.510859
10.362595
10.126036
10.223070
10.346617
9.971399
9.763897
9.628323
9.866847
9.952626
9.912787
9.620887
9.143298
8.708260
9.185935
8.673925
8.898119
8.232383
8.645611
8.067258
8.004392
7.454033
7.353070
7.780007
7.343107
7.009084
6.589685
6.474115
6.619993
6.455904
5.974646
5.577274
5.011850
5.175626
4.360386
4.175979
4.101036
3.749894
3.846525
2.973865
3.496921
2.524140
2.515448
2.464324
1.460901
1.604402
1.124594
0.959922
0.373455
0.635727
-0.319913
-0.385458
-0.137162
-0.938790
-1.568500
-1.916704
-1.745969
-1.730038
-2.734073
-2.480806
-3.307747
-3.272155
-4.175091
-3.522900
-4.464607
-4.388204
-4.365063
-5.195029
-5.409120
-5.792801
-6.062465
-5.926848
-6.074060
-6.342116
-7.185284
-6.941092
-7.034012
-7.679456
-7.650012
-8.349036
-7.901066
-7.966697
-8.629399
-8.625972
-8.725559
-8.842713
-8.961295
-9.617837
-9.337544
-9.232614
-9.335064
-9.726238
-9.356563
-9.731623
-9.773648
-10.184106
-9.586792
-9.647281
-10.154071
-10.332756
-10.452634
-9.593866
-10.111558
-9.707329
-10.406331
-10.221660
-9.972816
-9.372794
-9.402402
-9.504755
-9.968162
-9.167475
-9.309597
-8.815568
-9.186024
-9.016468
-8.895219
-8.544336
-8.852838
-8.324483
-8.086062
-7.635683
-7.406538
-7.687965
-7.749307
-6.967439
-6.668714
-6.436279
-6.758269
-6.542433
-5.721693
-5.736679
-5.225703
-4.677183
-4.476868
-4.175362
-4.333577
-3.584597
-3.347259
-3.464774
-3.262660
-3.050779
-2.197386
-2.173891
-1.483757
-1.523447
-0.760074
-0.571459
-0.867471
-0.720014
0.465050
