0.782765
0.856555
0.832221
1.137586
2.030779
1.996402
2.368951
2.101107
3.214083
3.225458
3.816482
3.809656
3.864325
3.764600
4.068140
5.063558
4.623084
5.488857
5.482844
5.830819
6.337085
5.947478
6.753925
7.162465
6.849499
7.271506
7.703623
7.444838
8.298326
8.378555
8.539807
8.458753
8.505095
9.010163
8.741604
8.662320
9.064075
9.531174
9.016912
9.044758
10.026189
9.689549
9.976874
10.048452
9.671340
9.975517
10.280871
10.112804
10.132660
9.649428
10.259052
9.541511
9.693639
9.985257
10.136070
9.595626
9.589284
10.027100
9.479172
9.487000
9.749088
9.301466
9.240530
9.453514
9.100038
9.186194
8.652384
8.503645
8.752790
7.822028
7.519193
7.285282
7.155246
7.227652
6.697907
7.194681
6.553317
6.511000
6.496044
6.165241
6.108788
5.513425
5.463520
4.764345
4.389862
4.069029
4.390634
3.573687
3.369478
3.573917
3.183095
2.918840
2.047419
1.886495
1.749069
0.814783
0.600549
1.082733
0.790302
0.061787
-0.705917
-0.318864
-1.191276
-1.416651
-1.510763
-1.798417
-2.193935
-2.725971
-2.940963
-2.717651
-3.141460
-3.300910
-3.802233
-4.709729
-4.836697
-4.407236
-5.518716
-5.375695
-5.730281
-5.512879
-6.031712
-6.752034
-6.132859
-7.104327
-6.961756
-7.382122
-7.541492
-7.808334
-7.824781
-8.127338
-7.977209
-8.261062
-8.816500
-8.660033
-9.116068
-8.930194
-9.100085
-8.910332
-9.692026
-9.462191
-10.099331
-9.224923
-9.617532
-10.312926
-10.023952
-9.675545
-9.936191
-10.181697
-9.741929
-9.771678
-9.749865
-10.197852
-10.413184
-10.401631
-9.520635
-10.041512
-9.320161
-9.770169
-9.400765
-9.827923
-9.765018
-9.506918
-8.908629
-8.894445
-8.955195
-8.914906
-8.773245
-8.753859
-8.158355
-8.434025
-7.992195
-7.348466
-7.121868
-7.543117
-7.155087
-6.486847
-6.759404
-6.179215
-6.307663
-5.995319
-5.509767
-5.127965
-4.992706
-5.185292
-4.778518
-4.070649
-3.651662
-3.791191
-3.702133
-3.169441
-2.377528
-2.471501
-2.539277
-2.015868
-1.458182
-0.974346
-0.965429
-0.932677
-0.091520
0.023658
