0.784999
0.750580
0.612964
0.762870
1.486845
1.433758
2.108758
2.388348
2.304295
3.135248
3.455637
3.960577
3.702888
4.181753
4.503982
4.703685
4.591592
5.316968
5.208396
6.320737
5.919173
6.648274
6.751813
7.259291
7.356264
7.447916
7.465464
7.723749
7.793596
8.352743
8.411440
8.835826
8.554008
8.334712
9.024397
9.031836
9.599736
8.838212
9.871205
9.057821
9.549205
10.103801
10.045402
10.250988
9.827062
10.050629
9.938082
9.866334
9.779094
9.779448
9.570612
9.798341
10.224260
10.322799
9.422931
9.953351
10.228618
9.219902
9.170363
9.904434
9.577404
9.324047
8.924579
8.828540
8.608001
8.513122
8.451051
8.399931
7.835324
8.028290
8.289845
8.006397
7.479086
7.081852
7.192842
6.791671
7.042055
6.728719
5.682316
5.817254
5.255570
5.430883
5.140474
4.829539
4.160266
4.076479
3.584394
3.862468
3.017519
2.672846
3.169623
2.858769
1.765072
1.996247
1.923010
1.634931
1.370068
0.261694
0.207502
-0.167813
-0.417442
-0.164468
-1.072127
-1.443243
-1.810605
-2.103730
-1.796741
-2.467657
-2.989732
-3.351016
-3.190921
-4.020032
-3.551169
-4.654169
-5.026745
-5.205350
-5.566375
-5.513830
-5.655170
-5.575356
-6.058852
-5.943078
-7.010458
-7.144095
-6.625388
-7.622117
-7.060723
-7.739617
-7.754174
-8.392246
-8.765554
-8.065852
-8.220205
-9.045107
-8.977229
-9.306897
-8.984985
-9.667855
-8.970641
-9.732873
-9.592261
-9.525208
-10.013577
-9.680786
-9.849941
-10.125597
-9.569326
-10.066798
-10.452236
-9.851595
-9.933876
-9.866834
-9.803603
-10.130420
-9.794432
-9.530945
-10.198813
-9.225421
-10.001935
-9.495418
-8.962149
-8.806472
-9.517880
-8.988559
-8.552450
-8.340430
-8.889520
-8.825806
-8.130590
-7.737858
-7.649111
-7.397632
-7.698670
-7.518414
-6.735641
-6.515956
-6.635082
-6.105267
-6.072829
-6.047191
-5.289166
-5.603085
-5.336639
-5.089844
-4.372491
-3.887417
-4.055554
-3.811933
-3.446978
-3.429545
-3.258720
-2.095252
-2.009667
-2.080021
-1.318228
-1.647881
-0.917748
-0.883073
-0.236865
0.283268
