0.684898
0.226015
1.174934
1.585386
1.920080
1.943844
2.081471
2.065967
2.468764
2.929597
3.272015
4.047409
3.615395
4.179622
4.219972
4.734863
4.997863
5.702439
5.481273
5.907190
6.011841
5.978242
6.152501
6.783633
7.427242
7.255467
7.461030
8.122581
7.815193
8.430435
8.425051
8.541795
8.548569
9.239627
8.507669
8.911110
9.319498
9.096024
8.949578
9.534869
9.869820
9.708471
9.534308
9.450321
10.237295
9.526063
9.531884
9.637919
10.487242
9.826237
10.467310
10.246498
9.925752
9.584132
9.956289
9.829296
9.727564
9.976306
9.641914
9.014563
9.552734
9.627378
9.636825
9.491245
9.260105
8.574271
9.105205
8.460491
8.595390
8.378989
7.752403
7.991719
7.198059
7.091172
7.125762
7.295273
6.466796
6.611351
5.728293
5.609706
5.930531
5.213162
4.787361
4.592387
4.238999
4.452192
4.350298
3.754845
3.614119
3.319848
3.037233
2.444320
2.496086
1.819530
1.157718
1.203775
0.829186
0.812454
-0.132961
0.370720
-0.079420
-0.445707
-1.288976
-0.789998
-1.437466
-2.208428
-1.693993
-2.232660
-2.329382
-2.957197
-3.822395
-3.807496
-3.639375
-4.252163
-4.805563
-4.753876
-5.180108
-4.867014
-5.711235
-5.941613
-6.293804
-6.007601
-6.804224
-6.375803
-6.802138
-7.099921
-7.253464
-7.537183
-8.135803
-7.836897
-8.313051
-8.877297
-9.095284
-8.287643
-9.238808
-8.659885
-9.290785
-9.308419
-9.561447
-9.315700
-10.049100
-9.933329
-10.134596
-10.227656
-9.560435
-9.567119
-9.635254
-10.381796
-9.714004
-9.892301
-10.051804
-9.965783
-9.828998
-10.258641
-10.307880
-10.005622
-9.603081
-9.376721
-10.003905
-9.118960
-9.632016
-9.450189
-8.718242
-8.685190
-8.583122
-9.040486
-8.417650
-8.877590
-8.019458
-8.542525
-8.105805
-7.818030
-7.171808
-7.353803
-7.387838
-7.057476
-6.908552
-6.092281
-6.422757
-5.808803
-5.487202
-5.824009
-5.167904
-4.672994
-4.458462
-3.758403
-3.477382
-3.794666
-3.848294
-2.804797
-2.778782
-2.963634
-2.049415
-1.945457
-1.503242
-0.793569
-0.508567
-0.797986
-0.670471
-0.168107
