-0.095712
0.130243
0.890796
1.173325
1.116202
1.736718
2.507471
2.763367
2.479732
3.527119
3.740226
3.903954
3.570432
4.747382
4.720403
4.588444
5.389597
5.495855
5.330496
6.194181
6.361400
6.484594
6.592457
6.857306
7.279967
7.328050
7.616363
7.776906
7.908348
8.169100
8.462925
8.578100
8.346417
8.568219
8.776504
9.402434
9.213732
9.046218
9.596568
9.339121
9.116064
9.506500
9.813753
9.369782
9.393705
10.384233
10.449747
10.211665
10.469027
9.531444
10.392598
10.011769
10.393378
9.741776
10.078701
9.465380
10.151262
9.503528
9.222169
9.829226
9.433013
9.214105
9.547488
9.490107
8.999296
8.450946
8.811131
8.138459
8.374548
8.116703
8.158544
7.903831
7.498228
7.154367
6.648460
6.655480
6.513300
6.641234
6.393883
5.654878
5.935509
5.299578
5.149292
4.662539
4.388278
4.075365
3.839732
3.608874
3.074715
3.346240
3.165865
1.989681
2.336665
1.591275
1.323621
1.455747
0.805682
0.437636
0.411771
-0.337811
-0.502594
-0.232951
-1.122771
-0.797824
-1.469855
-1.999334
-2.053767
-2.069480
-3.001022
-2.934217
-3.049057
-3.693566
-3.550746
-4.085210
-4.621141
-5.214961
-4.905549
-5.267836
-5.643200
-6.165252
-6.280187
-6.644465
-6.532329
-7.265647
-7.129275
-7.456328
-7.152714
-7.608236
-7.735413
-7.741284
-7.993162
-8.636670
-8.600249
-9.240366
-9.314522
-8.583881
-8.957394
-9.335852
-9.337614
-9.998116
-9.115880
-9.690016
-9.955774
-9.660393
-9.454128
-9.910954
-9.933433
-10.374177
-9.820432
-9.577831
-10.417084
-9.739823
-9.957965
-10.091920
-10.227530
-9.615356
-9.527326
-9.521378
-9.965835
-9.173536
-9.755761
-9.166511
-9.131788
-9.336921
-9.305977
-8.402939
-8.754743
-8.759108
-8.342083
-8.040550
-8.159554
-8.081262
-7.581830
-7.507382
-7.220415
-6.513060
-6.200854
-5.929576
-6.053708
-6.363490
-5.375540
-5.790873
-5.408368
-4.739200
-4.486798
-4.613369
-4.045862
-3.323091
-3.108809
-2.935668
-2.484426
-2.780645
-1.885695
-2.230648
-1.769637
-0.761748
-1.171944
-0.481274
-0.807057
0.047668
