0.756720
1.043983
0.731738
0.958381
1.599505
1.739764
2.343192
2.298689
3.024140
3.039329
3.859942
4.046564
4.212467
4.185711
4.108897
4.777573
5.028010
4.868881
5.617805
6.058041
6.248298
6.373509
6.147630
6.925563
7.195242
6.867674
7.093828
7.380441
8.145204
8.346887
8.000895
8.206344
8.349152
8.618592
8.579190
9.287676
9.375691
8.845715
9.841212
9.767483
9.516823
9.974209
9.681425
9.621213
10.252612
9.962689
10.153343
10.435881
10.000841
10.463096
9.987355
10.386390
9.530734
9.652389
9.770948
9.600172
9.640488
9.642843
9.111654
9.133979
9.474026
9.297526
9.054508
8.680564
9.230005
9.164493
8.669955
8.261517
8.180211
7.804608
8.360040
7.316470
7.410018
7.005174
7.446606
7.294370
6.770193
6.264585
6.627123
5.535189
6.012650
5.628089
5.102915
4.623302
4.585412
3.788835
3.627117
3.770978
3.823944
3.346447
2.461639
2.092139
1.754198
1.799340
1.258759
0.915637
0.501394
1.103413
0.583649
0.433246
-0.233923
-0.932424
-0.628322
-1.063891
-1.092472
-1.606703
-2.270019
-2.291450
-2.813346
-3.259026
-3.628580
-3.571299
-4.265243
-4.587700
-4.905172
-4.820766
-5.153678
-5.529996
-5.461140
-6.286216
-6.524040
-6.089923
-6.239663
-6.555251
-6.590356
-7.508943
-7.413565
-8.057530
-7.945831
-7.633737
-7.869099
-8.396647
-8.109022
-8.473440
-9.394266
-8.954659
-8.839214
-9.699478
-9.047090
-9.857637
-9.335963
-9.976508
-9.665748
-9.712330
-10.209332
-9.826759
-9.856485
-10.217100
-10.224618
-9.575614
-9.922824
-10.305934
-10.096888
-10.099620
-10.060094
-10.001891
-10.224503
-9.560618
-9.716023
-9.650153
-9.806430
-9.615343
-8.858246
-9.089867
-9.211111
-8.672580
-8.910708
-8.596247
-7.884651
-8.571414
-7.610714
-7.401623
-7.067549
-7.565955
-7.150339
-6.568697
-6.930840
-6.269413
-5.791419
-5.758579
-5.705128
-5.773290
-4.818452
-4.671494
-4.263188
-4.418652
-3.785048
-3.979772
-3.473453
-3.271385
-2.857510
-2.427042
-2.548108
-2.252339
-1.830225
-1.659559
-1.196423
-0.542472
-0.050516
-0.026767
