0.354093
0.273625
0.805945
1.271036
1.814424
1.499933
1.817704
2.741848
2.477747
2.729065
3.616900
3.916883
3.546695
4.289920
4.219044
5.085536
5.547310
5.001809
5.298288
5.982298
6.546277
6.012058
6.688336
6.679155
6.737101
7.507618
7.746841
7.836900
8.199413
7.873286
8.624730
8.209556
8.199174
9.050647
9.145906
8.681920
8.918164
9.488223
9.486821
9.613823
9.553103
9.838763
9.816218
9.543633
9.550043
9.918157
9.962758
10.092269
10.065264
9.982697
9.594308
9.726369
9.944686
9.863494
9.702620
9.582993
9.790119
9.973600
10.039344
9.722105
9.164675
9.055349
9.337747
9.458673
8.566639
8.574781
8.669038
8.153402
8.147194
8.148101
7.965765
7.661047
7.461771
7.683068
6.809656
7.220486
6.647540
6.498514
6.108757
5.549369
5.698721
5.295188
4.639507
5.173913
4.934345
4.504625
3.863360
3.936451
3.337936
2.970376
3.074339
2.093751
2.422766
2.312330
1.713854
1.273752
1.176311
0.648477
0.801890
0.179186
0.054237
-0.134196
-0.768392
-1.626033
-1.459783
-2.219465
-2.353413
-2.957371
-3.243295
-3.484058
-3.690361
-3.539831
-4.423356
-4.085892
-4.870391
-4.796644
-5.226404
-5.602533
-5.552711
-5.688908
-5.743201
-6.868306
-6.530459
-7.079462
-6.772871
-7.158514
-7.609589
-7.320064
-7.693254
-8.317835
-8.369623
-8.333986
-8.814846
-9.247880
-9.017706
-8.785234
-9.514204
-9.435728
-9.208473
-9.484826
-9.533761
-9.462486
-9.382521
-10.166746
-9.900375
-9.542515
-9.810878
-10.217184
-9.998609
-9.723405
-10.285429
-10.150968
-10.407123
-9.930524
-10.072818
-9.425779
-10.060398
-10.014397
-9.207103
-9.893275
-9.032121
-9.055073
-9.386157
-8.743609
-9.284482
-8.581606
-8.722141
-7.967107
-8.208378
-7.655101
-8.291705
-7.664826
-7.927751
-7.346256
-7.140438
-6.940121
-6.749178
-6.574202
-5.714101
-6.262685
-5.757995
-5.768122
-5.137811
-4.997977
-4.235563
-4.496024
-4.301164
-3.838871
-3.161791
-3.286494
-3.118880
-2.075818
-2.285708
-2.243220
-1.144822
-1.300682
-0.483265
-0.486159
-0.186772
-0.144221
