0.706569
0.792368
1.075941
0.878774
1.758378
1.816130
1.695526
2.312158
2.595313
3.506185
3.320267
3.773547
4.240135
4.108554
4.645645
4.370210
4.928646
5.086605
5.152156
5.541842
6.160124
6.357802
6.817963
6.992342
7.043927
7.355108
7.052742
8.137286
7.524677
8.062346
8.185634
8.283494
8.117360
8.339745
8.550775
9.254744
8.834190
9.529040
9.719572
9.326606
9.913675
9.933100
10.233365
9.740695
9.623958
9.525866
9.842183
9.505272
10.382828
9.754139
9.703350
10.312200
9.760742
10.205424
10.121454
10.276220
9.617615
10.140716
9.534098
9.511668
9.014739
9.781085
9.514037
9.139434
8.646137
9.036983
8.669530
8.185159
7.910880
8.568645
7.522600
7.490171
7.032922
7.279132
7.157041
6.968636
6.422198
6.730950
6.108110
5.494969
5.138187
5.516993
5.307585
5.076430
4.080136
4.571323
4.427599
3.680033
3.189372
3.215900
2.712525
2.110156
2.308160
2.289625
1.451334
1.684817
1.129934
0.920140
0.499154
-0.320725
0.070843
-0.155558
-0.812797
-1.249747
-1.114321
-1.635836
-2.319829
-2.955846
-2.512532
-3.518776
-3.770455
-4.055519
-4.115546
-4.659858
-4.330449
-5.228750
-5.481662
-5.693508
-5.849581
-5.902119
-5.804888
-6.326844
-6.546542
-6.662979
-6.911195
-6.932537
-7.797380
-8.129984
-8.224565
-7.881366
-7.852694
-8.198985
-8.385575
-8.453681
-8.965384
-8.716010
-8.766316
-9.593603
-9.058431
-9.648594
-9.632502
-9.924262
-10.078379
-9.987181
-10.374868
-9.477134
-9.675875
-9.690473
-10.336003
-10.049274
-10.436195
-9.681109
-9.848371
-10.333768
-9.732601
-10.096489
-9.431861
-9.715837
-9.211237
-9.699426
-9.635881
-9.654105
-8.703735
-9.326766
-8.535907
-8.729075
-8.133574
-8.801385
-7.983761
-8.259431
-8.147421
-8.027315
-7.371973
-7.466257
-6.755993
-6.510193
-6.739653
-6.038092
-6.343212
-5.675639
-5.514760
-5.536641
-5.578846
-4.394011
-4.594624
-4.548275
-4.467346
-3.346498
-3.301470
-3.497090
-2.324602
-1.993903
-1.991943
-1.630266
-1.578235
-1.516614
-1.065169
-0.406364
-0.052090
0.010865
