0.201504
0.554016
1.438850
0.855350
1.111547
2.339212
1.892285
2.023680
2.763043
2.841184
3.071695
3.227527
4.083011
4.045414
4.088246
4.453378
5.188894
5.316662
5.900214
6.118827
6.410958
6.014375
6.769301
7.297275
7.182114
7.362570
7.969545
7.826918
7.656012
8.022560
8.758181
8.858299
8.981079
8.368093
8.733234
9.496335
8.731272
9.764347
9.358284
9.738011
9.698685
9.459789
9.719451
9.391699
9.587834
10.217188
10.029838
9.750002
10.291016
9.835228
9.518632
9.485733
9.602164
10.151249
9.567443
10.215411
9.298898
9.521632
9.422095
9.120713
9.017191
9.554215
9.440720
8.960450
8.985464
8.977665
8.421226
8.613470
8.461801
7.591884
8.273287
7.644985
7.467168
7.222950
7.525036
6.930686
6.785658
6.520965
6.319096
6.043417
5.330309
5.376007
5.166165
5.096577
4.674720
4.730264
3.950100
3.432496
3.657717
2.918928
2.626726
2.877551
1.709871
2.067270
1.467425
1.241481
0.789796
0.635040
0.718061
0.147505
-0.470873
-0.204108
-0.552287
-1.741587
-1.198706
-2.010002
-1.760419
-2.406684
-2.548570
-2.596549
-3.393908
-4.104338
-4.247854
-4.011964
-4.997960
-4.684400
-4.710069
-5.701030
-5.374296
-5.631976
-5.736506
-6.204100
-6.426234
-7.284865
-7.312380
-7.186898
-7.938908
-7.603162
-8.146893
-7.699791
-8.585880
-8.691984
-8.649384
-9.054354
-8.936031
-8.709741
-9.607267
-9.680307
-9.317647
-9.682355
-9.893098
-10.060717
-9.439119
-9.340635
-9.651549
-9.971897
-9.802061
-10.433374
-10.325161
-10.190800
-9.778244
-9.775141
-10.448952
-9.659022
-9.556976
-9.791843
-9.721098
-9.310963
-9.543624
-10.007283
-9.316647
-9.544644
-8.987928
-8.568270
-9.049381
-9.047133
-8.220214
-8.462430
-8.369788
-7.858915
-7.813133
-7.540645
-7.404419
-7.073004
-6.673651
-7.054743
-6.600848
-6.016970
-6.112626
-5.379518
-5.290312
-5.213785
-5.054969
-4.336293
-4.275640
-4.310788
-4.198452
-4.101722
-3.031676
-3.477824
-3.130005
-2.215453
-2.341815
-1.726536
-1.089725
-0.992632
-1.151675
-0.605117
-0.417971
-0.039887
