0.127688
0.191850
0.550003
1.036859
1.178646
1.684178
2.613372
2.604539
2.351172
2.764243
3.205846
4.125885
3.904952
3.908912
4.335822
5.209699
4.893272
5.637037
5.796447
5.685467
6.339013
6.576127
6.642678
7.322265
6.747090
7.787586
7.387471
7.669162
8.354799
8.493610
8.258642
8.585017
8.943278
8.619371
8.935459
8.563056
8.856010
9.268703
9.642773
9.015369
9.588970
9.464762
10.195569
10.125981
10.224345
9.461809
9.692724
10.404550
9.918995
9.771511
10.306424
9.521790
9.972934
10.220228
10.224443
10.114491
10.058898
9.534667
9.693306
9.638893
9.557790
9.641213
9.420103
9.477926
8.945514
8.926732
8.267607
8.565016
8.096971
7.954405
7.686857
7.234529
7.561013
7.513712
6.627989
6.502276
6.937860
6.166718
6.097195
5.894202
5.517234
5.607608
5.071899
4.864147
4.979532
4.370934
3.541070
3.573229
2.983971
3.457821
2.818638
2.889299
2.493291
2.154406
1.565011
1.303370
0.987894
0.876597
0.800225
-0.133604
-0.070525
-0.485541
-1.099494
-1.190899
-1.716139
-2.226262
-2.208149
-2.331755
-2.711841
-2.856223
-3.086776
-3.594505
-4.166363
-4.510118
-4.233071
-4.922463
-5.000885
-5.705469
-6.062986
-6.371229
-5.679586
-5.925490
-6.550248
-7.196537
-6.916529
-7.705645
-7.615728
-7.891518
-7.418071
-7.869959
-8.145517
-8.939751
-9.031428
-9.127589
-8.695907
-8.604323
-9.578986
-9.364743
-9.008062
-9.296998
-9.696929
-10.184192
-9.954376
-10.281031
-10.374556
-10.210944
-9.712355
-10.251260
-9.624146
-9.878572
-9.496787
-9.728061
-10.366389
-10.293543
-9.421629
-9.549705
-9.825144
-10.081759
-9.887566
-9.578537
-9.279645
-8.820532
-8.910237
-8.687602
-9.107198
-9.237155
-8.346108
-8.728645
-8.503330
-8.575162
-8.194920
-8.099286
-7.318696
-7.724577
-7.563316
-6.999022
-6.317496
-5.912577
-6.200421
-6.287992
-5.464738
-4.912787
-4.809167
-4.537331
-4.707632
-3.892260
-3.865756
-3.326767
-3.026823
-3.312029
-3.065539
-2.471963
-2.676368
-1.829943
-1.290448
-1.133664
-0.601590
-0.334664
-0.307013
-0.401656
