-0.154146
0.622029
0.642781
0.780625
1.181630
1.804274
2.107876
2.305363
2.290708
3.174369
3.451446
3.629309
3.714293
4.541830
4.818870
4.716500
4.713918
5.808750
5.583039
5.795454
5.906066
6.213536
6.795682
6.922752
6.589244
7.235620
7.109693
7.750502
7.764875
8.283101
8.082498
8.138811
8.960633
8.412276
8.799343
8.619174
8.908536
8.877332
9.548073
9.570515
9.331396
10.092925
9.590077
9.909814
10.200121
10.072016
9.674456
10.322858
9.693885
9.542887
10.406867
10.390201
10.048765
9.895454
10.373540
9.457857
9.364716
9.204383
9.614780
9.981234
8.996196
8.888971
9.487018
9.508468
8.894093
8.516895
8.421263
8.454410
7.798672
8.547245
7.688574
7.441076
7.069601
6.791037
6.606033
6.689644
7.004872
6.816302
6.234229
5.667020
6.051542
5.396294
5.101680
4.453045
4.721572
4.315045
4.267543
4.000888
3.729542
3.554932
3.102883
2.486146
1.885498
2.055740
1.991955
1.428314
0.810259
0.716979
0.673772
-0.367923
-0.582506
-1.015495
-0.872089
-1.112536
-1.679944
-1.572278
-2.196327
-2.752269
-2.758855
-2.894238
-2.932048
-3.255093
-4.259475
-3.985395
-4.702623
-4.948159
-5.301907
-5.528216
-5.835883
-5.914615
-5.755200
-6.430478
-6.474238
-6.899214
-7.421685
-6.793754
-7.207414
-7.893900
-7.564190
-8.038381
-7.923708
-8.000814
-8.758313
-8.692031
-8.778209
-8.730103
-9.400555
-9.164916
-9.558842
-9.721952
-9.568611
-9.730159
-9.684809
-9.403288
-10.022533
-9.992787
-10.056579
-9.725188
-9.725170
-9.778009
-10.256525
-9.738237
-9.823494
-9.464755
-9.507231
-9.345003
-10.250837
-9.392786
-9.567533
-9.192426
-9.599796
-9.607465
-9.165279
-8.818016
-8.882747
-8.452967
-8.133295
-8.634860
-7.916378
-8.170219
-7.786292
-7.698962
-7.978861
-7.626756
-6.590683
-7.062025
-6.435218
-6.396309
-6.428300
-6.202976
-5.836881
-5.850969
-4.941092
-5.045016
-4.550314
-4.754058
-4.152834
-3.525129
-3.266281
-3.397699
-2.574561
-2.228474
-1.982959
-2.003227
-1.597233
-0.764880
-1.040499
-1.024227
-0.340654
0.258039
