0.353935
0.466679
1.323953
1.354936
1.579532
1.959731
2.064280
2.248329
3.276724
3.189797
3.005795
3.585697
4.393002
4.695073
4.622387
4.797017
5.070001
5.785062
5.720251
6.368285
5.709144
6.805678
6.602003
6.861144
6.977124
7.158192
7.522812
8.128854
8.258523
8.141193
8.114795
8.399911
8.155168
8.942067
9.223071
9.027852
8.694431
8.946089
8.980680
9.023335
9.500422
9.531663
9.675168
9.568513
9.872503
9.608762
10.126799
9.963290
10.466824
10.214537
9.727318
10.431098
9.923679
10.298477
9.825592
9.750526
9.492378
10.050248
9.160210
9.592845
9.408832
9.088397
9.423280
9.278374
8.573570
9.206904
9.084419
8.267675
8.129758
7.984975
8.142240
7.710992
7.214984
7.605517
7.284998
7.240904
6.411826
6.552992
6.095433
6.234281
5.677752
5.782937
5.493462
5.190017
4.063562
4.635833
3.849767
4.098316
3.248689
3.105649
3.174999
2.745390
2.500577
2.276471
1.070919
1.515527
0.781919
0.853599
0.600034
0.303769
-0.173835
-0.241575
-1.411838
-1.334812
-1.445544
-2.120983
-2.455616
-2.283679
-2.508231
-3.328929
-2.933847
-4.041781
-4.079266
-4.152741
-4.699017
-4.620300
-4.718472
-5.283161
-5.990169
-5.794578
-6.571687
-6.473494
-6.639337
-6.721555
-6.973355
-7.365946
-7.354514
-7.349620
-7.608921
-8.506066
-7.796266
-8.825762
-8.515729
-8.731800
-9.004449
-8.860299
-9.557232
-9.206629
-9.809392
-9.626204
-9.982230
-9.579191
-10.043237
-10.043753
-10.058870
-9.949194
-10.052961
-9.886584
-10.360666
-9.657783
-10.490309
-9.985060
-10.235210
-10.059198
-10.351595
-10.306423
-9.799526
-10.054102
-9.519610
-9.662665
-9.037953
-8.833520
-8.872580
-9.053264
-9.406246
-9.180734
-8.888629
-8.271222
-8.164479
-8.342658
-8.166039
-7.423356
-7.346110
-7.542540
-6.651228
-6.696711
-6.427305
-5.894952
-5.923641
-5.774243
-5.386921
-5.471191
-4.790444
-5.028489
-4.842676
-4.657185
-3.834262
-3.273145
-3.524556
-3.075818
-2.392431
-2.751446
-2.424123
-1.631579
-1.156336
-1.449615
-1.130629
-1.042585
-0.187982
-0.050227
