0.813185
1.036511
1.024235
1.306714
1.530266
2.055096
1.942634
2.914980
3.127337
3.511961
3.262889
3.718991
4.164979
3.766311
4.472829
4.657977
5.120683
5.385817
5.922045
5.973439
6.575234
6.361386
6.968149
6.357777
6.896861
6.918062
7.339698
7.710627
8.246523
8.397597
8.438150
8.011307
8.437767
8.596218
8.533400
9.356137
9.023686
8.997922
9.000893
9.690876
9.808591
10.185074
10.065979
9.806695
10.078615
9.611504
9.834837
10.378307
10.081359
10.033548
10.404664
9.619324
9.621541
9.956352
9.769632
9.600891
9.419984
9.566572
9.219496
9.265478
9.871411
9.337870
9.276600
8.656118
8.865557
8.425895
8.225706
8.144110
8.330259
7.635973
7.689344
8.172381
7.203251
7.156809
6.941196
6.523800
6.676554
5.965164
6.245182
5.979912
5.479420
5.073109
5.249836
4.746145
4.758479
4.286794
3.827598
3.354839
2.952056
3.215757
3.098045
2.089475
1.689010
1.396475
1.068406
1.028128
1.187528
0.705641
0.548303
0.383858
0.026137
-0.670467
-0.813703
-1.085802
-1.274231
-1.705226
-1.781620
-2.680018
-3.022204
-2.897951
-2.931739
-3.945803
-4.052704
-4.676074
-4.388952
-4.909043
-5.145037
-5.468055
-5.632500
-5.810686
-5.638802
-6.790650
-6.900064
-6.833757
-6.787791
-7.545362
-7.962745
-7.348667
-7.429126
-8.270781
-8.532155
-8.585225
-8.660499
-8.843668
-8.460442
-9.231857
-9.289857
-9.211946
-9.744208
-9.326044
-9.843662
-10.156860
-10.014964
-9.484235
-9.441965
-10.032345
-10.196070
-10.352297
-9.729500
-9.864533
-10.337824
-10.245686
-10.246401
-10.277658
-9.732714
-9.953620
-9.664576
-9.718535
-9.112500
-9.676740
-9.302913
-9.298752
-9.616838
-9.359479
-9.250327
-9.191190
-8.331544
-8.391691
-7.838659
-7.987130
-8.040320
-7.607147
-7.394901
-7.600116
-7.289976
-6.578049
-6.602719
-6.168387
-6.440893
-5.911480
-5.396411
-5.606053
-5.229078
-4.523316
-4.072193
-4.397138
-4.114889
-3.483665
-3.497415
-2.703812
-3.047943
-2.451537
-2.191552
-1.892184
-1.343781
-1.462079
-0.622620
-0.280342
0.085027
-0.402064
