0.152002
0.207752
0.555280
1.149889
2.061064
2.263027
2.142350
2.756240
3.046686
3.557381
3.858679
3.589981
3.850720
4.048529
4.669684
4.696245
5.566186
5.017906
6.073283
5.790081
6.093356
6.547761
6.481501
7.314730
7.053600
7.481563
7.433296
7.458955
7.616987
8.009225
8.762270
8.130453
9.102355
8.320015
8.448431
8.884943
8.689839
8.976127
9.873824
9.130529
9.989521
9.903228
9.810338
9.944785
9.997191
9.816161
10.130209
9.847362
9.692175
10.068549
10.334315
10.270924
10.065918
9.897172
10.163801
9.584520
9.544644
9.984194
9.434399
9.887064
9.134124
9.572370
9.345238
9.176307
9.396881
8.989227
8.181497
8.739310
8.095789
8.485091
8.314382
7.295684
7.506501
7.148288
6.966977
7.277052
6.813238
6.370749
5.965337
6.049521
5.706423
5.382268
5.411156
5.253924
4.697047
4.276813
3.747508
3.225655
3.737207
3.054973
2.995918
2.455884
2.270663
1.712456
1.354572
0.915672
0.805392
0.671321
0.170133
-0.436461
-0.319951
-0.306630
-0.614826
-0.905115
-2.048488
-1.943329
-2.052236
-2.136272
-2.618581
-2.758095
-3.286013
-3.617564
-4.168345
-4.280822
-4.967375
-4.443475
-5.505566
-4.879669
-5.305771
-6.195008
-6.374211
-6.407135
-6.959098
-6.564450
-7.524533
-7.360199
-7.642048
-8.024004
-8.176661
-8.021231
-8.258853
-8.210929
-8.503434
-8.532209
-9.039613
-9.455934
-9.050769
-8.822748
-9.048607
-9.072432
-9.968626
-10.060564
-9.633982
-9.506375
-10.224049
-9.838614
-9.688730
-9.650902
-10.179028
-9.935896
-9.864234
-9.586005
-10.082433
-10.407981
-9.555635
-9.792213
-9.895837
-10.094389
-9.356616
-9.054351
-9.010242
-9.506679
-9.044860
-9.291356
-9.284582
-8.596004
-8.490568
-8.224483
-8.315143
-8.222447
-7.696341
-8.048474
-7.077683
-7.761676
-6.799194
-6.598144
-6.588130
-6.469649
-6.401207
-5.567792
-5.620500
-5.784931
-5.322008
-5.072485
-4.798398
-4.406556
-3.897172
-3.680932
-2.980655
-3.435576
-2.654499
-2.730794
-1.906916
-2.088754
-1.782680
-0.764672
-1.012618
-0.276371
0.176121
0.435276
