0.285050
0.468551
0.748941
1.449738
1.377324
1.378609
2.038384
2.133449
2.883152
2.956319
3.599210
3.801552
3.768779
4.471847
4.596952
5.277435
4.892565
5.180003
5.405103
6.339134
6.621101
6.589333
6.635560
6.598904
7.452030
7.333400
7.561939
7.677896
7.680563
7.699859
8.160586
8.561060
9.009899
8.659934
9.252438
9.396176
9.360436
8.904778
9.029071
9.999716
9.882386
9.251098
9.336866
9.844141
9.898335
9.533738
10.284436
9.855791
10.029127
10.379438
10.168768
10.391014
9.695206
10.036291
9.435753
9.409723
10.187176
9.848004
9.591573
9.544209
9.821802
9.601001
8.803738
9.062213
9.135287
8.674990
8.110775
8.242568
8.631101
7.768402
8.096130
8.081462
7.519251
7.425127
6.993995
6.685612
6.490947
6.704649
6.434789
5.470123
6.095350
4.977963
4.599016
4.878256
4.690482
3.815529
4.191293
3.403648
3.236220
3.522518
2.857477
2.717763
1.714070
1.776341
1.233835
1.233221
1.049351
0.181565
0.400311
-0.412898
-0.592877
-0.855667
-0.458184
-1.483009
-1.225804
-1.910924
-1.977631
-2.670330
-2.782692
-3.084374
-3.119066
-3.542703
-4.261583
-4.286170
-4.413423
-4.329969
-4.672229
-5.408792
-5.617478
-6.113428
-6.228287
-6.245785
-6.486447
-6.787825
-6.612000
-7.329771
-7.787300
-7.710407
-7.918584
-8.344153
-7.951272
-8.108172
-8.918114
-8.709108
-8.549840
-8.905481
-8.931388
-9.784689
-8.997041
-9.812546
-9.970251
-9.846156
-9.540481
-9.764577
-9.611814
-10.015272
-9.566515
-9.566523
-10.373904
-9.900279
-10.342401
-9.867203
-9.781795
-9.422361
-9.596375
-10.279031
-9.784154
-9.663647
-9.384318
-9.352846
-9.212845
-9.265446
-9.489996
-9.257484
-8.690948
-8.836470
-8.407784
-8.320887
-8.078008
-8.504847
-7.611291
-7.972745
-7.929815
-7.640856
-7.215760
-6.421388
-6.258996
-6.260281
-6.581801
-6.365977
-5.741992
-5.737318
-5.057741
-4.763762
-4.318217
-4.007086
-3.682424
-4.109463
-3.229542
-3.264736
-2.393610
-2.300238
-2.374224
-2.132272
-1.651073
-1.090352
-0.764288
-0.244067
-0.147121
-0.186838
