-0.014298
0.779533
0.460186
1.004906
1.747413
1.794600
2.449994
2.722804
3.021088
3.488004
2.901371
3.214980
4.180761
3.770596
4.218871
4.964645
5.477747
5.453031
5.164931
5.839366
6.430909
6.164740
7.022087
7.015237
7.364410
7.051810
7.625721
7.906890
7.868509
7.696358
7.891297
8.254384
8.559040
9.185616
8.450850
9.244162
9.525324
8.910727
9.485803
9.975222
9.149902
10.115154
9.920043
9.716210
9.678468
10.114915
9.695788
9.991324
9.816293
10.330540
10.334573
10.103757
10.419065
10.251000
10.244830
9.499838
10.168922
10.085501
9.708222
9.743143
9.182842
9.071922
9.424729
9.080794
8.819406
9.195262
8.619620
8.678535
7.875434
8.584437
7.795170
8.150609
7.480338
7.266693
7.069080
6.585063
6.301371
6.565220
5.925266
6.156554
5.655191
5.789372
4.728907
4.953739
4.746887
4.357527
4.078367
3.203042
3.579806
2.842385
3.083426
2.783759
2.208698
2.333979
1.703153
0.769680
1.037226
0.640280
-0.157935
-0.060067
-0.187411
-0.677331
-1.235610
-1.663242
-1.666611
-2.259826
-2.138224
-2.318482
-3.066593
-3.479023
-3.201023
-3.489334
-4.083518
-4.741437
-4.240728
-5.292567
-5.076131
-5.286515
-5.806977
-6.286790
-6.217207
-6.516099
-6.340470
-6.565658
-7.569442
-7.629310
-7.316712
-7.538069
-7.721453
-8.108758
-7.823500
-8.466012
-8.237531
-9.094809
-9.019502
-8.601365
-9.070503
-9.269210
-9.887230
-9.647734
-9.842241
-9.344710
-9.552816
-9.949854
-10.302220
-10.214844
-10.069646
-10.233303
-9.563085
-10.496205
-9.948939
-10.298780
-10.388006
-9.573598
-10.020353
-9.463597
-10.248476
-9.638367
-9.151455
-9.014752
-9.568059
-8.909026
-8.820636
-9.136697
-9.051985
-8.921344
-8.217749
-8.325630
-8.059264
-8.120483
-8.389963
-7.402226
-7.525734
-7.242186
-7.302310
-6.887594
-6.401528
-6.097683
-6.273107
-6.010381
-5.200363
-5.818219
-5.307614
-4.964525
-4.566976
-3.943054
-3.582122
-3.912844
-3.524950
-3.257818
-2.586803
-2.856824
-2.299868
-1.413263
-1.259858
-1.597876
-0.562546
-0.192246
-0.576397
0.414979
