0.519277
0.721200
1.139095
1.117068
1.448592
1.514878
2.479819
2.335091
2.551966
3.046682
3.713809
3.681914
3.519005
4.258164
4.260098
4.699678
5.171452
5.711242
5.317253
6.249876
6.022965
6.526399
6.951173
7.151687
6.760092
7.111059
7.406312
7.372984
7.978657
7.935285
8.113169
8.283012
8.610159
8.610478
9.081724
8.611218
8.972662
9.615115
9.248358
9.971777
9.732949
9.731994
10.181354
10.047402
10.098248
10.387608
9.546920
9.808387
10.039488
9.738614
9.539998
10.255279
10.229344
10.418697
9.613736
10.145150
10.202201
9.787831
9.602496
9.831076
9.401041
9.042272
8.940204
9.009714
8.880658
9.234197
8.401986
8.277911
8.318844
8.368537
8.320987
7.214736
7.467148
7.051169
6.739868
6.367736
6.138186
6.175681
6.449909
5.519493
5.912842
5.141232
5.100272
4.763590
4.942847
4.685700
4.261008
4.099418
3.648007
2.965748
2.881289
2.311494
2.648029
2.229536
1.841850
1.369320
0.612726
0.547956
0.714502
-0.453007
-0.123149
-0.225479
-1.222407
-1.255755
-1.730922
-2.161616
-1.760888
-2.359297
-2.697969
-3.334146
-3.148183
-3.400837
-4.246407
-4.249908
-4.580328
-4.468761
-4.657348
-5.625105
-5.795999
-5.455707
-6.041420
-6.208653
-6.886244
-6.912679
-6.666152
-7.433231
-8.001063
-7.278117
-7.677676
-7.630263
-8.490272
-8.664003
-8.273403
-8.619388
-9.386748
-9.132269
-9.630725
-9.342834
-9.502050
-9.790099
-9.684936
-10.112981
-9.712283
-9.402247
-9.986279
-9.481799
-10.129842
-9.840321
-9.759768
-10.047825
-9.519062
-9.539573
-10.050481
-9.607133
-10.087283
-10.137454
-10.089421
-9.904220
-9.485922
-9.178204
-9.099223
-9.583649
-9.196616
-9.179628
-9.307182
-9.204718
-8.183212
-8.120437
-8.170206
-8.099497
-7.997452
-7.959658
-7.681765
-7.634911
-7.270627
-7.291616
-6.530076
-6.869438
-6.150061
-5.815381
-5.833784
-5.085924
-4.728372
-5.158830
-4.671779
-4.394587
-3.621127
-3.913235
-3.633700
-3.041422
-2.545892
-2.549264
-1.733730
-1.387657
-1.085637
-1.249196
-0.832912
-0.198000
-0.387993
0.341285
