0.282696
0.562057
0.462328
0.817447
1.905696
2.238128
2.401767
2.927270
2.326697
2.927518
3.739453
3.244813
4.460101
4.727164
4.261282
5.220182
5.146196
5.013870
6.057368
6.193342
6.171755
6.468729
6.268793
7.080734
7.257161
6.942935
7.719739
7.468693
7.809830
8.355448
8.420511
8.060489
8.287497
8.528316
8.475853
9.265567
9.009215
8.800521
9.235598
9.781641
9.319780
9.948102
10.132096
9.459367
10.326974
9.658058
9.483211
10.286287
10.155598
9.912370
9.901490
9.936770
9.819017
9.702520
9.648931
9.647347
9.841067
9.832449
9.200244
9.600628
9.416347
9.457275
9.023000
9.445561
9.174222
9.148328
8.771488
8.890387
8.544733
8.087790
8.108894
7.969584
7.437596
6.947140
6.880092
7.228620
7.100800
6.184912
6.626989
6.155483
5.847658
5.419849
5.251861
5.217027
4.441708
3.902295
3.726157
3.979765
3.499406
3.420085
2.748427
2.252431
2.283468
1.536759
2.054951
0.977351
1.260133
0.436011
0.419401
0.294684
-0.360212
-0.962964
-0.769530
-1.433455
-1.433036
-1.769600
-1.962530
-2.643467
-3.157398
-3.030547
-3.396410
-3.814193
-4.003257
-3.931660
-4.684844
-4.817214
-4.676358
-5.586453
-5.619712
-5.536808
-6.006030
-6.391896
-7.033739
-7.275365
-6.799261
-7.526910
-7.654634
-8.014469
-8.099357
-8.283862
-8.528357
-8.179853
-8.417637
-8.298069
-8.760156
-9.358908
-8.817519
-9.083667
-9.303650
-9.805768
-9.705601
-9.217616
-9.859998
-10.223918
-10.168125
-9.805901
-9.498221
-9.730657
-9.505845
-10.065995
-10.183782
-9.801880
-9.628911
-9.476333
-9.650322
-9.614157
-9.687974
-9.665856
-9.161926
-9.428387
-9.449181
-9.693001
-8.709567
-8.751608
-9.262857
-8.764435
-8.424101
-8.465598
-8.635875
-8.327360
-7.923957
-7.734999
-7.030616
-7.297272
-7.438816
-6.848234
-6.898429
-5.902967
-5.956833
-5.557477
-5.253943
-5.131900
-4.647993
-4.515104
-4.208466
-4.387054
-3.511663
-4.017382
-3.484807
-2.617520
-2.834578
-2.857965
-2.649520
-1.891690
-1.281970
-1.568159
-1.349988
-0.839769
-0.259651
-0.207804
