-0.059263
1.105743
1.364148
0.944820
1.876265
2.160498
2.244723
2.529072
3.284329
3.335253
3.593396
3.824243
4.417249
4.439692
4.456442
5.073832
5.026518
5.516645
5.421516
5.384742
6.624699
6.475967
6.889018
7.000005
7.106548
7.203101
7.329070
7.222179
7.469378
7.803922
8.646597
8.006343
8.390462
8.337200
8.734817
8.724468
9.525090
9.360533
9.565538
9.652190
9.578840
9.927773
9.445588
9.776148
9.699922
9.967599
10.142545
10.068797
10.484737
10.495579
9.995253
9.969989
10.045864
10.096623
9.669946
9.464906
9.311489
9.347364
9.940629
9.977985
9.745816
8.830248
9.532202
9.197791
8.492493
8.910527
8.867110
8.399884
8.714405
8.153647
7.939939
7.379704
7.115967
7.032361
6.988999
7.100982
6.818894
5.889982
6.487896
6.083352
5.593777
5.621968
4.701693
4.897406
4.495432
3.887765
3.620594
3.796747
3.771168
3.203136
3.288045
2.566450
1.791893
1.962789
1.411895
1.618978
1.208549
0.603059
0.606394
-0.334533
-0.462284
-0.179324
-0.555649
-1.705003
-1.117132
-1.382645
-2.277724
-2.939026
-2.830527
-3.096976
-2.913962
-3.199322
-4.393418
-4.426477
-4.428424
-4.795175
-4.778727
-5.644117
-5.797162
-5.441217
-6.236315
-6.408736
-6.820930
-6.388009
-7.337196
-6.948150
-7.795355
-7.633692
-8.374981
-8.364164
-7.987423
-8.942389
-8.468054
-9.250669
-8.942122
-9.483582
-8.735522
-9.011855
-9.024303
-9.077381
-9.421333
-9.680138
-9.391133
-10.197592
-10.006180
-9.682482
-9.878307
-10.042272
-9.548150
-9.672266
-9.608179
-9.678395
-10.376085
-9.688755
-9.623002
-10.304131
-9.669961
-9.395886
-9.927128
-9.527521
-9.845907
-9.154715
-8.754687
-9.147679
-8.669591
-9.043581
-8.301150
-8.386215
-8.748473
-8.001305
-8.044122
-7.978701
-7.212960
-7.640712
-7.280040
-6.458449
-6.541444
-6.209831
-5.664900
-5.800953
-5.866527
-5.547742
-4.987844
-4.904764
-4.086863
-4.113812
-3.963433
-3.827040
-3.340054
-3.388212
-3.155211
-2.698980
-2.224553
-1.694007
-1.519553
-1.101934
-0.860618
-0.782222
-0.386425
-0.290879
