0.274943
1.094564
0.934472
1.496012
1.825298
1.707944
2.287004
2.083668
2.953542
3.228962
3.429456
3.742172
4.196152
4.509010
4.871588
5.036931
4.676274
4.961674
5.269781
5.428477
6.379025
6.482817
6.233975
6.818457
7.554355
7.271559
7.841084
8.113075
7.884015
8.221386
8.213755
8.838059
8.601548
8.900156
8.811382
8.876826
9.635137
9.715071
9.826365
9.720358
9.999272
9.627899
9.523315
10.235064
10.146682
9.801914
10.222227
9.729063
10.400866
10.353444
9.573185
9.543710
9.872418
9.425734
9.592418
9.984913
10.144346
9.328783
9.582425
9.506850
9.450397
9.019445
8.964447
8.793092
8.815287
9.117822
8.864903
8.777978
8.458630
7.670313
7.778415
8.156021
7.445710
7.571079
7.108662
6.604830
6.242285
6.624948
6.446735
6.130769
5.847701
5.829523
5.584766
4.849891
4.735708
4.609760
3.855851
3.780660
3.042658
2.813077
2.691357
2.927494
2.147716
1.880985
2.014154
1.412673
0.694280
1.056747
0.695762
-0.225578
-0.777257
-0.869960
-1.305033
-0.921332
-2.051209
-1.722725
-2.563703
-2.272349
-2.356345
-2.709513
-3.674940
-3.241897
-4.186435
-4.360770
-4.594051
-5.023874
-5.239718
-5.476078
-6.066777
-5.741011
-6.366977
-6.544401
-6.147394
-6.485232
-7.096774
-7.209148
-7.391064
-7.537807
-7.892365
-8.254723
-8.169248
-8.895529
-8.954819
-9.067423
-8.597988
-8.633891
-9.498082
-8.980467
-9.692132
-9.339033
-9.185176
-10.111139
-9.615804
-10.297544
-9.937716
-9.888506
-9.651237
-10.122697
-10.414072
-10.028872
-9.578265
-9.839598
-9.552864
-9.899475
-9.608877
-9.408640
-9.857817
-9.343300
-9.672757
-9.926488
-9.214709
-8.801457
-8.993438
-8.633704
-9.402853
-8.272412
-8.713019
-8.724265
-8.426274
-8.297485
-8.022875
-7.830913
-7.125647
-7.400809
-6.572832
-6.542665
-7.015434
-6.359484
-5.756645
-6.061656
-5.272618
-5.500642
-4.850170
-4.926785
-4.809793
-4.434713
-4.370673
-3.783505
-3.071190
-2.635685
-2.857570
-2.211201
-2.614632
-1.624386
-1.820438
-1.197179
-1.281727
-0.833105
-0.507177
0.254370
