0.666197
0.144196
1.188446
1.028074
1.808108
2.143772
1.806377
2.317052
2.893169
3.032535
2.905448
3.818187
4.013020
4.544918
4.338606
5.026956
5.118368
5.741286
5.707224
5.432516
6.481301
6.584782
6.851628
6.726427
6.611359
7.722279
7.616512
8.035002
8.395009
7.609653
8.365834
8.525820
8.974561
8.674939
8.652555
9.486002
8.808500
8.955609
9.061328
9.262517
9.589904
10.149317
9.833914
9.416587
10.145354
9.996356
9.902664
9.743908
10.424830
9.992146
10.263236
9.783369
9.866018
10.170069
9.943124
10.149389
9.830510
9.613668
9.281161
9.393432
9.805672
8.809549
9.039897
9.264403
8.438344
8.887146
9.078551
8.770479
8.472229
8.454174
7.702712
7.613600
7.541187
7.032916
7.475437
7.255154
6.353860
6.676113
6.107217
5.738600
5.477758
5.555113
4.768735
5.309178
4.110149
3.800359
4.010250
4.139960
3.164170
3.270798
2.801767
2.537904
2.014466
2.117711
1.168120
1.664520
0.890693
0.412696
-0.114851
-0.043647
-0.483973
-0.367883
-1.087979
-1.637125
-2.058606
-2.132580
-2.033414
-2.294470
-3.084342
-3.238415
-3.335267
-3.523294
-3.843107
-4.537044
-4.674903
-4.510515
-4.718869
-5.715248
-5.898539
-6.266407
-6.314249
-6.656290
-6.141230
-7.303523
-7.283364
-7.675913
-7.124915
-7.548584
-8.044143
-8.394172
-8.449170
-8.903198
-8.409115
-8.710531
-8.916140
-9.202048
-9.162992
-9.469653
-9.460789
-9.822299
-9.958050
-9.583353
-9.874800
-9.817445
-9.595986
-9.425836
-10.329647
-9.879753
-10.118746
-9.536579
-10.354443
-10.260600
-10.112317
-9.492307
-9.894391
-9.411211
-9.642451
-9.991233
-9.611454
-9.792365
-9.627844
-9.116102
-9.405524
-8.673539
-9.172583
-9.008684
-8.153908
-8.304798
-8.342464
-8.195939
-7.805239
-7.846252
-7.039948
-6.864886
-6.944846
-7.114899
-6.461592
-6.345399
-6.261300
-6.096563
-5.829770
-5.403989
-4.888171
-4.769016
-4.163971
-4.246757
-3.835633
-3.984966
-3.511210
-3.195235
-2.831586
-2.389644
-1.892896
-1.535086
-1.578995
-1.078887
-0.847313
-1.033557
-0.324294
0.033169
