0.571702
0.242905
1.409873
1.437585
1.997125
1.937119
2.371487
2.924872
2.822969
3.138961
2.944172
4.026741
4.305919
4.152938
4.579486
5.010345
5.386479
5.819675
5.319071
5.856582
5.706719
6.189181
6.360147
6.967014
6.656143
6.891036
7.166646
8.142248
8.292879
7.924977
8.253034
8.147368
8.853679
9.124100
8.857820
9.394573
9.628614
8.815254
9.731279
9.627986
9.890046
9.534296
10.249599
9.432249
10.020100
10.234895
10.333638
10.176039
9.522484
9.564579
9.979871
9.751089
10.245322
9.593853
9.542749
9.359429
9.479233
9.320507
9.196570
9.152439
8.982154
9.405274
9.109575
9.296893
8.447226
8.356899
8.952826
8.492019
8.290639
8.445121
7.571323
8.089238
7.915139
6.875917
7.483119
7.144210
6.540002
5.983951
6.396021
5.604361
5.878708
4.990974
4.704012
4.588548
4.773281
3.998489
3.878739
3.269704
3.331110
3.340597
2.760033
2.380401
2.397778
2.333833
1.454583
1.597404
0.456743
0.790557
0.784873
-0.133517
-0.060910
-1.045596
-0.935437
-1.041175
-1.101683
-1.541243
-2.016554
-2.453033
-3.131877
-3.547637
-3.519564
-3.223518
-3.758361
-3.865475
-4.168115
-5.138832
-5.239172
-5.427127
-5.222605
-5.849137
-6.547991
-5.965554
-6.203828
-6.397485
-7.274047
-7.003200
-7.639557
-7.990244
-7.456433
-8.585993
-8.715498
-8.623113
-8.321938
-8.987992
-9.080466
-9.185345
-9.163811
-9.664513
-9.303104
-9.333143
-9.820326
-10.113399
-9.354413
-10.063973
-9.754512
-9.904879
-10.220097
-10.462391
-9.974466
-9.755125
-9.687754
-9.899619
-9.966287
-10.383512
-9.420985
-10.264555
-9.356063
-9.379509
-9.449361
-9.929088
-8.912105
-9.047429
-9.335451
-8.824183
-8.663181
-9.200018
-8.756104
-8.421717
-8.027439
-8.332856
-7.939215
-7.550281
-7.589323
-7.186177
-6.757561
-7.327506
-6.932493
-6.384519
-6.308016
-5.547924
-5.481710
-5.736985
-4.947094
-4.683607
-4.850025
-4.588470
-4.284164
-3.790604
-3.532917
-2.797253
-2.348982
-2.199867
-2.431464
-2.254370
-1.723538
-1.604849
-0.758327
-0.798299
-0.607071
0.093345
