0.162997
1.112808
0.492447
1.410146
1.571076
1.647084
2.367254
2.942107
3.112968
3.493136
3.770331
3.243316
3.704311
4.154793
4.081758
4.597570
5.409270
5.614117
6.112494
5.730191
5.891570
5.909262
6.711629
6.499901
7.217025
7.654432
7.453050
8.002184
8.081581
8.151062
8.419837
8.442540
8.424312
8.930210
8.678043
9.060904
9.418809
9.760243
9.638025
9.862910
9.271213
9.569804
9.656646
9.441564
9.971077
9.828922
10.073920
9.950676
9.795310
10.361799
10.341139
10.380046
10.385272
9.662414
9.949993
9.537659
9.683497
9.295264
9.214218
9.153386
9.759902
8.976902
9.054225
8.847241
8.541651
8.857947
8.603725
8.898325
8.528154
8.581418
7.565156
7.854229
7.354508
7.658958
6.879117
6.805580
6.741369
6.616504
6.280503
5.411624
5.141882
4.932010
5.399649
4.515475
4.345805
4.055448
3.856678
3.660163
3.151215
3.101145
3.201101
2.876331
2.073479
2.230181
2.055716
0.907151
1.210365
0.532771
0.503605
0.341512
-0.766258
-0.529146
-1.102979
-1.080016
-1.259246
-1.564297
-1.965313
-2.365815
-2.962047
-2.616265
-3.757770
-3.924816
-3.873980
-3.951294
-4.183246
-4.688838
-4.755570
-5.741218
-5.148956
-6.101201
-5.975211
-5.970482
-6.616530
-6.638948
-7.194753
-7.355811
-7.157106
-7.318829
-7.854155
-8.095282
-8.419495
-8.189145
-8.117469
-8.696078
-8.714380
-9.282497
-9.155584
-9.544971
-9.035176
-9.398505
-9.875542
-9.411430
-9.895885
-10.222345
-10.164874
-10.180958
-9.656799
-9.542494
-10.212132
-9.830980
-9.573193
-9.491876
-10.095261
-9.429654
-9.908251
-9.981800
-9.824940
-9.670874
-9.709383
-9.215888
-9.400920
-9.199458
-8.937958
-8.624024
-8.973932
-8.662350
-9.104768
-8.537124
-8.303778
-8.286446
-8.003033
-7.555525
-7.111861
-7.562070
-7.247035
-7.302823
-6.196628
-6.459013
-5.939879
-5.725818
-5.359628
-5.458789
-5.088744
-4.516780
-4.243326
-4.618748
-3.889516
-3.382598
-3.735290
-2.911470
-2.626531
-2.949787
-2.421999
-1.777029
-1.469728
-1.089759
-0.494003
-0.344586
0.015375
-0.177798
