0.310138
0.463370
1.383930
0.955606
1.596651
2.161416
2.379882
2.658665
2.838774
2.914192
3.346443
4.036122
4.181443
4.179870
4.057696
4.769739
5.165384
5.822436
5.872207
5.814209
6.406927
6.689930
7.065959
7.239463
7.176565
7.636001
7.595033
7.373606
7.572531
7.961906
8.529137
8.823635
8.309495
8.761791
8.920054
9.339336
9.655044
9.210938
9.372404
9.964421
9.132620
10.067947
9.852700
10.021119
9.602007
9.995583
9.802594
10.435431
9.817335
9.592157
9.807677
9.948550
9.610254
10.417519
9.557833
9.891318
9.265378
9.314729
9.719459
9.357861
8.929730
9.108558
9.637000
9.247595
8.924439
8.704888
8.573165
8.014267
8.616810
8.092628
7.512263
7.515182
7.759701
7.172195
7.406405
6.517130
6.893874
6.093510
6.143072
5.493279
5.777927
5.157058
5.415527
4.958040
4.839029
3.843625
3.695273
3.305620
3.360573
3.398765
2.951974
2.530200
2.498190
1.456970
2.020328
1.067248
1.276328
0.286082
0.600930
0.206614
0.131842
-0.455963
-1.023350
-0.773287
-1.303234
-1.617784
-2.366085
-2.663407
-2.964401
-2.940093
-3.751157
-4.143760
-4.190426
-4.689856
-4.519965
-4.545349
-4.738306
-4.957071
-5.257798
-5.984723
-6.246333
-6.638463
-6.310489
-7.114035
-7.016026
-6.975419
-7.469642
-7.341488
-8.334673
-8.466381
-8.524512
-8.759474
-8.840686
-9.207123
-8.726748
-8.980276
-9.214527
-9.193137
-9.222724
-9.490068
-10.044230
-9.303448
-9.652043
-9.518146
-9.804713
-10.245033
-10.354378
-9.544655
-10.177269
-10.119192
-9.630722
-10.468922
-10.175047
-10.303738
-9.753210
-9.446380
-9.983998
-9.749198
-9.921738
-9.272396
-9.593488
-9.093115
-9.494627
-8.980654
-8.877870
-8.723468
-8.112416
-8.319555
-7.909546
-7.815845
-8.094021
-7.218309
-7.716659
-7.167422
-7.199689
-7.255212
-6.163015
-6.229384
-6.014577
-5.633817
-5.543858
-5.298000
-5.475688
-4.406354
-4.772049
-3.921462
-3.911167
-4.002364
-3.136216
-3.062742
-2.790565
-2.172430
-2.201231
-1.884437
-1.175056
-0.764885
-1.065763
-0.658182
0.143910
0.410889
