0.041013
1.008325
1.265875
1.413184
1.685701
2.155386
2.378795
2.426609
3.076171
3.577601
3.701949
3.451122
3.961804
4.205820
4.425141
4.884532
5.180874
5.701130
5.398227
5.840325
6.144075
6.738519
6.514628
7.266464
7.391755
7.614763
7.007154
8.037114
8.140410
7.951951
7.970859
8.593485
8.900766
8.281634
8.761184
9.157341
9.675787
8.994865
9.266196
9.165275
9.524813
10.039856
10.211826
9.885245
9.630121
9.877455
9.992415
9.817040
9.843826
10.284868
10.177270
10.234280
10.170929
9.649358
9.815777
10.137988
9.998772
9.291270
9.330430
9.962419
9.384705
9.153978
8.755519
8.626590
9.199795
9.038939
8.898710
8.017927
8.538764
7.959671
7.769884
7.304922
7.242896
6.941865
7.163658
7.187494
6.463583
6.776904
5.740096
5.537018
5.197951
4.948962
4.685590
4.681169
4.041941
4.287305
3.912662
3.417006
3.398691
2.940075
2.353580
2.069267
2.268722
1.765944
1.803316
0.832948
1.007893
1.023635
0.791501
-0.270660
-0.105500
-0.559908
-0.614036
-1.309194
-1.146966
-2.048570
-1.908309
-2.799168
-2.554954
-3.434049
-3.577879
-3.395546
-3.689369
-4.522865
-5.038187
-4.992454
-5.101259
-5.010624
-5.216054
-6.147454
-6.094563
-6.866169
-6.944004
-7.315800
-6.892024
-7.309493
-7.979940
-7.927671
-8.227826
-8.545239
-8.493660
-8.324941
-8.970337
-9.225136
-8.944542
-9.447082
-9.398379
-9.567643
-9.018490
-9.851569
-9.778425
-10.049182
-9.758404
-9.384151
-9.953094
-9.670058
-9.509464
-10.299017
-10.085184
-10.164095
-10.148133
-10.232277
-9.607037
-10.294917
-10.360939
-9.930346
-9.975264
-9.471422
-9.464953
-9.726503
-9.603733
-9.477817
-9.312532
-9.327564
-8.946700
-8.634040
-8.656361
-8.029558
-8.110039
-7.916040
-8.211659
-7.864015
-7.151836
-6.810372
-7.254173
-6.612885
-6.677865
-6.142069
-5.688312
-6.068505
-5.742947
-5.790867
-5.583239
-5.129314
-4.051227
-4.735527
-3.572976
-3.901663
-3.025100
-3.000294
-2.569349
-2.295264
-2.383960
-1.971715
-1.939204
-1.287611
-0.942326
-0.454446
-0.651631
0.013918
