-0.036927
0.363624
1.145008
1.033347
1.754362
1.687028
2.638190
2.558064
3.081526
3.015869
3.576489
4.160669
3.624738
4.677299
4.723196
4.481766
5.499004
5.347894
5.835724
5.931229
5.684544
6.390485
7.050920
6.997601
7.174475
7.562984
7.544737
7.251964
7.823554
8.414544
8.498734
8.028057
8.268761
8.452628
8.603709
8.593207
9.526930
9.577017
9.663979
10.004352
9.259621
9.296913
9.287935
9.778062
9.703538
9.695243
9.957561
10.164813
9.866222
9.985550
9.530282
9.768347
10.272891
9.818037
10.209877
9.533156
9.503608
9.245708
9.176678
9.860058
9.138188
9.683346
8.871488
9.423684
8.854004
8.414569
8.736366
8.388290
7.923428
8.011258
7.972870
7.722864
7.044717
7.178413
7.336966
7.327696
6.179718
5.945099
5.823383
6.042549
6.031005
5.794099
5.588992
5.154316
4.315670
4.428520
4.044304
3.441983
3.520497
3.481055
2.708663
2.985010
1.978686
1.532610
1.846720
1.550255
0.568307
0.476076
0.760101
-0.382967
0.167149
-0.639918
-0.908700
-1.137509
-1.367201
-2.188646
-2.433679
-2.820819
-3.212334
-2.838925
-2.972678
-3.690450
-4.246435
-3.948629
-4.586952
-4.413284
-4.773702
-4.861180
-5.355468
-5.861692
-6.011379
-6.866972
-6.183056
-6.977772
-7.400018
-6.867634
-7.341124
-7.320572
-7.523877
-7.742333
-8.671745
-8.522373
-8.179891
-8.941442
-8.486692
-8.734806
-9.612022
-9.406556
-9.453579
-9.641553
-10.041830
-9.586146
-9.342847
-9.842092
-9.963851
-9.876169
-10.262468
-9.769469
-9.880977
-10.437108
-9.592248
-10.032417
-9.898662
-10.117040
-10.149858
-10.222815
-9.935794
-9.392618
-9.646088
-9.029738
-9.624237
-9.733509
-9.584954
-9.043457
-8.496397
-8.541292
-8.200954
-8.821390
-8.010942
-7.678340
-7.647163
-7.729041
-7.278384
-6.971101
-7.304031
-6.791533
-6.802058
-6.148774
-5.749206
-6.264253
-6.086282
-5.801642
-4.835808
-4.582436
-4.175072
-4.442671
-3.561130
-3.579494
-3.154243
-3.120726
-2.683253
-2.686425
-2.207252
-2.361743
-1.450212
-1.299894
-0.862400
-0.518090
-0.561057
-0.405829
