0.172786
0.972902
0.713173
1.437549
1.304860
1.558585
2.089074
2.373678
3.204553
2.654818
3.273418
3.993106
3.981074
4.143504
4.151888
4.419960
4.960191
5.633047
5.283361
5.564779
6.306747
6.541070
6.675531
6.452487
7.528245
7.529721
7.670093
7.390972
8.157731
8.042936
7.800350
8.903623
8.536949
8.657205
8.859730
9.452563
9.220798
9.246356
9.706536
9.133664
9.489562
9.888552
9.928782
9.371924
9.916688
9.815278
10.390706
9.997562
10.442731
9.752121
10.178076
10.087823
9.686093
10.370886
9.962359
9.972961
9.273776
10.147815
9.184291
9.068987
9.665837
9.383092
8.687222
9.389660
8.527980
8.352891
8.266455
8.541944
8.336439
8.348410
8.305694
7.605941
7.264471
7.008724
7.379395
6.971069
6.913618
6.287802
5.823007
5.649243
6.113909
5.826180
4.815189
5.100901
4.091786
4.082482
3.807811
4.026654
3.856558
3.372994
3.283867
2.145720
2.164879
1.803715
1.103575
0.761270
1.364516
0.614737
0.446592
0.231468
-0.017912
-0.616769
-0.511739
-1.710224
-1.989231
-2.228907
-2.245693
-2.797376
-2.934389
-2.899622
-3.422367
-3.843079
-3.870299
-3.812294
-4.914837
-5.039303
-5.444982
-5.631147
-5.665996
-6.004749
-6.460353
-6.710453
-6.954745
-7.125898
-7.143056
-7.676008
-7.726257
-7.756801
-7.873748
-7.611744
-8.263023
-8.414984
-8.798657
-9.076114
-9.320926
-9.340595
-8.831554
-9.446320
-9.323184
-9.013950
-9.171615
-9.776342
-10.001979
-9.699473
-10.207500
-10.298917
-10.251666
-9.962903
-10.283761
-9.522722
-9.863646
-10.310569
-9.591661
-9.818503
-10.311666
-9.941459
-9.497367
-10.075464
-9.571784
-9.401906
-9.374333
-9.057295
-9.076304
-8.913733
-8.544282
-8.763301
-8.563761
-8.929823
-8.570879
-8.307249
-7.569592
-7.549699
-7.331969
-7.393741
-7.303393
-6.368344
-6.434578
-6.601947
-5.873297
-5.683160
-5.661251
-5.523877
-5.529219
-4.739967
-4.053389
-4.421159
-4.218147
-3.576508
-3.610846
-3.040940
-2.665717
-2.538574
-2.416548
-1.781858
-2.007216
-1.681650
-0.745052
-1.053663
-0.586784
0.209900
