0.186858
1.063660
1.253133
0.763026
1.920009
1.925484
1.762128
2.706792
2.903553
3.526671
3.587914
3.242331
3.479025
3.920717
4.695546
5.241508
4.964823
5.748917
6.088929
5.611764
6.285361
6.479787
6.885100
6.780900
6.696614
6.809600
7.199895
7.499592
8.112472
8.111567
8.265690
8.858649
8.727943
8.903209
8.995911
9.512444
9.280445
9.573380
9.213233
9.856522
9.125337
10.043678
10.121255
9.805617
10.079414
10.197361
9.523016
9.660548
9.983371
10.356450
10.464197
10.405848
10.245613
9.811937
9.550410
9.635325
9.395912
9.718371
9.455933
9.982741
9.714295
9.434968
8.689333
8.954462
9.159537
8.747386
8.855601
8.715184
8.453422
7.731310
8.132091
7.758136
7.519478
7.567956
6.814962
6.947568
6.265957
6.440430
6.183458
5.525175
5.726167
5.583357
5.540205
5.133728
4.468767
4.153586
3.811826
3.751635
3.010083
3.414231
3.268594
2.702231
2.393107
1.608923
1.768800
0.807559
1.087749
0.299611
0.180641
0.150778
-0.077544
-1.091550
-0.497498
-1.589641
-2.041738
-1.763858
-2.181065
-2.658555
-2.408936
-2.618414
-3.805914
-4.163169
-3.547956
-4.489360
-4.706357
-4.688370
-4.831964
-5.247523
-5.311720
-5.389615
-6.502985
-6.655986
-6.491998
-7.072456
-7.159759
-7.197120
-7.818237
-7.330777
-7.419550
-7.622660
-8.763366
-8.056837
-8.308533
-8.520495
-8.851780
-9.024359
-9.324864
-9.428565
-9.508980
-9.180422
-9.294416
-9.557132
-9.268475
-10.139118
-9.802876
-9.694458
-10.390810
-9.582102
-10.170752
-9.939937
-9.571627
-10.101910
-9.491384
-10.183965
-9.941169
-10.022980
-9.298083
-9.850715
-9.622924
-9.552102
-9.185394
-8.953273
-9.190233
-9.317404
-8.936344
-8.739170
-8.993417
-8.726304
-8.098891
-7.729920
-8.327503
-7.724992
-7.237572
-7.336109
-7.077733
-6.622913
-6.448486
-6.627271
-5.743177
-5.539895
-5.155905
-5.680592
-5.525093
-4.743757
-4.604781
-4.692045
-3.814242
-3.474101
-3.277384
-2.990725
-2.574044
-2.664905
-2.359232
-2.148256
-1.145046
-0.908466
-0.950616
-0.867704
-0.087959
0.320692
