0.458802
0.576453
1.297069
1.503297
1.865123
1.728941
2.442009
2.473430
2.700608
2.767818
3.784195
3.443878
4.354927
4.711338
4.469745
5.185615
4.826650
5.111464
5.162754
5.527111
5.817018
6.767588
6.789248
6.770495
7.227494
7.786888
7.601976
7.267371
7.924249
8.164914
8.208722
8.387247
8.536230
8.404558
8.830815
9.451686
9.542197
8.851318
9.680426
9.777625
9.139702
10.023828
10.235796
9.650324
10.188627
9.558822
9.563190
9.763594
10.297862
9.968306
10.083194
9.611071
10.130277
9.744800
9.877420
9.473523
10.170578
9.892454
9.669238
9.295558
9.439103
9.630651
9.482727
8.702830
8.526639
8.521081
8.565931
8.566841
7.935680
8.260545
7.403263
7.310210
7.035322
6.877084
6.658666
6.621280
6.209673
6.378639
5.914007
5.857696
5.300722
5.196050
5.058860
5.055168
4.184462
4.112810
3.908945
3.448005
3.697712
3.578795
2.901441
2.874317
2.614586
2.089480
2.060287
0.869344
1.307511
0.949249
0.630339
0.108540
-0.747730
-1.077022
-1.319537
-0.914184
-1.184602
-2.367207
-1.974342
-2.516283
-2.567227
-3.416602
-3.514563
-3.950254
-3.805606
-4.161225
-4.508799
-5.165964
-4.752680
-4.977547
-5.245487
-6.089068
-6.544390
-6.354024
-6.189772
-7.201648
-6.972686
-7.590542
-7.726866
-7.461939
-8.131852
-7.757417
-8.713630
-8.448033
-8.317652
-8.780902
-8.596740
-8.807244
-9.462368
-9.736913
-9.154383
-9.093102
-9.896606
-9.585806
-9.643339
-9.552442
-9.510348
-10.114889
-10.326305
-9.650684
-10.054131
-10.123564
-10.318632
-9.715083
-9.674957
-9.948291
-10.210679
-9.388209
-9.756184
-9.232882
-9.633353
-9.845500
-9.593194
-9.287966
-9.373762
-9.000075
-8.444780
-8.996531
-8.423986
-8.851543
-8.728227
-8.158563
-7.857279
-8.149474
-7.774015
-7.597207
-6.741643
-7.298537
-6.219899
-6.623155
-6.553651
-6.244739
-5.866901
-5.395778
-5.416178
-5.115259
-4.224446
-4.057429
-4.074428
-3.453228
-3.133367
-3.347945
-3.239026
-2.418446
-1.917451
-2.294132
-1.773772
-1.039271
-1.417943
-1.078030
-0.028664
-0.004247
