0.161102
0.509026
1.162574
1.492645
1.795159
1.772397
1.976226
2.240716
2.957752
3.369003
3.733557
4.073683
3.726366
4.148064
4.050332
4.884241
5.094832
5.443318
5.994681
6.196709
5.694411
6.422265
6.361138
7.237542
6.634050
7.723745
7.114959
7.922023
7.748658
7.768854
8.641194
8.060897
8.196160
8.474210
8.864375
8.803926
9.236439
8.844546
9.736615
9.988466
9.591183
9.708890
9.809263
9.555353
9.389530
10.361489
10.449520
10.258253
9.690473
10.477784
10.398609
10.409177
10.349933
10.139854
9.406355
10.176591
9.957332
9.581334
9.465505
9.221187
9.815302
9.038985
8.963051
9.121300
8.423708
8.981578
8.521530
8.414814
8.268587
7.635683
8.372190
7.710057
7.306761
6.941818
6.984045
7.024103
7.053186
6.124392
6.278650
5.720271
5.774040
5.805956
5.173914
5.263282
4.694951
3.865872
3.617149
4.105064
2.940892
3.251476
2.908484
2.184254
1.706999
2.167310
1.146244
0.868873
0.586561
0.310062
0.308037
0.097875
-0.552114
-0.862768
-1.256262
-1.485473
-1.940147
-1.815205
-2.313674
-2.497377
-3.053477
-3.188727
-3.357484
-3.346637
-4.034809
-4.352104
-4.328597
-4.667270
-5.367769
-5.462912
-5.155474
-5.606230
-5.682150
-6.302915
-6.308431
-7.157890
-6.948895
-7.079571
-7.013861
-7.339462
-8.400598
-8.306750
-7.912752
-7.978983
-8.120974
-9.240321
-8.971547
-9.520847
-9.185236
-9.309572
-9.844182
-9.221487
-9.984701
-10.042388
-9.992426
-10.188578
-10.238551
-9.479150
-9.464060
-9.773145
-9.589227
-9.635635
-10.396033
-10.479290
-10.082407
-10.249463
-9.627753
-9.643191
-9.954134
-9.340400
-9.732152
-9.169805
-9.096088
-9.029888
-9.593710
-9.347462
-8.830234
-8.420243
-8.233816
-8.906405
-8.082361
-8.015481
-7.569712
-7.893086
-7.680987
-7.567651
-6.934445
-6.887733
-6.531986
-6.837286
-5.811202
-6.271088
-5.792403
-5.676707
-5.078977
-4.578642
-4.751521
-4.100015
-4.041618
-3.600543
-3.587700
-3.029510
-2.297327
-2.444155
-1.805669
-2.366016
-1.671007
-1.499668
-0.916945
-0.737330
-0.412301
0.203196
