0.124671
0.504751
1.373362
0.915420
1.339456
2.279632
1.851976
2.550736
2.370518
2.982309
3.415283
3.438981
3.740033
4.103152
4.762820
5.142813
5.062042
5.059337
5.828281
6.175358
6.128298
6.531643
7.098211
6.727795
7.375466
7.035881
7.678227
7.425290
7.975870
8.541065
7.913357
8.185855
9.006027
8.570039
8.540165
8.836343
9.668014
9.724235
9.904732
9.667784
9.259831
9.210876
9.269384
10.202480
9.441326
9.834478
9.480725
10.000104
9.979996
10.104419
10.151466
10.464770
10.272579
9.584304
10.074542
10.185489
9.732988
9.493295
10.082666
9.911424
9.534984
9.287077
9.273377
9.489473
8.783166
9.166733
8.474466
8.485246
8.027148
8.459650
8.067934
7.584928
7.960910
7.459391
6.628178
6.484822
6.747601
6.731688
6.297878
5.465679
5.760822
5.500360
5.230547
5.122389
5.020376
4.191347
4.322843
3.552971
2.957139
2.944718
2.338269
2.805564
2.271150
2.067438
1.940953
1.480697
1.118149
0.957594
0.391553
0.359219
-0.727428
-0.937282
-1.352255
-1.110107
-1.581712
-1.493753
-2.303226
-2.828632
-2.666943
-3.156384
-3.616193
-4.094865
-3.838674
-3.979790
-4.274566
-4.545679
-5.197289
-5.489342
-5.373957
-5.543730
-5.865192
-6.235724
-7.024119
-7.150417
-7.137199
-7.395792
-7.361887
-8.022645
-7.686105
-8.140555
-8.415547
-8.395442
-8.151645
-8.657499
-9.207002
-8.931046
-8.748100
-9.434539
-9.778957
-9.909738
-9.725914
-9.484181
-10.189788
-10.184446
-10.223284
-9.855496
-9.580907
-10.449233
-10.292182
-10.003629
-9.593368
-10.427197
-9.982405
-9.474900
-9.589884
-9.675099
-10.044541
-9.835016
-9.752205
-9.093775
-8.945093
-9.336835
-9.092236
-8.781904
-8.868906
-8.496700
-9.075555
-8.079781
-7.934147
-8.582904
-8.049028
-7.653849
-7.458517
-7.713273
-6.766304
-6.501458
-6.699233
-6.355816
-5.659934
-5.543619
-5.395541
-5.555244
-4.722624
-4.352811
-4.158703
-4.309764
-4.394134
-3.510700
-3.621607
-3.394549
-2.826501
-2.463220
-1.938139
-2.085061
-1.680046
-1.287391
-1.324840
-0.971433
-0.659896
0.351008
