0.568759
0.667981
0.476826
0.869981
1.488693
2.230398
1.927965
2.597695
3.178866
2.892517
3.739722
3.819779
4.122520
4.382639
4.221642
4.700372
4.802835
5.188973
6.045600
6.369320
6.444412
6.492440
6.787012
6.598866
6.708808
6.891131
7.575979
7.750056
7.584563
8.020926
8.222718
8.338292
8.901542
8.538509
9.253281
8.690217
9.639189
9.201097
8.909422
9.076051
9.409597
9.209883
9.941332
10.067072
9.826493
9.895862
9.587825
9.662603
9.741230
10.481014
10.064742
9.858826
10.380912
9.762808
9.766365
9.803876
10.152516
9.686153
9.808881
9.919529
9.634169
9.029816
9.443917
8.929606
8.984544
8.765239
8.423858
8.626613
7.868817
7.796480
8.165521
7.492069
7.847909
7.325345
7.474426
6.838138
6.262297
6.439881
6.420797
5.880065
5.977795
5.369119
5.360536
4.645672
4.815787
3.862715
3.528825
3.460267
2.944623
3.331774
2.793931
2.867770
2.521852
1.584141
1.963874
1.693366
1.155110
0.379644
-0.094708
0.120479
-0.061099
-1.086853
-0.617467
-1.190532
-1.732930
-1.886121
-1.771345
-1.987928
-3.101522
-2.851692
-3.118249
-3.467000
-3.497443
-4.273953
-4.183543
-5.175174
-4.600992
-5.255975
-5.139100
-6.301304
-6.300058
-6.484811
-6.171608
-7.006157
-7.067258
-7.438939
-7.643869
-8.053384
-7.975340
-8.062793
-8.318384
-8.128085
-9.037175
-9.145924
-8.883991
-8.566646
-9.060510
-9.693481
-9.377812
-9.388490
-9.746518
-9.455229
-9.806949
-9.628585
-9.634335
-10.139702
-9.932869
-9.877621
-9.836456
-9.642289
-9.699047
-10.415429
-10.138062
-9.821414
-9.871138
-10.022299
-9.411765
-9.784056
-9.698127
-9.701186
-9.024929
-9.321009
-9.148992
-9.519446
-8.566631
-8.276018
-8.386125
-8.860458
-8.223197
-8.297318
-7.964506
-7.667785
-7.112987
-7.618104
-7.041214
-6.579954
-6.736439
-5.904775
-6.415019
-5.388817
-5.745869
-5.400088
-5.241032
-4.632245
-4.806634
-4.304881
-4.255228
-4.104397
-3.474160
-2.977994
-2.400692
-2.522374
-2.092108
-1.438579
-1.340446
-1.161408
-0.567250
-0.452498
0.063270
0.074935
