0.779787
0.846707
0.596052
1.237498
1.885278
2.008155
2.084782
2.570547
2.831539
3.230261
3.883382
3.226145
4.377962
4.255037
4.979971
4.775373
4.812363
5.388270
5.774108
5.714496
6.552889
6.817420
7.043084
6.347419
7.297755
7.773243
7.136224
7.308570
7.410625
8.124353
7.893667
8.704355
9.061969
9.132385
8.975582
8.950355
9.521318
9.461470
9.717863
9.887301
9.753337
9.626626
9.996682
9.970073
9.964132
10.270824
9.709820
10.461555
10.134088
10.063605
10.087787
9.522666
9.793986
10.224044
10.253501
9.489044
10.131728
9.609063
9.493098
9.450501
9.618485
9.705773
8.929516
9.177639
9.362507
8.838126
9.028618
8.085128
8.545149
8.173465
7.851928
7.409998
7.571404
7.756377
6.687580
6.635264
6.529175
5.896792
6.217596
5.623165
6.052064
5.320435
5.047184
5.237019
4.581466
4.687905
4.187459
4.025566
3.468073
3.458260
2.554875
2.645916
2.620135
1.530372
1.121332
0.769310
0.752712
0.678499
0.654049
0.317137
-0.493769
-0.618812
-0.972655
-1.637162
-1.387326
-1.475293
-1.791202
-2.841236
-3.140060
-3.340836
-3.218149
-4.050778
-3.763359
-4.555201
-5.017973
-4.992159
-4.970487
-5.029722
-6.067182
-5.519560
-6.059442
-5.985334
-6.559896
-6.457294
-7.213412
-7.062497
-7.298210
-7.856092
-7.438061
-8.427444
-8.092451
-8.606874
-9.085011
-9.113358
-8.692922
-9.402712
-9.518948
-9.179811
-9.686952
-9.685985
-9.244005
-9.274063
-9.731079
-9.993469
-9.893972
-9.833807
-9.763736
-9.820744
-10.103780
-10.087480
-10.141051
-9.610744
-10.155191
-9.868877
-10.217493
-9.854569
-10.038828
-9.755892
-9.793651
-9.489589
-9.769131
-9.069695
-9.183967
-9.384395
-8.576072
-8.903476
-9.097546
-8.707859
-8.293775
-8.510026
-7.954307
-7.543869
-7.601711
-7.457964
-7.213373
-6.590495
-6.279023
-6.615666
-6.553748
-5.759733
-5.424060
-5.635734
-4.979851
-4.843908
-4.097309
-4.064876
-3.925677
-4.054520
-3.788595
-2.768848
-2.416507
-2.178819
-2.587530
-1.951670
-1.430689
-0.758785
-1.440587
-0.287477
-0.404662
-0.322668
