0.652909
0.197120
1.171113
1.004651
1.391784
1.762446
1.899126
2.546496
2.420501
3.239714
3.682307
3.752653
4.009720
4.150755
4.496090
5.176827
4.743843
5.597208
5.450847
5.602084
6.136571
6.039844
7.079679
6.611135
7.519585
7.129909
7.575646
7.726033
7.795433
7.716154
8.215662
8.408192
8.801809
8.992318
8.952623
8.644349
9.360780
9.138305
9.423546
9.260519
10.037698
9.617076
9.496429
10.112018
9.771913
9.575349
9.938630
10.192263
9.623666
9.827440
10.233593
9.897489
9.861967
10.417317
9.409216
9.976003
9.430097
9.385210
9.444184
9.798839
9.752250
8.807069
9.240980
8.601667
8.545170
8.312268
8.619107
8.617956
8.166073
7.874705
8.377364
7.916960
7.141018
7.569795
6.864074
6.503150
6.585538
6.835083
6.474991
6.096577
5.134070
4.888532
4.730970
4.958924
4.351184
4.211584
3.587768
3.873222
3.644238
3.169528
2.978057
2.124769
1.953229
1.479236
1.329710
1.437385
0.596554
0.550918
0.255645
-0.497999
-0.370166
-0.307078
-1.347692
-1.477325
-1.743010
-2.319763
-1.896404
-2.877219
-3.022615
-2.878679
-3.294133
-3.230003
-3.823748
-4.691163
-4.723750
-4.455857
-4.654774
-5.664299
-5.761743
-6.249212
-5.761117
-6.666168
-6.278494
-6.491952
-7.514013
-7.404249
-7.784931
-7.780651
-7.720965
-7.662092
-8.049738
-8.046418
-8.196314
-8.353927
-9.205484
-9.485026
-8.823528
-9.092707
-9.692231
-9.999703
-9.476502
-9.538432
-9.286030
-9.608689
-9.805567
-10.216566
-10.282227
-9.725698
-9.894036
-9.945631
-9.856578
-10.203103
-9.469415
-9.576387
-10.259158
-9.386135
-9.316653
-10.172790
-9.919971
-9.127803
-9.554097
-9.712357
-8.971604
-9.446224
-8.516087
-9.076645
-8.693083
-8.665541
-8.149802
-8.114929
-7.579494
-7.487213
-7.264333
-7.322909
-6.853294
-6.420669
-6.141019
-6.317492
-6.461386
-5.744123
-5.185148
-4.903962
-5.456572
-4.391847
-4.878847
-4.405984
-4.146262
-3.765707
-2.992601
-3.082855
-2.803297
-2.113364
-2.441962
-2.370059
-1.721433
-0.988264
-0.448836
-0.480616
0.044731
-0.303940
