-0.016207
0.823987
1.139267
1.658019
2.061662
1.724234
2.199000
2.830231
3.240259
3.191143
3.724576
3.638806
4.150072
4.220262
4.664497
4.400501
4.866361
5.283265
5.903691
5.552170
6.550181
6.666097
6.257233
6.457129
6.814829
7.250720
7.072925
7.756375
7.645700
8.520728
7.981821
8.475684
9.055546
9.045689
8.423542
9.449995
9.477545
8.858302
9.766036
9.405672
9.819013
9.551068
10.003882
9.992927
10.018497
9.654168
10.430536
9.732019
10.257933
9.646332
9.511862
9.965919
10.134535
9.867091
10.133166
10.151362
10.203836
9.751249
9.560834
9.869075
9.216673
9.750950
9.242919
9.132579
9.242265
8.338844
8.528098
8.616855
8.237658
8.053622
8.020384
7.707007
7.614266
7.166611
7.080268
6.639564
6.268985
6.271600
6.022931
5.904973
5.293406
5.061489
5.277769
4.393791
4.141325
4.548761
4.404742
3.964926
2.994087
3.032385
3.254584
2.780907
2.234810
1.656978
1.738210
1.034471
1.401886
0.886530
0.018215
-0.463478
0.098247
-0.962248
-1.351263
-1.269433
-1.152563
-1.523591
-2.629591
-2.906772
-3.197436
-3.100033
-2.911329
-3.205896
-3.498424
-3.851923
-4.134242
-4.357250
-5.281876
-4.875731
-5.472663
-5.850715
-6.168485
-6.304572
-6.269071
-7.133031
-7.367726
-7.312402
-7.334853
-7.401630
-8.262182
-8.528802
-8.660545
-7.995803
-8.226881
-8.600547
-8.715721
-8.931572
-9.286534
-9.450831
-9.818108
-9.090007
-9.809220
-10.015530
-9.371321
-10.118321
-9.635442
-10.216229
-9.918259
-10.074560
-10.394596
-10.299478
-9.761346
-10.063412
-9.493762
-10.294786
-9.933924
-9.626159
-9.318814
-9.813475
-9.693016
-9.100516
-9.503042
-9.431814
-8.773828
-9.341232
-9.321027
-8.903073
-8.817153
-8.902884
-8.578433
-8.167424
-8.011451
-8.072663
-7.132170
-7.685619
-6.912913
-7.101504
-6.586934
-6.489794
-6.505594
-5.482808
-5.354698
-5.599786
-5.169038
-5.302038
-4.153819
-4.463723
-3.998909
-3.873739
-3.064845
-3.265061
-3.009524
-2.759024
-2.323913
-1.564788
-1.990740
-0.910997
-0.730193
-0.713767
-0.384918
0.348068
