0.611309
0.768838
0.936718
0.770966
1.685893
2.157341
1.758064
2.236599
3.182123
3.566705
3.070864
3.398620
3.735400
4.401864
4.773776
4.911088
4.706154
5.705788
5.282362
6.314525
6.072076
6.705572
6.525114
7.194477
6.821556
7.595937
7.024630
7.903018
7.541827
7.925447
8.006315
8.703664
9.029613
8.865496
8.735982
9.380525
9.356920
9.700993
9.089476
9.541932
9.944288
9.330246
10.124738
9.751274
9.504537
10.274189
9.904183
9.895597
9.922276
9.825947
10.242337
9.965376
9.802704
10.166086
9.839387
9.447459
10.069577
9.867375
9.376703
9.694138
9.736447
9.496182
9.068327
9.093298
9.144316
8.617026
9.091659
8.709991
8.306701
8.212047
7.612896
8.133208
7.865315
7.769622
7.257957
6.927283
6.892559
6.619468
5.821450
6.286513
5.620225
5.159927
5.383714
5.020070
4.667819
4.048189
4.463778
3.836936
3.420224
2.903914
3.181374
2.141549
2.243936
1.706974
2.003999
1.298892
1.088425
0.357187
0.111287
0.288183
-0.181715
-0.827749
-1.393340
-1.555009
-1.596157
-1.980050
-2.053311
-2.784405
-2.836065
-2.626325
-3.296762
-4.047028
-4.273968
-4.052441
-4.279773
-5.124670
-4.713741
-5.566178
-5.322468
-5.754743
-6.530102
-6.546772
-6.816434
-6.531226
-7.346091
-7.642520
-7.255122
-7.310597
-7.531932
-8.250238
-8.578857
-8.244052
-8.444645
-8.877788
-9.100898
-8.680284
-9.253901
-9.435929
-9.760091
-10.003567
-9.248582
-9.715200
-10.030965
-9.345618
-9.924541
-9.914647
-9.730866
-9.904821
-9.849739
-9.787253
-10.290962
-9.643200
-10.406248
-9.427193
-9.515732
-9.921799
-9.578319
-9.892756
-9.205215
-9.120764
-8.958125
-8.824611
-8.748889
-8.632178
-9.238725
-9.097921
-8.221957
-8.300989
-8.470669
-8.310974
-7.520872
-7.394110
-7.567762
-7.722497
-7.077500
-6.534569
-6.712989
-6.827045
-6.525065
-6.067227
-5.786482
-4.988584
-5.258580
-4.891461
-4.416854
-4.738916
-3.501739
-3.623146
-3.076257
-2.636714
-3.267819
-2.108658
-1.837775
-1.810029
-1.658558
-1.329936
-0.710429
-0.559174
-0.371929
0.287725
