0.367537
0.395493
1.177113
1.604095
1.360536
1.651018
2.049294
2.036771
3.232232
3.567001
3.143544
3.216733
4.190983
3.875080
4.216504
4.892986
5.411877
5.811015
5.713505
5.737155
6.428947
6.006990
6.757409
6.589432
6.583175
7.340067
7.440274
7.704234
7.912426
8.183475
8.207896
8.711121
8.297699
8.972222
9.057987
9.109788
8.807712
9.034350
9.096917
9.309610
9.203141
9.599785
9.773778
9.788623
9.492068
10.131627
10.451374
9.481404
10.320233
10.032757
9.672028
10.210122
10.064906
10.230517
10.062643
9.614874
9.275441
9.311371
9.952838
9.146793
9.611287
8.890926
9.238349
9.249000
9.364784
9.061006
8.497693
8.836057
8.519562
8.059742
8.166858
7.634483
7.246386
7.531767
7.388240
6.560198
6.652389
6.698635
5.833999
5.716948
5.866853
5.090034
5.280600
4.440054
4.192275
4.113172
4.085939
4.035175
3.788986
2.849332
3.170612
2.170654
2.454500
1.574605
1.469442
1.740838
0.607176
0.502287
0.536962
-0.089401
0.084202
-0.896099
-1.096851
-1.584922
-1.289347
-1.712998
-1.902251
-2.093352
-2.442733
-3.289365
-3.642074
-3.297222
-4.092797
-4.557806
-5.002543
-4.999709
-4.979941
-4.992147
-5.777201
-6.298231
-6.315279
-6.638297
-6.454654
-7.250916
-6.583114
-7.506930
-7.192571
-8.008780
-8.395688
-8.544649
-8.417957
-8.565378
-8.579263
-8.303261
-8.959466
-8.619017
-9.208401
-8.858928
-9.558715
-9.245229
-9.878195
-9.311039
-9.549333
-10.314354
-9.672479
-9.754233
-9.674890
-10.039731
-10.439809
-9.807910
-9.502972
-9.731101
-10.388592
-10.163440
-9.599842
-10.268291
-9.470069
-9.835882
-9.779806
-9.230127
-9.222005
-8.882388
-8.896499
-8.568595
-8.502254
-8.540676
-8.438819
-8.357664
-8.041154
-8.330386
-7.500734
-7.710323
-7.663807
-6.865067
-6.576535
-6.521375
-6.295095
-6.702253
-6.011902
-6.325418
-5.984885
-5.138444
-4.798417
-4.689514
-4.313302
-3.976375
-4.465214
-3.745295
-3.372849
-2.875658
-3.118007
-2.915381
-1.920278
-2.300189
-1.316935
-1.600697
-1.099376
-0.891536
0.087053
0.266081
