0.247248
0.259300
0.784537
1.154672
1.876657
1.826856
2.571746
2.736925
2.615316
3.222621
3.751669
3.386017
4.229389
4.743617
4.077978
4.827894
5.206876
5.800779
6.001817
5.405125
6.547524
6.774474
6.635114
6.847413
7.269466
7.630968
7.085215
7.916561
7.879043
7.778111
8.590292
7.972506
8.142156
8.753398
9.008800
9.020676
9.067956
8.906813
9.111178
9.712535
9.150057
9.901991
9.494681
9.761572
9.717172
9.851107
9.722496
9.768796
10.478131
10.291239
9.657945
9.903224
9.866598
9.843977
9.913237
9.897939
9.993812
9.947866
9.699464
9.034001
9.085944
9.470900
9.624279
8.673696
9.210450
8.573377
9.049971
8.633256
8.386312
7.765236
7.863842
7.745638
7.950525
7.514786
7.231292
6.797463
6.635185
6.692420
5.799833
5.966931
5.968212
5.334125
5.318358
5.119888
4.647744
4.620906
4.293984
3.890155
3.088734
3.278990
2.503340
2.446762
2.366632
2.264798
1.926879
1.710347
0.666388
0.833067
0.298842
0.451329
-0.472815
-0.580000
-1.201327
-1.266683
-1.309449
-2.084596
-2.350369
-2.405206
-2.849341
-2.716752
-3.502095
-3.791766
-3.800614
-4.340853
-4.530924
-4.401954
-4.713002
-5.498362
-5.459427
-5.687027
-6.047570
-6.704338
-6.503241
-7.004886
-6.778596
-7.010811
-7.950657
-7.431276
-8.259094
-7.736744
-7.840192
-8.525698
-8.805350
-8.323424
-8.972742
-9.263735
-8.813436
-9.017951
-9.906880
-9.743453
-9.601796
-9.487177
-10.087422
-9.350042
-10.363986
-10.001842
-9.778695
-10.196390
-9.665311
-10.424749
-9.878889
-10.136101
-10.354896
-9.992808
-9.757765
-9.354438
-10.059258
-9.801380
-9.109629
-9.784946
-9.777640
-9.777988
-9.164081
-9.264678
-8.534219
-8.706617
-8.157900
-8.254983
-7.922455
-7.985440
-8.344631
-7.753144
-7.717105
-7.492240
-7.362358
-7.278006
-7.068079
-6.093880
-5.826514
-5.459750
-6.105403
-5.547919
-5.195788
-4.912092
-4.535834
-3.819281
-4.035397
-4.045738
-3.617820
-3.043371
-2.746997
-2.580820
-2.590764
-1.614603
-1.323828
-1.638088
-0.999991
-0.563652
-0.492186
0.264071
