-0.087002
1.023215
0.928872
1.214795
1.314196
1.594586
2.078646
2.663874
3.239705
3.222293
3.491072
4.017035
4.288284
4.040986
4.081513
5.155136
4.995562
5.172202
5.957152
5.837466
6.497451
6.096021
6.345435
6.913727
7.473466
7.670799
7.126571
7.562069
8.173970
8.155533
8.115153
8.447549
8.301711
8.520813
8.480511
9.040653
9.002713
9.498308
9.258457
9.959083
9.986751
9.875567
9.805158
9.373508
9.884070
10.048568
9.942004
10.318452
9.922089
10.150981
9.911306
10.021389
9.774025
10.236652
10.360004
9.636483
9.474764
9.983495
10.036371
9.941542
9.045022
9.729768
8.889055
8.635382
8.561300
8.873608
8.191584
8.677560
8.404635
7.639873
7.595434
8.124258
7.622248
7.766904
7.487335
6.832820
6.133389
6.165732
5.962957
5.951662
5.393364
5.637982
4.781369
4.400501
4.536914
4.404371
3.983955
3.629912
3.429441
3.535338
2.361003
2.065584
2.664664
2.300991
1.359093
1.737330
1.174985
0.819790
0.363613
0.465582
-0.563581
-0.730505
-1.277080
-1.080079
-1.683050
-1.462936
-1.934204
-2.852250
-2.755776
-3.104774
-3.312475
-3.738596
-3.605726
-4.438592
-4.921119
-4.698497
-5.339534
-5.473872
-6.061415
-5.853480
-6.160561
-6.001737
-6.889257
-6.514385
-6.816199
-6.893888
-7.082059
-7.803126
-7.771241
-8.360593
-8.022536
-8.934594
-8.178489
-8.882140
-8.565209
-8.617205
-9.603430
-9.727803
-9.246399
-9.733195
-9.548269
-9.762676
-9.962790
-9.645697
-10.358518
-9.494836
-9.993013
-9.591170
-9.874612
-9.842944
-9.759945
-9.923421
-10.161924
-9.918493
-9.484748
-9.874745
-9.563137
-9.794936
-9.934894
-9.267382
-9.636367
-8.885906
-9.611147
-9.091086
-9.356568
-9.108994
-8.242593
-8.935768
-7.845297
-7.831388
-8.360642
-7.830405
-7.255377
-7.630513
-6.624275
-7.068504
-6.200849
-6.365669
-6.038300
-5.399994
-6.025127
-5.252374
-4.860435
-4.904760
-4.632023
-4.278887
-4.076065
-3.308111
-3.264185
-3.144391
-2.599948
-2.157212
-2.535777
-1.595103
-1.284676
-0.807177
-0.635980
-1.102767
0.008971
-0.399733
