0.471682
0.519758
0.860057
1.107100
1.120930
2.269892
2.017088
2.210002
2.586401
3.303926
3.781697
4.140188
3.527013
3.989543
4.697246
4.383474
4.702477
5.419634
5.273652
6.085477
6.324385
6.616639
6.156313
7.243183
6.984470
6.876209
7.412313
7.696223
7.756905
7.608314
8.383978
8.157490
8.950403
8.997106
9.214223
8.652420
9.156051
8.891095
9.352912
9.736698
9.654398
9.552093
9.301817
9.420526
10.043788
9.950290
9.549779
9.872080
10.105956
9.661963
10.280332
9.691681
9.788706
10.229419
10.174801
10.045904
9.715124
9.298872
9.254731
9.976363
9.696347
9.233532
9.462977
8.783462
9.211690
9.011710
9.057778
8.021195
8.650151
8.525887
7.694510
8.139020
7.804186
7.753145
7.457742
7.193932
6.239722
6.161663
6.193282
5.833715
5.212274
4.969168
5.347271
4.959607
4.571977
3.896083
3.993403
3.850009
3.014815
3.236515
3.194506
2.619892
2.172154
2.170304
1.212133
0.858695
0.869515
0.687772
0.229406
-0.248414
-0.615640
-0.993527
-0.445164
-1.062823
-2.031511
-1.798180
-1.721664
-2.948493
-2.570842
-2.637688
-3.363601
-3.871311
-4.184865
-4.297938
-4.326236
-4.983521
-5.418431
-5.802204
-5.152282
-5.625518
-6.260035
-6.242537
-6.174254
-6.561797
-7.483613
-7.516113
-7.572463
-8.018847
-7.665128
-7.615863
-8.084156
-8.367845
-8.139175
-8.736017
-9.035926
-9.430558
-8.782843
-9.162695
-9.538082
-9.846260
-10.097040
-10.156111
-9.453975
-10.273053
-9.790642
-10.357037
-9.799239
-9.748415
-9.875339
-10.233473
-9.891017
-9.683385
-9.562031
-9.544200
-9.659888
-9.386202
-9.731392
-9.458063
-9.306913
-9.560800
-8.941098
-8.983564
-9.140438
-8.568072
-8.904796
-8.737602
-8.770796
-8.312680
-8.708916
-7.628966
-7.659016
-7.315266
-7.303915
-7.728226
-7.281750
-6.512131
-6.292193
-6.484917
-6.507830
-6.230304
-5.581234
-5.642300
-4.936047
-4.855806
-4.854013
-3.847110
-3.491269
-3.671658
-3.246964
-2.686187
-3.034817
-2.740615
-1.850399
-1.729479
-1.098680
-1.699010
-1.208100
-0.472577
-0.451827
-0.150290
