0.610355
0.377527
0.515701
1.292605
1.605233
1.856764
1.849263
2.053757
2.638023
2.803265
3.400756
3.511527
3.805897
4.168495
4.666031
4.599606
5.358146
4.888417
5.542782
5.892714
6.064703
6.502395
6.303398
7.049144
7.002340
7.578675
7.368241
7.437591
7.444278
8.228979
7.954132
7.950664
8.831392
8.502233
8.472333
9.434080
9.451857
9.318547
9.039604
9.568786
9.293308
9.745514
9.615904
10.099238
9.789050
9.930967
9.926245
10.004033
10.180780
9.777226
9.557934
9.650488
9.894151
9.684441
9.722027
9.596605
10.184782
9.547959
9.755319
9.038214
9.096028
9.663175
8.739963
8.999512
8.691787
8.471042
8.986471
8.612659
8.479097
8.535830
8.270167
7.397801
7.294125
7.720169
7.568717
6.695008
6.133435
6.406087
6.234125
5.653155
5.843246
5.725621
4.892206
5.171666
4.122478
3.944609
4.225400
4.122175
3.109989
2.844437
2.816470
2.786581
2.643865
1.704341
1.229993
0.809035
1.121437
1.092734
0.039227
-0.041136
-0.225970
-0.505551
-1.254109
-1.166771
-1.407004
-1.443067
-1.833201
-2.814014
-2.652921
-2.668745
-3.870436
-3.287856
-3.845436
-3.847445
-4.748244
-5.124825
-5.341066
-5.768216
-5.666481
-5.601530
-6.589440
-6.433592
-6.963901
-6.819946
-7.142313
-6.812540
-7.460002
-7.458269
-7.405467
-8.136896
-8.530337
-8.851132
-8.662665
-8.860085
-8.470800
-8.921339
-8.782746
-9.599216
-9.007491
-9.802925
-9.450895
-9.989352
-10.250904
-9.400687
-9.796739
-9.527549
-9.986582
-10.076232
-9.901553
-10.270755
-10.066572
-9.714491
-9.699422
-9.524457
-10.313795
-9.787240
-10.061275
-9.802163
-9.145257
-9.678881
-9.862780
-9.229754
-8.895088
-8.810727
-9.137737
-9.049542
-8.247068
-8.931653
-8.122811
-8.020180
-8.221921
-8.017675
-7.142224
-6.982590
-7.248956
-7.290469
-7.052592
-6.627942
-6.008094
-5.611911
-5.374975
-4.909737
-5.019289
-5.297998
-4.884476
-4.185138
-4.318112
-4.105156
-3.066033
-2.707654
-2.896646
-2.559975
-2.584170
-1.537937
-1.635306
-1.068097
-1.111311
-1.107571
-0.303329
0.228506
