0.687383
0.999355
0.834673
1.449711
1.868754
1.895476
2.015020
2.788372
2.711603
3.008507
3.433721
3.517234
4.091608
4.725274
4.486937
4.713286
5.104108
5.429897
5.529675
5.469444
5.751515
6.610789
7.043373
6.428712
7.323358
6.896773
7.976233
7.360943
7.693844
7.959955
8.483695
8.679537
8.241322
9.090321
8.737141
8.926028
9.562034
9.727205
9.696561
9.820906
9.823264
10.145907
9.809908
10.114296
9.629457
9.817190
10.366951
9.546275
10.486961
9.553770
10.265768
10.402608
9.904830
9.963821
9.740715
9.924596
9.291073
9.751182
9.258830
9.535914
8.948643
9.561951
9.263017
8.571351
8.576286
9.018583
9.072988
8.238382
8.392857
8.106633
7.535825
7.430291
7.568049
6.811693
6.572027
7.267176
6.709217
6.396297
6.022449
5.397717
5.166427
5.247672
4.643874
5.119653
4.546022
4.340915
4.404324
4.053918
3.717095
3.314956
2.737824
2.623556
1.925133
1.517586
1.982314
1.527069
0.852665
0.743114
-0.023093
0.413251
-0.696260
-0.544490
-0.554659
-1.432884
-2.050351
-2.320991
-2.340419
-2.505497
-2.989099
-3.176182
-3.344784
-4.059999
-4.032786
-4.436702
-4.996281
-5.176549
-5.118297
-5.443799
-5.524982
-6.376409
-6.161603
-6.508445
-6.487990
-6.443064
-6.604280
-7.743735
-7.933102
-7.288475
-8.281977
-8.442800
-8.472831
-8.929648
-8.462745
-8.524429
-9.401691
-9.326030
-8.934441
-9.178965
-9.090938
-9.579134
-9.460825
-9.571123
-10.039342
-9.422060
-9.979742
-10.057807
-9.479652
-9.621176
-10.332325
-10.419237
-9.915644
-10.419686
-10.427880
-9.453969
-10.017751
-9.814486
-9.852105
-10.042636
-9.492222
-9.238968
-9.474019
-9.564013
-9.535757
-9.213485
-8.919198
-8.632616
-8.938516
-8.543255
-8.024445
-8.191774
-7.609549
-7.913083
-7.431729
-7.516416
-7.048136
-6.684056
-6.680556
-6.188140
-6.315998
-5.422936
-5.364727
-4.939019
-4.898795
-4.909074
-4.056586
-4.754045
-3.678067
-3.301089
-3.040920
-3.539555
-3.172513
-2.895687
-1.733253
-2.030073
-1.526504
-1.665893
-0.926490
-0.538126
-0.523729
0.123114
