0.236063
0.505192
1.083627
1.495561
1.970527
2.097607
1.902460
2.276057
2.467681
3.154975
3.422810
3.300976
3.993727
4.597883
5.012218
5.258300
4.789456
5.447105
5.601232
6.330597
5.805362
6.305441
6.562308
6.360578
7.311826
7.118640
7.592547
7.518071
8.393563
8.075582
8.356881
8.228801
8.975792
8.423791
8.579787
8.775029
8.685746
8.914609
9.273041
9.077837
9.681320
9.519324
9.300862
9.913167
9.686028
10.310048
9.982891
10.280596
10.351420
9.935289
9.904302
9.729015
9.948465
9.675134
10.154378
9.653117
10.093711
10.177217
9.519998
9.678536
9.389764
9.576228
9.557085
9.409983
8.415135
8.716613
8.233508
8.563465
8.161420
8.306015
8.162000
7.791235
7.459790
7.345271
7.159877
6.888056
6.380564
6.326648
5.752686
5.693797
5.357078
5.496880
4.712590
4.675153
4.557683
4.265114
3.697987
3.237595
3.120288
2.995631
2.830418
2.682571
2.318606
1.616013
1.121000
1.313627
0.879186
0.838561
0.694897
0.279259
-0.559025
-0.574126
-0.583532
-1.413251
-1.621812
-2.281660
-2.237003
-2.630229
-3.279327
-2.912653
-3.039676
-3.333158
-3.631686
-4.171750
-4.513913
-4.731427
-5.527298
-5.248327
-5.848945
-5.701622
-6.271342
-5.923732
-6.646407
-7.252611
-7.116246
-7.585114
-7.980842
-8.064547
-8.266052
-8.235577
-8.444424
-8.444502
-8.605080
-9.253461
-8.536614
-9.517671
-9.334893
-8.838466
-9.150725
-9.916448
-9.701654
-9.791196
-9.558402
-9.546159
-10.094537
-9.581500
-10.428478
-9.899531
-9.724578
-9.505395
-9.732970
-10.231214
-9.618040
-9.472746
-9.518042
-10.303397
-10.074533
-9.645623
-9.777761
-9.638005
-8.941945
-8.866000
-9.409994
-8.818955
-8.972078
-8.810623
-8.780558
-8.459228
-7.887943
-8.154971
-8.064156
-8.148778
-7.497864
-7.629917
-7.512736
-7.121615
-7.086269
-5.948768
-6.484254
-5.517241
-5.341183
-5.578961
-5.417895
-4.950855
-4.552649
-3.790189
-3.794223
-3.986572
-3.170676
-3.210276
-2.908965
-2.649984
-2.588871
-2.003165
-1.220208
-0.859702
-0.739665
-1.043335
-0.755790
0.031364
