0.387313
0.383838
0.598687
1.146807
1.799872
2.227329
2.315743
2.699862
2.659279
2.824006
3.404851
4.028245
4.255997
4.262795
4.611620
4.328199
5.392735
5.415537
5.659582
6.234212
6.380351
6.641990
6.924491
6.690597
6.879416
7.470651
7.911845
7.209978
8.054409
8.188892
8.765679
8.318449
8.772861
8.454813
8.550673
9.388971
9.545267
9.703035
9.478647
9.277703
10.093286
9.761757
9.326809
9.348597
9.712993
10.070250
9.490492
10.242060
10.290146
10.192579
9.512824
9.886725
9.554240
10.316349
9.855693
9.666653
9.990197
9.663682
9.180665
9.251808
9.237603
8.966761
9.541292
9.199733
8.468899
8.507166
8.386604
8.688073
7.894091
7.999533
7.571356
8.128666
7.351030
6.964387
7.108348
6.524260
7.018739
6.346561
6.139216
6.357594
5.548869
5.020023
4.753227
4.718655
4.132301
4.574524
3.482380
3.620114
2.912632
3.475861
3.253821
2.465337
1.980186
2.024776
1.148731
1.207577
1.360862
0.980457
-0.097203
-0.370397
-0.747067
-0.712386
-1.379789
-1.699287
-1.755109
-2.186669
-1.989034
-2.231045
-2.470224
-3.220985
-3.227574
-3.487135
-4.166315
-3.959922
-4.439770
-4.459653
-4.948114
-5.197036
-5.805183
-5.999438
-5.760690
-6.174374
-6.245693
-6.905730
-6.900345
-7.029792
-7.312551
-7.369102
-7.581284
-7.995154
-8.413338
-8.170545
-8.243989
-8.797324
-9.292350
-9.167549
-9.473624
-9.244688
-9.701059
-9.218448
-9.934780
-9.586943
-10.055697
-9.820405
-9.538329
-9.876455
-9.943596
-9.987036
-9.898085
-9.922860
-10.270042
-9.603267
-10.373924
-9.839974
-9.450562
-9.849833
-9.584657
-9.635552
-9.341108
-9.507579
-9.188172
-9.167062
-9.641816
-9.472800
-9.340442
-8.692831
-8.589682
-8.871273
-8.641541
-8.464842
-7.416290
-7.929788
-7.322020
-6.819868
-6.924071
-7.248741
-6.311415
-6.153228
-6.461269
-5.769285
-5.900965
-5.247120
-5.342419
-4.668088
-4.240387
-4.723266
-4.043281
-3.717313
-3.848308
-3.279669
-2.596356
-2.033785
-2.596790
-2.091890
-1.653035
-1.426774
-1.022523
-0.152908
0.045130
0.210912
