0.751379
0.851821
0.724793
1.554583
1.680510
1.394008
2.441577
2.346363
3.268840
3.124862
3.659782
3.798808
3.884226
3.758811
4.065686
4.506558
4.802274
5.142826
5.243166
6.348735
6.619302
6.529028
6.190790
7.238205
7.563425
7.040342
7.710046
8.104705
8.368489
8.191089
8.372612
8.442729
8.689535
9.115399
8.733392
8.581776
9.563512
8.894361
9.745116
9.599649
9.688165
10.020796
10.105165
9.711900
10.140926
9.589113
9.925290
10.278755
9.873523
10.148042
10.366830
10.124389
9.760428
9.900382
10.209076
10.290486
10.068412
10.015252
9.427903
9.946189
9.189677
9.697952
9.236425
8.891352
9.216660
8.928805
8.792284
8.194423
8.153674
8.285401
7.725087
7.376296
7.910189
7.637485
6.785761
6.735460
6.943741
6.621014
6.354167
5.820441
6.020392
5.633916
4.677620
5.102818
4.667299
4.194153
3.905832
3.343343
3.363606
3.405986
2.754183
2.764231
1.863790
2.190305
1.221829
1.415424
0.473594
0.326842
0.454303
-0.024308
-0.457448
-0.760558
-0.450532
-0.808192
-1.831573
-1.916400
-1.869333
-2.786824
-2.344743
-3.566833
-3.064765
-4.055816
-3.710486
-4.237090
-4.473592
-4.934129
-5.021409
-4.877934
-5.126125
-5.932247
-6.242019
-6.058283
-6.209695
-7.107224
-7.448883
-7.278090
-7.882901
-8.196687
-8.222075
-8.189791
-7.900494
-8.803626
-8.383719
-8.289699
-8.452116
-9.340451
-9.507142
-9.223860
-9.796345
-9.631578
-9.703421
-9.826791
-9.563789
-9.717142
-9.491243
-10.355829
-10.335155
-10.347386
-9.846061
-10.126493
-9.734446
-9.830331
-10.119693
-10.389783
-9.778286
-9.857939
-10.071791
-9.509012
-9.809258
-9.325661
-9.788717
-8.946604
-8.799316
-8.714668
-8.598133
-8.860255
-8.943914
-8.585578
-8.299590
-8.525453
-7.412569
-7.487452
-7.123451
-7.074403
-7.313232
-6.948181
-6.648751
-5.925424
-5.632247
-5.480663
-5.821097
-5.271335
-5.208350
-5.167669
-4.829180
-4.590420
-4.016030
-4.051744
-3.427271
-3.207145
-2.868257
-2.676290
-2.224013
-2.012015
-1.297194
-0.808122
-1.033340
-1.105404
-0.471354
-0.047702
