0.035380
0.413747
0.814903
1.487709
1.780419
1.851227
2.200643
2.724519
3.118891
3.292347
3.370017
3.618365
4.133030
4.063130
4.391137
4.970802
4.744341
5.363888
6.006281
5.400570
5.693358
6.541510
6.569453
6.885570
6.731759
7.161449
7.403066
7.503351
8.319612
7.761277
8.393945
8.386531
8.749719
8.730965
8.412987
9.156887
8.733826
8.821251
9.391937
9.442069
9.810937
9.375818
9.299706
10.322063
9.972218
10.252630
9.476003
10.087013
9.866614
10.193483
10.469850
9.495168
9.456112
9.986794
10.017354
9.616437
9.611090
9.372686
9.584497
9.096718
9.360713
9.177028
9.583020
8.721942
8.825916
9.032678
8.831423
8.940222
8.584325
8.278200
7.424704
7.441371
7.821147
7.475085
6.573547
6.681533
6.195593
6.330093
6.553846
5.557065
6.086690
5.455153
5.437658
4.490651
4.143917
4.668749
3.637550
3.795486
3.158069
2.599761
2.933853
2.931268
1.764128
1.794322
1.407111
0.907147
1.303143
0.359514
0.653958
-0.045193
-0.092027
-0.950548
-0.501654
-0.905801
-1.773995
-2.372636
-1.964617
-2.320243
-2.482688
-3.376712
-2.890567
-3.199467
-4.179657
-4.714530
-4.154022
-4.384229
-5.022897
-5.278267
-5.276052
-5.553653
-6.077350
-6.794704
-6.734238
-6.731361
-7.408395
-7.418366
-7.598420
-7.735790
-7.465426
-7.962990
-8.573314
-8.457484
-8.856257
-8.945846
-9.267811
-8.678692
-9.630406
-9.240816
-9.617386
-9.749635
-10.020565
-10.029380
-9.964693
-10.183038
-9.532078
-9.484287
-10.159650
-10.116698
-9.747578
-10.007933
-9.941956
-9.933059
-10.423748
-10.289400
-9.809568
-9.885451
-10.188663
-9.427812
-9.789413
-9.623440
-9.569595
-9.722771
-8.789828
-8.919030
-9.369323
-9.054287
-8.140166
-8.535204
-8.194061
-8.046412
-7.736988
-8.204545
-7.659755
-7.723642
-6.670953
-6.506331
-7.003655
-5.984015
-5.891010
-5.827754
-5.766734
-5.350975
-5.400689
-5.295154
-4.920581
-3.834716
-3.617762
-3.391210
-3.708399
-2.728277
-3.015445
-2.476079
-2.629065
-2.127973
-1.996597
-1.368278
-0.538855
-0.458005
-0.773743
-0.256089
