0.714932
0.226044
0.629268
1.707707
1.888619
1.708615
2.436464
2.483680
2.892394
3.241943
3.706496
4.022504
4.300622
4.122862
4.471941
5.225584
5.090171
5.778272
5.151890
5.509278
6.443859
6.820304
7.023272
6.870466
7.336343
7.284055
7.300123
8.133942
8.010632
8.398968
8.233630
8.483080
8.439606
8.494722
9.194246
9.369797
9.567708
9.269247
8.994283
9.920589
9.681657
9.696548
9.911051
10.032937
9.481735
10.219369
9.485383
10.017915
9.911249
9.746911
10.371831
9.714076
9.813884
9.723275
9.775682
9.666201
9.524084
9.188298
10.051374
9.668354
9.290105
9.108295
8.996208
9.503999
9.163000
8.650545
9.032445
8.768586
8.095195
7.603111
7.650097
8.199361
7.888647
6.797720
7.218023
6.660828
6.607167
6.028771
6.502380
5.978870
5.675215
5.176025
5.456927
5.124450
4.925407
4.727909
4.115372
3.480133
3.769005
3.134779
2.775073
2.293521
2.457203
1.893276
2.054633
0.985197
0.458310
0.614603
0.290648
-0.323136
-0.042724
-0.570885
-0.494505
-0.820626
-1.703415
-2.225055
-1.828818
-2.691553
-3.247250
-3.141942
-3.271885
-3.866562
-4.409420
-4.543300
-4.463875
-4.642046
-4.600919
-5.204414
-5.776866
-6.045396
-6.582329
-6.295426
-6.744521
-7.113868
-7.068863
-7.299460
-7.540435
-7.217416
-8.128148
-8.528626
-8.241038
-8.280608
-8.628446
-8.996304
-9.404072
-9.423744
-9.089100
-9.547678
-9.305531
-9.033532
-9.308112
-9.249946
-10.019538
-9.976048
-10.267703
-10.177601
-10.038440
-9.890754
-10.081861
-10.458771
-9.625325
-10.193173
-10.367343
-10.187376
-9.952572
-9.715864
-9.560823
-9.892484
-9.918450
-9.352925
-9.713631
-8.823221
-9.501544
-9.309474
-8.623084
-8.751490
-8.550344
-8.346645
-8.389390
-8.054764
-7.931939
-7.912229
-7.075851
-7.128438
-7.044972
-6.929161
-6.910757
-6.442166
-6.270240
-6.178635
-5.613703
-5.485140
-5.252458
-4.457263
-4.624791
-4.677671
-3.654794
-3.493131
-3.736028
-2.649484
-2.716977
-2.584403
-2.520102
-1.893603
-1.733262
-1.071564
-1.248436
-0.394533
-0.490961
0.255597
