0.799931
0.376005
1.388006
1.700478
1.079869
2.006983
2.655229
2.210641
2.829234
3.030912
3.175399
3.382855
3.989605
4.113396
5.013954
4.959910
4.843073
5.847567
5.542287
5.517986
6.250108
6.235682
6.819381
7.285618
6.926362
7.718777
7.500063
7.397422
8.152328
8.095526
8.197278
8.197403
8.898812
8.545491
8.823819
8.866734
8.759021
9.243698
9.210355
9.681526
9.395220
9.531199
10.139874
9.879555
9.762206
10.382441
10.388793
9.772050
9.516156
10.118675
9.807694
10.299419
9.685980
9.713075
10.086429
9.368448
9.569198
9.637959
9.780478
9.468854
9.843493
8.987484
8.906545
8.767354
8.873341
8.616572
8.860334
8.930715
8.459463
7.951569
8.033004
8.071564
7.174573
7.708449
6.925824
7.046843
6.611449
6.013646
6.033177
5.650121
5.546738
5.194265
5.250706
4.867711
4.834179
3.975150
4.129316
4.154253
3.686722
2.774739
2.394508
2.578716
2.389514
1.998162
1.265008
0.950817
1.040683
0.145934
-0.183626
0.439776
0.041678
-0.817916
-1.153625
-0.858571
-1.315833
-2.345235
-2.614384
-2.904416
-2.886991
-2.986151
-3.529503
-3.482634
-3.869085
-3.767075
-4.198627
-4.705402
-5.175500
-5.188079
-5.280225
-5.407424
-5.777871
-6.028331
-6.598013
-6.652244
-6.969041
-7.336497
-7.463294
-7.671960
-8.122992
-8.157291
-8.324884
-8.659472
-8.703444
-8.364878
-9.154249
-8.702077
-8.902221
-9.262781
-9.306774
-9.444459
-9.797321
-9.635144
-9.853374
-10.107550
-10.179369
-9.449063
-9.813118
-9.889460
-9.946711
-10.258392
-9.517368
-10.398948
-9.939746
-9.742114
-9.834647
-9.474113
-10.139124
-9.886531
-9.583366
-9.978881
-9.890882
-9.455322
-8.713619
-8.672610
-8.907198
-8.980898
-8.614315
-8.175754
-8.029363
-7.713817
-8.381452
-7.922302
-7.119488
-6.918084
-6.932192
-6.886086
-6.586121
-6.655847
-6.545682
-5.778617
-5.481480
-5.266361
-5.390922
-4.973076
-5.005976
-4.584337
-3.559126
-3.664426
-3.589916
-2.593823
-2.920236
-2.247615
-2.019403
-1.667732
-1.328813
-1.442363
-0.713584
-0.161036
-0.247333
0.266940
