0.091087
0.554385
0.528447
1.065030
1.693100
1.581975
1.904965
2.165557
2.610806
2.706810
3.764106
3.203289
3.495638
4.292986
4.310502
4.561392
4.950498
4.937918
6.101876
6.315069
5.961092
6.214001
6.300212
7.154323
6.761261
7.053163
7.070071
7.603281
7.426087
8.572938
8.294951
8.833593
8.189601
9.082780
8.542582
8.727669
9.368822
9.141071
9.665932
9.735467
9.214003
9.542029
9.905965
10.029057
9.902497
9.642212
10.228910
9.879719
9.766382
9.575984
10.317851
10.354028
9.482759
9.491741
9.599806
9.483148
9.969233
9.572722
9.352974
9.481808
9.279698
8.999249
9.442851
8.724637
8.530244
8.912091
8.359189
8.834614
8.328828
7.718772
7.647876
7.892270
7.309121
7.391063
7.161003
7.023135
6.731812
6.123078
5.802908
5.796013
6.026117
5.483386
5.394330
4.757218
4.169324
4.248390
3.958780
4.095501
3.593165
2.693723
2.988851
2.603911
2.542246
2.270336
1.336275
1.292780
0.738431
1.045504
0.207031
-0.025542
-0.408225
-0.515526
-1.245911
-0.941169
-1.224855
-2.099046
-2.653625
-2.357758
-2.862822
-3.047359
-3.854487
-4.051179
-4.140617
-3.944374
-4.779752
-4.509038
-5.238719
-5.006938
-5.549094
-5.495213
-6.097354
-6.382313
-6.728656
-7.169563
-7.142797
-7.188194
-7.345694
-7.563526
-7.569691
-7.615602
-8.049310
-8.265887
-8.591434
-8.516826
-8.816654
-9.289565
-9.424386
-9.314426
-9.111296
-9.475684
-9.220305
-9.243339
-10.088256
-9.347617
-9.390624
-10.095336
-9.661042
-9.612444
-9.940363
-9.559981
-10.453192
-9.657792
-10.181087
-9.839019
-9.659992
-9.632188
-10.095227
-9.247388
-9.381152
-9.211800
-9.443209
-9.328023
-9.595774
-8.716179
-8.513675
-8.923262
-8.135156
-8.057548
-8.683420
-8.563717
-8.101538
-7.405209
-7.160645
-7.383951
-7.440647
-6.914043
-6.328910
-6.409894
-6.115825
-6.061625
-5.554385
-5.061951
-4.977598
-4.587408
-4.841758
-4.436701
-3.559718
-3.895054
-3.292675
-3.260068
-2.800834
-2.723534
-2.354885
-1.676345
-1.317780
-1.058658
-0.797347
-0.638119
-0.633746
-0.234488
