0.710825
0.296073
0.538979
1.637785
1.705538
2.168457
1.965588
2.093038
3.191387
2.741766
3.607077
3.692000
4.266545
3.984708
4.397669
5.208155
5.201214
4.895960
5.614332
5.416223
6.088957
6.853219
6.186311
6.636175
6.812836
7.207090
7.278273
7.483967
8.081227
8.521424
7.857960
8.798078
8.324203
9.177739
8.506129
8.637585
9.592880
9.086627
9.596444
9.310265
10.061801
9.803277
9.646437
9.742456
10.315339
10.028159
9.563346
9.719947
10.026405
9.636448
9.783907
9.836508
9.863641
10.018646
10.074301
9.788416
10.033738
9.785240
10.010365
9.953330
9.786235
9.125469
9.538842
8.588752
9.311868
8.751410
8.565300
8.070741
7.835511
8.146912
7.997608
7.973499
7.635167
7.122912
7.463851
6.938694
6.993869
6.330077
5.657510
6.318683
5.552073
5.001086
5.563315
5.182437
4.873544
4.212390
4.070949
4.009107
3.120847
3.085584
2.410448
2.343144
2.663061
1.555349
1.912404
1.656067
0.726447
0.768203
0.728903
0.201206
-0.425399
-1.022468
-1.143512
-1.477560
-1.986611
-1.717824
-2.063423
-2.465964
-3.059651
-3.329776
-3.566133
-3.187655
-3.755730
-4.707385
-4.665444
-5.191559
-5.056218
-5.633109
-5.645328
-6.117580
-6.502131
-5.952065
-6.180716
-7.229177
-7.199883
-7.443611
-7.293069
-7.924346
-8.035798
-7.933975
-7.997867
-8.390193
-8.988542
-8.637412
-8.809099
-8.945935
-8.783944
-9.133373
-9.174920
-9.040741
-9.817944
-9.388597
-9.662137
-9.502294
-9.924490
-9.722921
-9.952254
-9.491867
-10.102079
-10.305858
-10.484683
-9.648238
-9.770503
-10.282963
-10.307522
-9.843665
-10.176242
-9.743554
-10.041829
-9.198088
-9.319326
-9.652577
-9.569423
-9.375880
-8.719443
-8.361949
-8.543772
-8.214144
-8.219352
-8.249428
-8.082999
-8.104082
-7.561501
-7.639442
-7.103461
-6.386181
-7.021835
-5.949952
-6.170988
-6.350460
-5.924592
-5.435534
-5.138621
-4.641377
-4.141225
-4.164512
-4.145588
-3.642617
-3.493955
-3.037596
-3.163634
-2.710837
-2.387090
-1.590932
-1.358292
-1.235243
-0.557256
-0.896306
-0.155486
0.105611
