0.129481
0.994082
0.846476
1.307781
1.428961
2.283835
2.387674
2.696986
3.219604
2.782971
3.815145
3.553134
4.008932
4.304490
5.014087
4.632394
5.448651
5.184427
5.336966
5.405839
5.795315
6.775466
6.598833
6.501461
7.295255
7.780739
7.741940
7.545475
8.375478
8.088572
8.370832
8.257611
8.722282
8.354698
9.138955
9.523677
9.616814
9.725979
9.695391
9.321025
9.574271
9.907779
9.612227
9.652434
9.532422
9.435239
9.496810
9.643657
9.896062
10.406973
9.734077
10.314595
9.496390
9.631988
10.104292
9.956118
9.984337
9.440598
10.096718
9.624818
8.938180
9.395926
9.361394
8.822316
8.961292
8.623539
8.367664
8.574993
7.896641
8.382257
7.510854
8.024149
7.976610
7.461451
6.609885
7.261081
6.444857
6.721108
6.060550
5.446417
5.323097
4.943894
5.132681
4.452798
4.930829
3.895695
4.361204
3.906215
3.499716
2.757681
3.202341
2.334693
1.861251
2.036028
1.643586
0.983520
1.119993
0.631112
0.155271
-0.043006
-0.179274
-0.602288
-0.881542
-1.643098
-1.419461
-1.630047
-2.240420
-2.943180
-2.907343
-3.414660
-3.290160
-3.802033
-3.716490
-3.840389
-4.526148
-5.165619
-5.375905
-4.978091
-5.467047
-5.691296
-6.048183
-6.489889
-6.141673
-6.883099
-7.169656
-7.215188
-7.134627
-7.567868
-8.391414
-7.884542
-8.349338
-8.927142
-8.273062
-8.605277
-9.301574
-9.186130
-8.942489
-9.588338
-9.051310
-9.134087
-9.928761
-9.720841
-9.354917
-9.593305
-9.468494
-9.703954
-9.972606
-10.025898
-9.711755
-10.276098
-9.669435
-10.077709
-9.526001
-10.321108
-9.967215
-9.965492
-10.094705
-9.663542
-9.892085
-9.646926
-9.632571
-9.117519
-8.996797
-8.942570
-8.480393
-8.286966
-8.670488
-8.381988
-8.548967
-8.085997
-7.946539
-8.168030
-7.638611
-6.913447
-7.522447
-7.095442
-6.891597
-6.695725
-6.214364
-5.526167
-5.238006
-5.330159
-4.850278
-4.810216
-4.202926
-4.005519
-4.227520
-3.659218
-3.280014
-2.961825
-2.827260
-2.354422
-2.242169
-1.801187
-1.817452
-1.391916
-1.058815
-0.950403
-0.168168
0.381146
