0.102608
0.245830
1.140401
1.367068
1.542841
1.850342
2.365315
2.824442
3.098349
3.442158
3.067361
3.190850
3.635893
4.116565
4.304640
4.727730
4.899667
5.669204
5.272012
6.104917
6.451219
6.083187
6.473449
6.463758
6.777432
7.504192
7.170609
7.845868
7.635995
8.480656
8.470547
8.214777
9.096344
8.981971
9.210660
9.387561
9.286752
9.608589
9.065454
9.742809
9.685346
9.607960
9.413030
10.138017
9.632794
10.376713
9.603189
10.210323
10.227552
10.398536
10.136530
10.249077
10.230260
9.838342
10.303933
9.746430
9.353665
9.632352
9.130917
9.437743
9.235841
8.909533
9.008057
9.006093
8.837161
8.884761
8.459749
8.436083
7.871201
7.946696
7.775649
7.673466
7.318810
7.227053
7.166528
6.519486
6.141565
6.629060
6.052029
5.606290
6.083375
5.356905
4.762893
5.014807
4.799752
3.843350
3.536500
3.903546
3.583146
2.778999
3.217977
2.386666
1.818486
1.694827
1.985949
1.382220
1.014280
0.953545
0.662485
-0.302564
-0.659827
-0.582575
-0.890791
-1.335279
-1.387664
-1.908690
-2.578830
-2.095181
-2.351843
-2.884097
-2.949058
-3.291189
-3.580681
-3.954798
-4.411402
-5.127267
-5.392046
-5.423058
-5.895416
-6.008206
-6.620048
-6.490100
-7.069466
-7.326534
-7.309654
-7.676747
-7.973900
-8.098780
-8.123736
-8.345787
-8.533416
-8.676169
-8.726946
-8.683705
-8.864232
-8.582500
-8.901281
-9.477445
-9.004905
-9.954032
-9.193465
-9.918775
-9.672921
-10.080008
-10.313452
-9.895261
-9.521209
-9.832976
-10.351814
-10.212376
-10.410789
-10.215644
-10.032232
-10.386106
-9.471246
-9.454485
-9.496127
-9.409821
-9.464439
-9.573276
-9.858740
-9.591033
-8.705969
-9.002260
-8.470407
-8.304015
-8.126798
-8.381091
-8.271603
-7.671670
-7.844634
-8.027028
-7.195170
-6.901882
-7.295382
-6.578890
-6.246119
-6.170052
-6.118144
-5.828409
-5.377057
-5.205874
-5.265941
-4.337583
-5.025504
-4.352409
-4.336182
-4.057657
-3.229937
-2.678042
-3.277111
-2.844248
-1.870282
-1.857464
-1.386319
-0.798875
-0.462215
-0.881419
-0.469872
-0.431931
