0.497186
0.414862
0.526372
0.782596
1.952114
1.888142
1.841082
2.777107
2.689303
3.291274
2.931065
4.052874
4.065549
4.117574
4.186755
4.388867
4.681062
5.220424
6.109280
6.085396
6.219656
6.009767
6.927367
6.397417
7.497372
7.083689
7.641222
7.934894
8.034838
8.197242
8.144591
8.733141
8.925671
8.696211
8.560017
9.170328
8.798383
8.979168
9.841529
9.821935
9.640398
9.979100
9.461207
10.057229
10.357987
9.788939
9.706503
10.350141
9.820361
9.581938
9.594082
10.221116
10.124470
9.981462
10.164544
9.648527
9.750500
10.144032
9.649464
9.036285
9.263924
9.163480
8.718020
9.181244
9.175440
8.818543
8.941763
8.194711
8.295989
8.041536
7.866066
7.810688
7.169115
7.521447
6.621718
6.929102
6.592461
5.961222
6.512322
6.191954
5.362592
5.493469
4.753186
4.661882
4.637172
4.306622
3.713089
3.225849
2.892928
3.206102
2.593684
2.931078
1.705922
1.551228
1.821618
0.814459
1.114292
0.416463
0.273016
-0.123262
-0.660078
-0.714528
-0.886783
-0.871590
-1.975630
-2.149630
-2.059837
-2.554303
-2.440742
-2.662976
-3.624999
-3.962944
-3.981010
-4.529392
-4.753433
-5.301744
-4.611536
-5.493644
-6.044142
-5.711976
-5.733578
-6.431988
-6.588508
-6.833223
-6.819693
-7.058836
-7.503425
-8.072016
-8.380168
-7.962769
-8.060816
-8.369071
-8.736028
-8.505805
-8.520280
-9.478658
-8.906152
-9.143747
-9.485581
-9.451057
-9.990474
-9.266391
-10.169955
-10.148383
-9.604881
-9.857614
-9.777007
-9.709681
-10.121213
-9.900587
-10.064965
-10.088110
-10.451572
-10.345160
-9.394931
-10.090207
-9.685183
-9.403566
-9.910670
-9.829449
-9.838870
-9.590717
-9.189904
-9.449664
-9.158579
-8.382250
-8.270193
-8.875269
-7.857618
-7.696805
-7.963129
-7.694382
-7.795104
-7.729457
-6.961223
-7.114892
-6.435366
-5.885188
-6.046338
-6.036768
-6.064108
-4.858568
-5.084934
-4.573114
-4.402604
-3.993608
-3.836255
-3.550353
-3.434417
-2.730386
-2.608258
-2.643283
-2.249812
-2.323602
-1.415783
-0.795759
-1.087357
-0.578019
-0.002107
-0.007512
