0.351178
1.049009
0.955334
1.488371
1.658922
1.402063
2.680934
2.590230
2.447253
2.601424
3.761353
3.520708
4.064661
3.838236
4.528266
4.897876
5.572637
5.477293
5.802293
6.172740
6.020139
6.782944
6.626167
7.297039
6.976926
7.227984
7.016735
7.500376
7.650496
7.600330
8.734926
8.063590
8.642511
8.746813
8.515090
8.724738
9.345685
9.771073
9.260001
9.919178
10.046483
9.946989
9.350543
9.375063
9.663102
9.878075
9.971195
9.955454
9.548335
9.737562
9.626624
9.577016
9.729243
9.830838
9.430285
9.721478
9.740777
9.757601
9.616715
9.769888
9.199667
9.093196
9.039791
8.729423
8.816678
8.648658
8.731354
8.286622
8.139674
7.958240
8.347672
7.456714
7.325652
7.296299
7.376566
7.169525
6.278742
6.406294
5.647898
5.674829
5.301557
5.648595
4.611879
5.103872
4.534956
4.284370
4.389259
3.183826
3.614588
3.099209
3.024410
2.595443
2.014951
1.550726
1.988031
1.122686
1.025894
0.816842
0.540541
-0.411050
-0.445424
-0.820256
-0.563146
-1.601438
-1.956169
-1.423090
-2.096535
-2.314642
-2.678297
-3.582365
-3.499582
-4.069646
-3.881828
-3.846801
-5.034682
-4.739196
-5.310877
-5.565195
-5.774576
-5.851424
-6.412820
-6.758939
-6.583056
-7.255760
-7.384293
-7.054317
-7.652131
-7.579718
-7.598906
-7.614033
-7.891429
-8.666153
-8.130369
-8.434340
-9.093891
-8.845582
-9.001367
-9.717180
-8.942918
-9.259360
-9.264847
-10.081490
-9.681593
-9.354190
-10.040891
-9.801955
-9.810845
-9.557548
-10.344466
-10.425700
-9.497696
-9.625165
-10.299600
-9.527989
-9.506102
-9.708640
-9.608909
-9.675429
-9.283141
-9.908547
-8.942032
-9.119255
-8.805317
-8.837041
-8.529874
-8.616646
-8.271350
-8.807681
-7.838384
-7.743690
-8.276469
-7.567994
-7.195384
-7.509045
-7.532865
-6.359297
-6.381024
-6.135884
-6.125160
-5.848472
-5.627821
-5.475973
-4.987343
-5.114519
-4.543928
-4.566505
-3.497949
-3.556410
-3.205503
-3.165326
-3.259300
-2.161700
-2.529827
-1.522468
-1.854432
-1.109159
-0.769717
-0.202451
-0.337428
-0.480375
