0.085356
0.321928
1.249872
0.859394
1.841345
1.469748
2.143384
2.927271
2.926474
2.730704
3.674881
3.838778
4.193077
3.929545
4.895813
5.108493
5.570773
5.170837
5.261015
6.200533
5.952134
6.641324
6.980866
6.366672
7.442773
7.219132
7.650476
7.734353
7.634812
7.732568
8.184894
8.383721
8.146210
8.841981
8.987505
8.595299
8.854562
9.069474
8.923749
9.645901
9.614130
9.775363
9.637715
9.627116
9.458333
10.018462
9.987399
9.973483
10.147125
10.354572
9.904284
9.608363
9.852252
10.133190
10.269602
9.749716
9.714167
9.393265
9.600052
9.792006
8.911643
9.265284
8.891726
8.958319
9.120536
8.699839
9.063084
8.053464
8.062208
8.138664
8.103493
7.650491
7.847995
7.219884
7.272390
7.275063
6.321750
6.638660
5.977867
5.893458
6.047206
5.415167
5.590233
4.682161
4.320295
4.502153
4.061369
3.419792
3.130536
2.645706
2.939356
2.645739
2.258678
2.201027
1.958464
1.233992
0.594426
0.872792
0.762121
-0.061010
-0.382987
-0.786947
-1.157656
-1.709704
-1.950956
-1.391956
-2.106553
-2.617603
-3.282729
-2.639003
-2.894262
-3.465563
-3.929196
-4.028819
-4.309990
-4.421997
-4.608205
-5.469244
-5.144366
-6.285897
-6.358289
-5.998648
-6.520999
-6.451213
-6.868169
-7.334574
-7.896122
-7.693027
-7.680727
-8.434794
-7.955968
-8.142633
-8.826459
-8.809412
-8.678639
-9.468067
-9.044322
-9.133347
-8.941103
-9.561056
-9.875975
-9.460046
-9.722829
-10.002024
-9.468021
-10.180548
-10.148098
-10.319896
-9.873005
-9.960386
-9.640409
-10.463861
-9.470959
-10.191442
-9.410124
-10.249089
-9.463181
-10.077017
-9.647805
-9.434954
-9.439884
-9.430070
-9.478693
-8.768003
-8.870490
-9.127878
-8.891238
-8.307445
-8.502854
-8.016141
-7.634468
-7.432118
-7.031941
-7.610352
-7.545440
-7.325276
-6.729912
-6.468195
-6.153407
-5.637490
-5.169799
-5.200786
-5.005159
-5.298697
-4.099342
-4.277781
-4.104592
-3.199709
-3.824493
-3.007372
-2.887132
-2.691165
-2.304148
-1.651952
-1.927125
-1.302460
-0.988112
-1.022306
-0.707440
-0.457683
