0.658919
0.458147
1.205207
1.245587
1.675938
1.430825
2.266514
2.172876
3.139957
3.438664
3.650203
3.291980
3.615604
4.658446
4.133238
4.522132
5.444522
5.001458
5.791382
5.904588
5.875088
5.944304
6.682559
7.251464
7.298137
7.027056
7.484439
7.835766
8.389673
7.947488
8.273083
8.512685
8.504453
9.227728
8.817234
8.712000
8.689284
9.670398
9.180646
9.515816
9.693023
9.489236
9.500941
9.852235
9.607108
10.131863
9.695899
9.503180
10.218975
9.763090
9.838989
10.037875
10.123210
9.492951
9.711058
9.350796
9.959312
9.727355
9.228504
9.245919
9.436291
9.392112
9.481085
9.429247
9.058739
8.875735
9.073162
8.358426
8.510039
7.769244
8.157955
7.997679
7.539383
6.900278
6.704552
6.404117
7.045227
6.097999
5.732796
5.745211
5.477272
5.384214
5.153645
4.953986
4.857593
3.858843
3.680724
4.079247
3.483149
2.871372
2.608878
2.255171
2.402284
1.442590
1.627972
1.743305
0.872939
0.398704
-0.105902
0.031115
0.182408
-1.065784
-1.037473
-1.348207
-1.916156
-1.543956
-1.919269
-2.547564
-2.689774
-2.798211
-3.592910
-3.789353
-4.434271
-4.408673
-5.001091
-4.630324
-5.533232
-5.385112
-5.643077
-5.521589
-6.524398
-6.577221
-6.300943
-6.392127
-6.722458
-7.706744
-7.173978
-7.410294
-7.519707
-8.473753
-8.117767
-8.875708
-8.426157
-9.199026
-8.746880
-9.478943
-9.407638
-8.978863
-9.780686
-9.280461
-9.519840
-9.886479
-9.686079
-9.701751
-10.247882
-10.378889
-9.630964
-9.711165
-9.925080
-9.965095
-10.338393
-9.674321
-10.059957
-9.565912
-9.969437
-10.321540
-10.098352
-9.349438
-10.093730
-9.686758
-9.755785
-8.887798
-8.722299
-8.878463
-8.807788
-8.457166
-9.064279
-8.471011
-8.691477
-7.977619
-7.749653
-7.549889
-7.340548
-7.142777
-7.567945
-6.641840
-6.182141
-6.805840
-5.921453
-5.481142
-5.293201
-4.931157
-5.385171
-5.063850
-4.106605
-3.811983
-3.599990
-3.744647
-3.427404
-3.492228
-2.415314
-2.734097
-2.543205
-1.948049
-2.042577
-0.886720
-1.193223
-1.111039
0.038545
0.422103
