0.748060
0.736066
1.271995
1.705283
1.798455
1.465373
1.708335
2.683780
2.762363
3.504216
3.359996
3.587024
4.077498
3.864073
4.810430
5.088688
5.412277
5.452708
5.189501
5.725985
6.514660
6.734662
6.233575
7.025717
6.763205
7.061875
7.055893
8.185034
7.763676
8.000735
7.987045
8.262685
8.154567
8.318646
8.747833
9.275511
8.895905
9.347768
9.800795
9.864880
9.637932
9.949601
10.161802
9.384982
9.548409
10.094219
9.536910
10.069996
10.242066
9.565791
10.429581
9.569987
9.637343
10.337483
10.218100
9.568277
9.387458
9.726233
9.608413
9.020366
9.412813
9.791240
9.092965
9.060119
9.053320
8.322316
9.081570
8.676101
8.049396
7.685828
7.911855
8.191244
7.849071
7.410432
6.992458
6.795856
6.302494
6.681200
5.688668
6.051249
5.605575
4.965531
5.004362
4.585954
4.385192
4.500233
4.255988
4.091774
3.129486
3.373498
2.945089
2.739957
2.404525
1.424749
1.506214
1.672183
0.533315
0.639173
-0.183467
-0.452076
-0.314623
-0.460505
-1.263107
-1.409650
-1.098578
-1.471573
-2.020057
-2.146694
-2.469594
-2.810945
-3.381656
-4.062969
-3.987983
-4.027556
-4.691423
-4.590122
-5.015666
-5.331059
-5.287336
-5.571746
-6.628632
-5.934796
-6.273094
-6.714993
-7.297630
-7.243523
-7.833879
-8.023836
-7.466838
-8.029371
-7.783590
-8.575367
-8.399751
-8.631174
-8.526728
-9.474436
-9.018481
-9.062672
-9.428095
-9.283755
-9.436259
-9.331568
-9.940234
-9.814689
-9.780495
-9.512534
-10.000743
-10.234622
-9.713990
-9.549715
-10.314273
-9.964410
-10.204178
-9.733184
-10.053605
-9.767469
-9.967903
-9.386934
-9.799565
-9.865127
-9.721535
-9.720633
-8.779173
-9.128965
-9.120958
-8.983715
-8.794666
-8.061125
-8.192378
-8.404635
-7.587000
-7.845251
-7.404054
-7.234614
-6.936235
-7.226388
-6.227560
-6.866113
-6.407364
-5.623134
-5.702277
-5.424406
-5.347373
-5.149154
-4.872647
-3.800643
-3.738062
-4.016089
-3.168274
-2.639554
-2.393574
-2.168254
-2.431011
-1.436914
-1.160269
-0.829487
-0.815142
-0.319265
-0.426628
-0.266938
