0.132641
0.737919
1.070687
1.403321
1.668584
1.463693
2.459212
2.637014
3.274832
3.333162
3.115362
3.846400
3.794030
3.761361
4.411277
5.119819
5.304131
5.129927
5.206837
6.359053
6.376584
6.182610
6.768317
6.591528
6.687154
7.784041
7.362622
8.151944
7.519051
8.261728
8.186610
8.847994
8.739551
9.211233
9.146979
9.058160
9.032843
9.118611
9.539767
9.121818
9.151215
10.065545
9.287259
9.512627
9.627402
10.377980
9.780154
9.805068
10.023883
9.520703
10.381379
10.164070
10.082922
10.151198
9.547638
9.806117
9.618253
9.266006
9.280426
9.315542
9.455263
9.420560
9.544208
9.460048
9.227330
8.426317
9.051493
7.990501
8.131849
7.838197
7.833344
8.130547
7.744613
7.758084
7.499863
6.680393
6.771901
6.675530
6.589745
5.695459
5.403349
5.334372
5.580733
5.005890
4.664831
4.029521
3.511395
3.560465
3.171717
3.587148
2.629059
2.674194
1.945083
1.609246
1.827971
0.843057
1.018339
0.398146
0.712477
0.337632
-0.453148
-0.167319
-1.438638
-1.218546
-1.292879
-1.402767
-1.685356
-2.195874
-3.235194
-3.202579
-2.969283
-3.538035
-3.948952
-3.791384
-4.068509
-5.074103
-4.903418
-5.551633
-5.702144
-6.289177
-6.492856
-6.285882
-6.339295
-6.404948
-7.461636
-6.806099
-7.291996
-7.473679
-8.352973
-8.472756
-8.043960
-8.199790
-8.751183
-8.391827
-8.485794
-8.604957
-9.665003
-9.254761
-9.780485
-9.016113
-9.887347
-9.202827
-9.279878
-10.185714
-9.623994
-9.427529
-9.841258
-9.484321
-9.567492
-10.434519
-10.306338
-10.473872
-10.291197
-9.525560
-9.961137
-9.932984
-9.850447
-9.495970
-9.318200
-9.891354
-9.392224
-9.179907
-8.820898
-8.582985
-8.819885
-8.617165
-8.273147
-8.285932
-7.874745
-8.245931
-7.751001
-7.651898
-7.899895
-7.232927
-6.887466
-7.282531
-6.560229
-6.118817
-6.034431
-6.106898
-5.264208
-5.347063
-4.935934
-4.633156
-4.681599
-4.670863
-3.775109
-3.662025
-3.436391
-3.197350
-2.381369
-2.876520
-2.499532
-1.484921
-1.092263
-1.545290
-0.595382
-0.500446
0.070305
0.386460
