0.656814
0.172682
1.321182
1.405390
1.647582
1.618711
2.644099
2.982322
2.316659
3.426087
3.582635
4.089913
3.786922
4.483109
4.454136
4.659915
4.655355
5.252821
5.744088
5.973928
6.415955
6.473368
7.067188
6.926308
7.548614
7.496869
7.235627
7.954199
7.684750
8.167609
8.562401
8.842989
8.406834
8.383984
8.458633
8.641756
9.515005
8.958088
9.592855
9.653460
9.981861
10.154528
9.352729
10.148652
9.927563
9.758195
10.272900
9.668546
10.408194
9.653889
9.935734
10.343952
9.770406
9.761436
9.382002
10.253607
9.423924
9.491129
9.325456
9.823527
9.254584
9.002519
8.890517
9.119607
8.551464
8.760063
8.961117
8.114749
8.183386
8.276947
8.336604
8.053824
7.533678
7.227751
7.164884
7.232849
6.114494
6.808972
6.280620
6.060030
6.008012
5.168788
5.292312
4.863731
4.348848
4.547503
4.248469
3.300287
3.817918
3.189684
2.663451
2.401351
1.762574
1.826034
1.695973
1.417715
1.052853
0.937427
0.367051
-0.132883
-0.725632
-0.757546
-1.425413
-0.923841
-1.438286
-1.953885
-2.495915
-2.715391
-2.377695
-3.504569
-2.936984
-3.769754
-4.397242
-3.858557
-4.865265
-4.966927
-4.603724
-5.279007
-5.841806
-5.648082
-5.954842
-6.673125
-6.636908
-6.392159
-7.360864
-6.821408
-7.004277
-7.525052
-8.328893
-7.821613
-7.800186
-8.315489
-8.144678
-8.273785
-8.785736
-9.425352
-9.221156
-9.456889
-9.194874
-9.764452
-9.420017
-9.694069
-10.072703
-9.528193
-10.270996
-10.124326
-10.175357
-9.663702
-9.870462
-9.575935
-10.307906
-10.203945
-9.988038
-9.758350
-9.835624
-9.454200
-9.734374
-9.680349
-9.170620
-9.843367
-9.079071
-8.853238
-9.588892
-8.552767
-8.653921
-8.812182
-8.598276
-8.569861
-8.355252
-8.089614
-8.340568
-7.700990
-7.923888
-7.529012
-7.474382
-6.392645
-6.145818
-6.207611
-5.821240
-5.539304
-5.749645
-5.103703
-5.410392
-5.079094
-4.043716
-4.592482
-4.020540
-4.162539
-2.990469
-2.769376
-3.161149
-2.937981
-2.552818
-1.810862
-2.027922
-1.655670
-0.711179
-0.548871
-0.096965
0.053519
