0.364160
0.804954
1.151405
0.932525
1.583821
2.051081
2.177128
2.432252
3.235864
2.924374
3.433461
3.548606
3.758291
4.649689
4.641616
4.994664
4.994578
5.295472
5.584780
5.749645
5.663946
5.930833
6.313708
6.725872
6.632006
6.844360
7.158119
7.985885
7.664291
8.216248
8.206691
8.358090
8.150107
8.379468
9.020457
9.448031
8.826229
8.910278
9.174426
9.828744
10.042480
9.671020
9.929048
9.599304
9.801676
9.974187
9.777732
9.933856
9.504255
9.554813
10.412828
9.819399
9.519929
10.146930
9.455367
9.825866
10.072170
9.259618
9.489808
9.924470
9.132795
9.482076
9.461389
9.153982
9.187096
8.444743
8.886374
8.372786
8.635582
8.338417
7.662961
7.685199
7.084862
7.043207
7.180042
6.703940
6.273671
6.413294
6.085145
5.807664
5.234508
5.561776
4.695740
4.828035
4.561945
4.592362
4.110730
3.427528
3.725764
3.354367
2.397960
2.761839
2.099810
2.073006
1.799813
1.667671
0.574812
0.848124
0.082729
-0.427068
-0.656693
-0.818576
-0.885450
-1.018396
-1.170177
-2.293886
-1.908096
-2.253498
-2.622966
-3.459407
-3.684368
-3.319852
-3.886963
-4.091075
-4.251150
-4.874780
-4.925483
-5.800566
-5.484936
-5.986411
-5.834547
-6.510829
-6.508377
-6.874598
-6.778152
-7.400007
-7.435816
-7.397346
-7.716938
-7.892771
-8.458965
-7.974439
-8.458037
-8.944086
-9.211452
-8.560271
-8.974515
-9.047994
-9.320117
-9.640782
-9.383345
-10.175746
-9.302730
-9.368516
-9.638419
-10.228611
-10.058461
-9.774622
-9.715432
-10.250584
-9.678948
-9.659290
-10.162368
-9.580237
-9.830862
-9.559350
-9.977642
-9.617035
-9.393725
-9.865263
-9.564610
-9.227686
-9.389862
-9.336227
-8.631364
-8.489010
-8.119166
-8.203318
-8.070851
-8.162421
-7.962027
-7.378554
-7.046297
-7.485207
-7.454215
-7.245249
-6.872026
-6.656828
-6.477563
-5.743811
-5.537944
-5.145188
-4.839312
-4.999394
-4.316710
-3.990064
-4.147803
-3.905566
-3.764607
-2.934352
-3.251734
-2.948199
-2.644726
-1.873363
-1.724332
-1.611083
-0.921553
-0.978037
0.150565
-0.043897
