0.629230
0.874241
0.644292
0.834662
1.916742
1.556926
1.933039
2.141056
2.880939
3.285475
3.274070
4.026517
3.481704
3.917710
4.551795
5.243658
5.093264
4.908130
5.872211
6.232522
5.839411
6.624980
7.038236
6.749513
7.339768
7.762641
7.238503
8.028026
7.819323
8.171941
7.805859
8.347996
9.099525
8.364367
9.323370
8.807332
9.487337
9.449081
9.802271
9.191682
9.555511
9.231186
9.267946
10.101412
9.518927
9.817594
10.429271
9.975956
9.929125
9.700302
10.346720
9.501246
10.260040
10.297831
10.311990
10.195188
9.793711
9.427644
9.395429
9.242304
9.047288
9.149661
8.842724
8.724899
9.260461
8.480893
8.907294
8.387608
8.634062
8.421156
7.787202
7.658628
7.816344
7.076988
7.558237
6.962382
7.057685
6.256005
5.694970
5.940256
5.400593
5.453899
4.923314
5.277933
4.527426
3.910463
3.975312
3.548552
3.059480
3.094794
2.394779
2.943961
1.739154
2.093696
1.866974
1.012238
0.939712
0.828953
0.539370
-0.338005
-0.812143
-0.878354
-0.522027
-0.944628
-1.119578
-1.421365
-2.371595
-2.634784
-3.000357
-2.650467
-3.413162
-3.629009
-3.951572
-4.399664
-4.515437
-4.508959
-5.022957
-5.542074
-5.362246
-5.402773
-6.371158
-6.425464
-6.602180
-6.870094
-7.014987
-7.514112
-7.680829
-7.721258
-8.387183
-8.546196
-8.310971
-8.343697
-9.103935
-8.794280
-8.943080
-9.526180
-9.512569
-9.252121
-9.417617
-9.146749
-9.883181
-9.905894
-9.590577
-9.810391
-9.445244
-10.143472
-9.519172
-9.519117
-9.739655
-9.855732
-9.851182
-9.669677
-9.721405
-10.173138
-10.214820
-9.601130
-10.202422
-9.235144
-9.555994
-9.833967
-9.304323
-9.070826
-9.486822
-9.521304
-8.474508
-8.719056
-8.801496
-8.645571
-8.682304
-8.055193
-7.434483
-7.951470
-7.755510
-7.443110
-6.734160
-7.215725
-6.374281
-6.063378
-6.379666
-5.869306
-6.071383
-5.339966
-4.695180
-5.136234
-4.082949
-3.948149
-4.310436
-3.602935
-3.626319
-2.929087
-3.286387
-2.730450
-1.841763
-2.295411
-1.990959
-0.864313
-0.606128
-0.230369
0.182380
0.283723
