0.024709
0.653331
1.294229
1.410458
1.350662
1.487651
1.943132
2.100500
3.074573
3.450263
3.140312
3.855174
3.565533
4.001668
4.533868
4.450292
4.979877
5.606192
5.550130
6.207911
6.570189
6.642233
6.702560
6.462308
7.047079
7.066521
7.897503
7.705061
8.138651
8.079633
8.073386
8.470832
9.075376
8.910688
8.824285
9.171974
9.229593
8.876211
9.050528
9.250666
9.693296
9.931672
9.939367
9.777747
9.736976
10.180201
9.651738
9.494645
9.552868
9.835115
10.158188
9.994363
10.190931
9.827178
10.341168
9.825362
10.112919
9.734096
9.965755
9.703494
9.230834
9.595386
9.325278
9.495824
8.888343
8.313489
8.847122
8.326947
8.687365
8.274916
8.356580
8.158546
7.560325
7.173791
7.358062
6.788288
6.903332
6.496463
5.994338
5.496736
6.031596
5.456077
4.770671
5.236319
4.080975
3.903927
3.476554
3.871836
3.802788
3.463905
2.958296
2.095739
2.179609
2.005438
1.334575
1.216553
1.157806
0.799800
0.759535
-0.180594
0.122692
-0.497023
-1.421933
-1.109033
-2.057027
-1.827947
-1.724107
-2.595504
-3.021729
-3.518488
-2.901385
-4.083973
-4.423025
-3.915158
-4.956959
-5.137836
-5.189939
-5.291863
-5.783167
-5.418739
-5.768857
-6.014529
-6.654899
-6.614429
-7.180000
-7.457713
-7.455467
-7.898437
-7.989594
-8.133170
-7.987490
-8.084306
-8.372662
-8.338689
-8.843574
-9.134236
-8.891379
-9.019323
-8.923908
-9.605452
-9.137004
-10.170040
-9.429649
-9.965675
-10.275604
-9.894886
-9.624940
-9.588219
-10.142514
-9.789312
-9.661640
-9.923574
-9.921610
-9.767346
-9.912499
-10.245645
-10.158694
-9.567431
-9.214869
-9.349313
-9.107078
-9.189596
-9.072559
-9.118330
-9.318716
-8.738647
-8.445762
-8.102358
-8.310266
-7.846798
-7.782565
-7.689268
-7.177346
-7.522790
-6.612381
-6.786047
-6.602558
-6.589312
-5.668893
-5.889220
-5.129891
-5.518315
-4.740288
-5.011357
-4.859864
-3.842608
-3.927266
-3.350494
-3.784524
-2.709206
-2.754850
-2.056637
-2.365193
-1.795682
-1.815177
-0.830330
-1.140721
-0.832445
-0.240164
0.478764
