0.189221
0.601692
1.228393
1.487757
1.934668
2.283347
2.118608
2.615070
2.893418
3.302250
3.115525
3.257735
4.151961
3.814997
4.490684
4.671410
5.074388
5.303878
5.590135
5.721109
5.881424
6.722930
6.392170
6.606942
7.319852
6.797565
7.334732
8.001390
8.369118
7.659352
8.514782
8.364618
8.550995
8.764179
9.310157
9.160333
9.488450
9.791226
8.960644
9.831550
9.973295
9.529431
9.304999
9.830158
10.081576
9.774440
9.542729
10.273664
10.327919
9.675478
9.636618
10.395314
9.968704
9.494683
9.832442
9.393250
9.510947
9.891231
9.909137
9.151354
9.176280
8.956615
8.686810
8.724075
8.762702
8.896693
8.181324
8.805019
8.533200
8.100719
8.098219
7.727235
7.525706
6.977498
7.158706
6.469717
6.963963
5.926065
5.812343
5.617002
5.450461
5.516497
4.712122
5.300373
4.492543
4.323564
3.522517
3.635115
3.624461
3.170491
3.040371
2.562379
2.426503
1.413929
1.578670
0.769694
0.604247
0.571431
0.645950
-0.354127
-0.164995
-0.266136
-0.985522
-1.362318
-1.615885
-1.996203
-2.475245
-2.704781
-2.922207
-2.817949
-3.415157
-3.962848
-3.971428
-4.505466
-4.297132
-5.084179
-5.080971
-5.419899
-5.519263
-5.659206
-6.045139
-5.943961
-6.385420
-7.073817
-6.916607
-6.999393
-7.887245
-7.781915
-8.103202
-8.144338
-7.929701
-8.059239
-8.600554
-8.809894
-9.147861
-8.750494
-9.473308
-9.153461
-8.919971
-9.721119
-9.799680
-9.329903
-9.941384
-9.771484
-9.928947
-10.031597
-9.866402
-10.403166
-9.583814
-9.621922
-10.422503
-10.239589
-10.171622
-9.722715
-9.392826
-9.381116
-9.466994
-9.206307
-10.097980
-9.324004
-9.286347
-9.751283
-9.312997
-8.888558
-8.857382
-8.735715
-8.972558
-8.795715
-8.193257
-8.229595
-7.693821
-7.297160
-7.713003
-7.676731
-6.767005
-6.508090
-6.696911
-6.083708
-5.981871
-5.620142
-5.948753
-5.091037
-5.177714
-4.596679
-4.846666
-4.070501
-3.992551
-3.771360
-3.076980
-3.261857
-3.241963
-2.200279
-2.241040
-1.631337
-1.170996
-1.038906
-1.186402
-0.244739
0.078787
-0.230306
