0.418864
0.288006
1.125747
1.734899
1.365050
1.734942
1.908345
2.199071
2.968058
3.017432
3.374970
3.706570
4.213713
4.072380
4.372052
5.296707
5.084207
4.885514
5.520614
6.325993
6.158470
6.613771
6.796712
6.881106
7.468449
7.036523
7.177239
8.170768
7.464970
7.651553
7.786958
8.305619
8.126472
8.588578
8.688653
9.201589
9.192613
9.571183
9.510988
9.203648
9.385168
9.710134
10.021187
9.896077
9.384998
10.204013
10.393426
10.167580
10.341914
10.276916
9.930750
10.390220
9.728378
10.313446
9.442221
9.340979
9.920126
10.079734
9.586984
9.505049
9.357864
9.797394
9.608110
8.744036
9.289924
8.828432
8.669296
8.011228
8.000673
8.338505
7.603419
7.931729
7.842356
6.809684
7.034427
7.170246
6.955260
6.491218
5.811458
6.264241
5.802531
5.634602
4.780539
4.353375
4.852872
4.058740
3.972790
3.988640
3.885180
3.585641
2.609801
2.152694
2.657547
2.304518
1.139956
1.476017
1.125971
0.444583
0.237813
0.295891
-0.276515
-0.554777
-1.418393
-0.930187
-1.110691
-1.455850
-1.937252
-2.619294
-2.634343
-3.037527
-2.968795
-3.920875
-3.599140
-4.752543
-4.764497
-4.655382
-4.662261
-4.917073
-5.309714
-5.519134
-5.788942
-6.305592
-6.507633
-6.865050
-7.159827
-7.648200
-7.395712
-7.319069
-8.365422
-7.675752
-8.366439
-8.051233
-8.638997
-8.449023
-8.850033
-9.270480
-8.886471
-9.778478
-9.873603
-9.341271
-9.912126
-9.623270
-9.531234
-9.476256
-10.176263
-9.466569
-10.182756
-10.206540
-9.745196
-9.780392
-10.266788
-9.569243
-10.392941
-10.169190
-9.730794
-10.214986
-10.137915
-10.123199
-9.186752
-9.440777
-9.097102
-8.895102
-9.674720
-9.468764
-8.929102
-8.637369
-8.221364
-8.936922
-8.626519
-7.885581
-7.411863
-8.105573
-7.029032
-6.975135
-7.402659
-6.565414
-6.389745
-6.670042
-6.589849
-5.607809
-5.735849
-5.768992
-4.784482
-4.906002
-4.666864
-4.645784
-3.822665
-3.398122
-3.819945
-3.513041
-2.859452
-2.077432
-1.822797
-2.059632
-1.804628
-1.581198
-0.923032
-0.562796
-0.709930
-0.448929
