0.319366
1.017223
1.343606
0.894596
1.288766
2.026473
2.166737
2.034906
2.375558
3.015127
3.338924
3.291218
3.505119
4.670629
4.957425
5.192728
5.385598
5.384019
5.247165
5.824389
5.931380
6.491390
6.179090
6.994842
7.296501
7.526146
7.321575
7.909869
7.779705
7.694899
8.656625
7.979687
9.101708
8.576873
9.359666
9.034568
9.174941
9.683055
9.898774
9.206860
9.620664
10.049089
9.353596
9.752305
10.275098
9.911477
9.849772
9.662817
9.622513
9.649479
9.940585
10.089656
9.943506
10.109955
9.798060
9.495266
10.118750
9.317347
9.570438
9.506092
9.295569
9.738683
9.385288
9.346147
9.349925
9.133352
8.640498
8.289172
8.454521
8.146898
7.752670
7.725347
7.319864
6.977235
6.986994
6.789052
6.146764
6.446196
6.088097
5.882982
6.052178
5.175507
5.521752
4.788288
4.845275
4.073948
3.852959
3.285275
3.622737
3.533017
2.367010
2.132658
1.956657
2.288093
1.782400
0.872093
0.838214
0.166691
-0.078466
-0.174350
-0.137475
-0.549680
-0.846613
-1.374137
-2.036234
-1.462512
-2.128481
-2.200404
-3.089239
-3.231784
-3.761908
-3.912968
-3.944239
-4.108922
-4.156963
-5.055932
-4.741543
-5.738627
-5.459829
-5.682215
-5.669315
-6.601329
-6.911290
-6.904728
-7.408348
-7.497542
-7.509462
-7.411091
-7.436367
-8.237531
-8.032492
-8.270568
-8.657992
-8.414429
-8.826191
-8.549313
-9.475080
-9.116156
-9.479555
-9.790250
-9.225465
-9.907440
-9.268275
-10.170946
-9.453855
-9.645830
-10.354196
-10.388982
-10.306035
-9.514314
-10.068649
-10.360735
-9.664814
-9.858353
-10.204712
-9.527091
-9.848267
-10.170011
-9.951297
-9.132985
-9.329027
-8.965424
-9.296923
-8.999251
-9.280834
-9.118630
-8.949615
-8.870449
-7.791763
-7.950166
-7.780367
-8.080995
-7.949402
-7.381512
-7.513386
-6.754048
-6.811159
-6.137503
-6.268065
-5.959882
-6.108264
-5.442851
-4.644534
-5.317140
-4.594009
-4.658432
-4.117363
-3.185143
-3.780152
-3.344578
-3.010463
-2.486038
-1.860442
-2.202802
-1.216941
-0.945494
-1.222895
-0.422097
-0.759018
0.171102
