0.313807
0.692038
1.381622
1.682063
1.954175
2.156671
2.650069
2.607756
2.438870
3.530547
3.142279
3.734719
4.222980
4.196925
4.418040
4.953532
5.187078
5.696499
5.254078
5.645831
6.398919
6.180770
6.274083
6.607773
7.036655
7.406039
7.291719
7.582505
7.548702
7.912939
8.659782
8.299171
8.885781
8.414952
9.328584
8.744099
9.548139
9.705260
9.654583
9.133542
9.507446
9.390493
9.419990
9.531118
9.379300
9.504452
9.963991
10.106231
9.957958
9.753642
9.938241
9.751091
9.778330
10.000954
9.402278
9.534901
10.153984
9.221594
9.178738
9.249778
9.123858
9.147060
9.512365
8.726851
8.750793
8.839828
8.894240
8.161315
8.580688
7.893103
8.394104
7.780187
7.713150
7.768067
7.098717
6.365103
6.880566
6.195694
6.375175
5.424774
6.099860
5.410598
5.388429
4.499999
4.985919
4.302195
4.238089
3.900433
3.818432
3.566972
3.219764
2.891208
2.025268
1.860566
1.753653
1.598362
1.107065
0.277930
0.689054
0.372887
-0.577575
-0.896177
-1.032703
-1.010871
-1.120573
-2.350913
-1.893852
-2.832551
-3.235772
-3.258977
-2.959870
-3.932466
-3.789614
-4.749699
-4.206773
-4.835652
-5.450993
-5.545365
-6.050928
-6.368069
-6.484054
-6.394778
-6.431402
-6.970189
-7.255133
-7.754129
-7.573576
-7.821661
-7.590688
-7.744575
-8.247637
-8.915267
-9.060889
-8.282974
-8.613095
-9.118783
-9.222919
-9.476733
-9.063646
-9.565431
-9.192303
-9.503300
-9.260943
-9.776762
-9.395381
-10.322771
-9.828659
-9.735995
-10.267733
-10.404289
-9.686326
-9.501725
-9.807927
-10.386709
-9.829697
-10.106560
-10.157006
-9.922172
-9.112149
-9.839545
-9.637036
-8.978829
-9.039428
-9.198227
-8.511951
-9.077017
-8.750956
-8.550817
-8.237159
-7.642129
-8.338120
-7.886933
-7.324494
-6.960068
-6.643828
-7.027017
-7.040510
-6.154960
-6.232411
-5.882041
-5.388913
-5.095996
-4.919366
-5.246403
-4.376295
-4.105658
-3.534957
-4.146485
-3.885539
-2.826980
-3.184522
-2.790615
-2.229278
-1.773062
-2.030021
-0.830167
-0.824251
-0.433922
-0.584553
-0.001000
