0.544944
0.676573
0.617726
1.033333
1.614330
1.812146
2.222718
2.749142
2.624591
2.795539
3.531610
3.669241
4.381096
3.913781
4.545817
5.081603
5.454320
5.785679
5.471692
6.110028
5.923896
6.351833
7.002773
6.899160
7.169654
7.346144
7.549658
7.664549
7.813098
8.157189
7.832568
8.631200
8.818332
9.109602
8.798763
8.898917
8.758082
9.317514
9.404864
9.032862
9.685825
9.338427
9.770381
9.855931
9.849546
9.940852
9.605981
9.993423
10.170479
9.944261
10.166404
10.187413
9.505435
9.509465
10.075367
9.330532
9.457684
9.579124
9.593212
9.553493
9.621713
8.800099
9.047440
8.784857
9.355494
8.841486
8.628929
8.220588
8.466776
7.803443
8.123477
7.676124
7.680344
7.295343
6.865162
6.423221
6.644136
6.403024
5.771819
6.100103
5.643231
5.158203
5.080855
4.563855
4.715109
4.425682
4.175162
3.649063
3.246279
3.092555
2.716488
2.043706
2.679605
1.627984
1.483311
1.495177
0.590818
1.106902
0.342201
0.045964
0.108110
-0.761191
-0.545696
-0.845896
-1.381639
-1.690460
-2.361098
-2.472824
-2.570253
-3.126641
-3.684739
-3.468053
-3.574563
-4.713292
-4.179795
-4.733420
-4.834181
-5.682142
-5.761859
-6.139026
-6.119119
-6.457684
-6.448577
-7.079278
-7.311560
-7.317929
-7.661535
-8.174309
-8.336194
-8.247814
-8.255443
-8.278905
-8.766049
-8.348860
-8.941152
-9.016471
-9.647832
-9.508815
-9.565256
-9.013341
-9.446788
-10.163016
-9.684429
-9.352115
-10.081329
-9.548196
-9.572549
-9.764921
-9.784119
-9.621936
-10.278449
-9.860448
-9.841244
-9.793822
-9.809668
-10.283409
-9.393110
-9.754501
-9.338889
-9.615071
-9.726309
-9.713716
-9.641636
-9.175202
-8.859922
-8.937163
-8.177704
-8.334017
-8.628455
-8.165944
-8.173735
-7.548681
-7.181831
-7.232525
-7.091840
-7.327678
-6.432610
-6.025032
-6.490160
-5.673161
-5.608341
-4.881311
-4.735359
-4.430529
-4.733489
-4.479285
-3.938581
-3.614681
-3.100839
-3.103582
-2.386331
-2.820291
-2.135110
-2.355097
-1.443311
-0.800013
-0.984044
-0.563198
0.101397
0.192933
