0.448205
0.953454
1.368605
1.673735
1.143522
1.633779
1.892660
2.221596
3.070553
2.746505
3.602056
4.169716
3.754642
3.813278
4.705736
4.980635
5.462293
5.778250
5.660741
5.781092
6.475638
5.974025
6.881752
6.601816
7.402386
6.955616
7.822174
7.367554
8.384969
7.891501
8.113175
8.932285
8.577427
8.811120
8.729992
9.180865
8.719446
9.307054
9.395562
9.240451
9.130703
9.544072
9.775671
9.910365
9.412683
10.259717
10.384700
9.899966
9.512126
9.738216
9.717977
10.157699
9.949675
10.330957
10.064727
9.408524
9.503383
9.304574
9.535399
9.444929
8.912578
9.177098
9.471435
8.743225
8.752973
8.728467
8.991388
8.539942
8.613326
8.368531
7.771256
8.137667
7.397256
7.434679
7.276061
6.734224
6.867170
6.868365
5.861601
5.854193
5.286321
5.372950
5.338384
4.686542
4.103493
3.761465
4.113409
3.329244
3.296625
2.632310
2.899042
2.203605
2.584256
2.071513
1.397541
0.890869
0.444829
1.062280
0.251226
-0.018709
-0.150209
-0.305443
-0.814876
-1.357674
-1.904915
-1.841600
-1.797411
-2.107793
-3.106759
-3.575403
-3.203507
-3.271235
-4.420867
-4.677063
-4.067830
-5.219786
-5.575499
-5.427731
-5.497114
-5.780316
-6.375205
-5.938943
-6.653464
-7.247552
-7.174826
-7.089710
-7.540025
-7.743135
-7.469757
-7.726851
-8.084091
-8.804653
-8.862296
-8.480966
-8.555394
-9.303843
-8.761780
-8.843360
-9.177629
-9.807639
-10.007395
-9.609872
-9.885402
-10.153070
-10.050131
-10.164174
-10.368264
-10.462285
-10.126418
-9.577142
-9.814105
-9.588571
-9.570841
-9.619071
-9.398535
-9.605224
-10.157185
-9.449286
-9.401754
-9.858535
-9.631957
-9.379796
-9.591857
-8.574349
-8.701748
-8.591481
-8.862088
-8.449265
-8.019791
-8.478609
-7.771175
-7.496011
-7.818072
-6.996175
-7.293246
-7.185499
-6.585344
-6.358043
-6.511961
-6.348069
-5.451643
-4.956264
-5.203787
-5.088786
-4.804272
-4.055711
-4.250944
-3.727985
-3.735081
-3.310900
-2.684582
-2.846597
-2.526704
-1.999686
-1.787162
-1.669345
-1.049541
-0.978081
-0.750174
-0.035799
