0.744763
0.979486
0.488898
0.879735
1.069970
1.586621
1.989321
2.330920
3.009921
3.107544
3.012915
4.087936
3.484866
4.569909
4.213365
5.139131
5.141929
5.315118
6.047988
5.571367
6.235666
6.852027
6.897571
6.635389
7.199116
7.468824
7.818927
7.305769
7.438978
8.494173
8.194750
8.531718
8.806017
9.259395
9.281385
8.994905
9.508504
8.979590
9.432810
9.486909
9.337628
9.466498
9.928354
9.701960
9.520452
10.161468
10.360208
9.583414
10.158140
10.203052
9.566104
9.845903
9.600610
10.137742
10.074716
9.419006
9.567727
10.061011
10.023148
9.371018
9.364000
8.828179
9.382941
9.498282
8.802649
8.950051
8.512706
8.100400
8.750864
7.668958
8.380612
7.420835
7.161053
7.215079
6.781554
7.031692
6.565966
6.215752
6.626658
5.773355
5.649528
4.982357
4.731644
4.364711
4.631893
4.036955
3.827327
3.272574
3.579444
2.892618
2.466717
2.546906
2.644135
1.731166
1.086975
1.575874
1.060273
0.228568
0.482651
0.176161
-0.299885
-1.021219
-0.818077
-0.975713
-1.613286
-1.425293
-1.738881
-2.811011
-2.937399
-3.383017
-2.962392
-4.142644
-4.028296
-3.873615
-4.619691
-4.323597
-5.484752
-5.229437
-5.801877
-6.333431
-6.543187
-6.259240
-6.862195
-7.195110
-7.009725
-7.651686
-7.935510
-7.798086
-7.976224
-8.339002
-8.665703
-8.766701
-8.663134
-8.676636
-9.344301
-9.031207
-9.324165
-9.328234
-9.471278
-9.296016
-9.605168
-9.794664
-10.105263
-9.492355
-10.278278
-10.229043
-10.185635
-10.090403
-10.013438
-9.596297
-9.766043
-9.579266
-10.409295
-9.735957
-9.691667
-9.621841
-9.843814
-9.942927
-9.881761
-9.280726
-9.080341
-8.858809
-9.328421
-8.700116
-9.201095
-9.157223
-8.864488
-8.627057
-8.261804
-8.285586
-7.499333
-7.769857
-7.469344
-7.045187
-7.253102
-6.645493
-6.337763
-6.316862
-6.374683
-5.654279
-5.408491
-5.711965
-4.595961
-4.780529
-4.401215
-4.422610
-3.482693
-3.524008
-2.912374
-3.246484
-3.203624
-2.352888
-1.971324
-2.367443
-1.878206
-0.785559
-0.552478
-0.534959
-0.151781
-0.324402
