0.151432
0.379982
0.705291
1.405652
1.523032
1.964173
2.066277
2.055371
2.430436
3.556931
2.959071
3.706230
4.247064
4.222700
4.193626
4.619725
5.367285
5.418924
5.871510
6.022614
6.075097
5.980782
6.725955
7.176361
7.198178
7.447308
7.941400
7.241350
7.608649
8.524001
8.567289
8.722761
8.604746
8.871499
8.671613
9.487404
8.892969
9.410505
9.502613
9.958574
9.668918
9.837957
9.349878
10.209199
9.774152
9.774216
10.342460
9.987936
9.990900
9.567429
10.263985
10.042698
9.785455
9.908808
9.586807
9.421575
10.245541
9.292048
9.423181
9.114443
9.492645
8.938257
8.751273
8.865564
8.496484
8.489671
8.982609
8.311566
7.893750
8.541019
7.639862
8.155406
7.691476
7.587319
6.772934
7.087996
6.816506
6.813465
6.119449
6.132239
6.086304
4.905238
5.184889
4.474240
4.922018
4.303572
3.773289
3.214023
3.144248
3.543822
3.171129
2.877262
2.215252
1.493030
1.577212
1.752886
0.650658
0.198438
-0.038201
-0.251958
-0.689583
-1.003128
-0.462937
-0.820991
-1.900587
-2.325234
-1.881691
-2.550888
-2.523383
-3.283551
-3.643427
-3.297447
-4.099359
-4.460822
-4.472387
-5.201542
-5.555491
-5.797879
-5.618139
-6.057088
-5.916433
-6.014129
-6.340448
-7.034834
-6.614580
-7.472964
-7.103068
-7.517433
-8.201169
-8.542467
-8.372359
-8.618963
-8.840967
-8.545048
-9.229696
-9.465691
-9.166819
-9.405064
-9.892629
-9.515689
-9.605226
-9.939744
-9.806611
-10.130644
-10.214241
-9.741557
-9.896756
-9.786662
-10.294083
-9.738928
-9.695844
-10.323893
-9.513943
-10.207651
-9.801009
-9.673233
-9.583015
-9.276741
-9.557760
-9.335392
-9.814882
-9.474019
-9.335098
-8.567375
-9.208896
-8.388277
-8.812622
-8.749283
-8.545319
-8.380026
-7.957447
-8.084960
-7.225369
-7.170961
-7.419850
-6.406740
-6.516476
-6.619577
-6.409672
-5.513522
-5.237019
-5.726859
-4.671657
-5.211403
-4.486486
-4.350367
-4.389200
-3.854040
-3.005718
-3.197381
-3.288531
-2.434385
-2.412541
-2.161900
-1.555615
-1.072985
-0.834514
-0.214995
0.004441
0.286212
