-0.019539
0.590213
0.726956
1.422937
1.080658
1.402095
2.163675
2.712219
3.186671
2.634240
3.743562
3.441847
3.905785
3.977053
4.809228
4.847273
4.677138
5.834310
5.263245
6.108288
6.342215
6.573211
7.028210
7.331923
7.036891
7.278752
7.971508
7.983166
7.546567
7.710100
8.409204
8.865543
9.032373
8.661614
9.060406
9.028056
9.562777
9.566488
9.411195
9.479973
9.845388
9.717710
9.970374
9.993913
9.600976
9.576784
9.573657
9.805878
9.702548
10.181732
10.187672
9.495643
9.583435
9.504835
9.675603
10.094366
9.946033
9.627466
10.013270
9.130020
9.380374
9.053939
9.355830
8.571566
8.818737
8.787238
8.307289
8.862307
8.386250
7.727568
7.730890
7.993073
7.165155
6.798906
7.478089
7.004281
6.368903
6.396263
5.729953
5.954784
5.408277
5.332638
5.080295
4.513531
4.166589
4.435505
4.386279
4.105529
3.240177
2.898006
2.542380
2.374989
2.530191
1.675640
1.938515
0.820108
1.081168
0.460483
0.184718
-0.293778
-0.033881
-0.382095
-0.987017
-1.502314
-1.079280
-1.932863
-2.557952
-2.661398
-2.638775
-3.206340
-3.296275
-3.968245
-4.282161
-4.674531
-4.106762
-4.387741
-5.324837
-5.251251
-5.385175
-5.587829
-5.660995
-6.131925
-6.805604
-7.334674
-7.068658
-6.816306
-7.833283
-7.263819
-8.128812
-8.381879
-7.965712
-8.831537
-8.248376
-8.981712
-9.271623
-8.633419
-8.854991
-9.604764
-9.752777
-9.767278
-9.320405
-9.921306
-10.185625
-9.452316
-10.339477
-9.464390
-9.988734
-9.792831
-10.458648
-9.837092
-10.038124
-9.817730
-10.148378
-9.779470
-9.552975
-10.242494
-9.475000
-9.628345
-9.556865
-9.382036
-9.658679
-9.762199
-9.041483
-8.572719
-9.344534
-8.287991
-8.191083
-8.939639
-7.939537
-8.267599
-7.590214
-7.838936
-7.012140
-7.712198
-7.431200
-6.601084
-6.308093
-6.215856
-6.617421
-6.031880
-5.819721
-5.636888
-4.658495
-4.351166
-4.869635
-4.313760
-3.724932
-3.842819
-3.323542
-3.245905
-2.930310
-2.619128
-1.817717
-2.208162
-1.227012
-0.765491
-1.137352
-0.455718
-0.031052
-0.124865
