0.003384
0.750302
0.741244
1.490474
1.221772
2.138563
1.880687
2.300824
2.692643
3.080568
3.256235
3.922976
3.544511
4.483118
4.798134
5.183654
5.312037
5.731454
5.974535
5.482069
6.012155
6.828520
6.337624
6.889293
6.828296
7.738999
7.307796
7.861232
7.526651
7.906249
7.872336
8.305028
8.395082
8.333907
9.290825
8.701401
9.362322
8.907399
9.382492
9.115284
9.906907
9.478365
9.920636
10.253884
10.164362
9.701181
9.861895
9.894128
9.673812
10.356692
10.465343
9.491333
9.553280
9.549281
9.647743
9.732997
10.042828
10.001360
9.760338
9.858902
9.697107
8.942871
9.215341
9.372883
9.169943
9.169455
9.012746
8.037036
8.047662
8.464929
7.436470
8.014753
7.067659
7.038649
7.011412
6.722974
6.162762
6.675153
5.684687
5.408400
5.814570
5.714750
5.221313
5.125291
4.975242
3.849775
3.977873
4.036328
3.314319
2.726626
2.396657
2.681693
2.422874
2.345583
1.710154
1.164303
0.551427
0.373891
0.080315
0.320718
-0.297741
-0.411920
-0.709947
-1.096092
-1.303649
-1.796070
-2.461967
-2.385845
-2.549436
-2.595490
-3.010380
-4.028165
-3.589779
-3.776664
-5.037670
-4.675903
-5.439228
-5.243205
-5.761465
-5.900414
-5.858414
-5.962954
-6.874102
-7.191272
-7.087688
-6.836358
-7.793069
-8.007175
-8.325639
-7.983937
-8.209754
-8.695032
-8.665818
-8.976471
-8.575632
-8.729024
-9.655501
-9.151260
-9.666687
-9.830807
-9.151390
-9.331271
-10.133598
-9.605626
-9.570293
-10.362485
-9.619594
-9.957176
-10.465918
-9.651879
-10.130322
-9.692694
-10.098985
-9.879962
-9.756088
-9.843230
-9.352297
-9.585642
-9.648143
-9.319277
-9.585250
-8.888625
-9.069524
-8.839145
-9.295477
-9.260483
-8.911197
-8.111459
-8.494613
-8.209338
-8.005567
-7.289907
-7.981731
-7.245517
-7.258575
-6.655263
-6.685579
-6.667800
-5.845391
-5.890955
-5.540488
-5.498599
-4.863267
-5.270656
-4.544242
-4.539425
-3.734311
-3.566376
-3.283222
-3.156605
-2.962767
-2.846682
-2.412482
-2.012904
-1.499243
-1.192933
-0.783980
-0.498777
0.156733
0.200340
