0.446193
1.110899
0.660095
1.230889
1.918650
1.967336
1.772861
2.150712
2.850813
3.081120
3.323817
3.845655
3.915720
4.627841
4.516499
5.228154
4.696994
5.802459
5.491187
6.242329
5.719045
6.066150
7.029267
6.538213
7.197143
7.060525
7.271624
7.449476
8.087741
8.520611
8.624507
8.754777
9.060313
9.099410
9.196876
9.533226
9.245534
9.060136
8.920589
9.519370
9.490701
10.119035
9.662695
10.307539
9.926909
9.734744
10.143902
9.693055
10.192718
10.183159
10.038397
10.182312
10.226692
9.956866
9.554576
9.960052
9.688957
9.210379
9.342377
9.324816
9.335312
9.719707
8.753055
9.521607
8.641696
9.090012
8.108630
8.404563
8.743407
8.522947
8.400734
7.978299
7.469808
7.041223
7.284184
6.813243
6.286208
6.619531
6.410293
5.745144
5.337617
5.721403
5.335974
5.009149
4.689255
4.497213
4.198295
3.396163
2.993828
2.680151
3.231037
2.328169
2.444354
1.746953
1.724148
1.728692
0.630695
0.200067
0.405086
0.486140
-0.802943
-0.275479
-1.109646
-0.807005
-1.559044
-1.573361
-2.667103
-2.298945
-2.759040
-3.385403
-3.168007
-3.246821
-4.170196
-4.465957
-4.304741
-4.881123
-4.760918
-5.210960
-5.831834
-5.378279
-6.548170
-6.133261
-6.523105
-6.961190
-7.154522
-7.714015
-7.080753
-7.996125
-7.942083
-7.660124
-8.579930
-8.379467
-8.595296
-9.113735
-8.766544
-9.474565
-9.389675
-9.593123
-9.422767
-9.222829
-9.516261
-10.083307
-9.374688
-9.772066
-9.751838
-10.057403
-10.188709
-9.930409
-9.846912
-9.606133
-10.458269
-10.085571
-9.892633
-9.579701
-10.195559
-9.567353
-9.890156
-10.107154
-9.302176
-9.550877
-9.485022
-9.080937
-9.131732
-8.874582
-8.843445
-9.243886
-8.835662
-8.171168
-8.695425
-8.302306
-7.441715
-7.375772
-7.258571
-7.570047
-7.389191
-6.886942
-6.838914
-6.319042
-5.683198
-5.567765
-6.087953
-4.950048
-5.589004
-5.266621
-4.458188
-4.672828
-4.093822
-4.088789
-3.011422
-2.848597
-2.344479
-2.343902
-2.660192
-1.965570
-1.919326
-0.931195
-1.012203
-1.125539
-0.365049
-0.306971
