0.403477
0.143007
1.435510
1.711301
1.797183
1.590928
2.533445
2.952225
2.377307
3.030340
3.249659
3.406458
4.242744
3.834826
4.547948
5.177187
5.181019
5.747391
5.505430
6.356360
5.925241
5.914328
6.114031
7.046775
7.254016
7.114271
7.461555
7.274012
8.302020
8.323086
8.010000
8.069798
8.255246
8.938341
8.434449
9.318792
9.221107
9.270546
9.076499
9.359286
10.079811
9.777192
9.342637
10.048452
10.168498
9.806904
9.486142
9.848761
10.369032
9.729717
9.592651
10.149558
9.611480
10.003728
9.464612
9.759328
9.514940
9.656987
10.014013
9.918021
9.497102
9.685055
9.272728
8.851041
9.290105
9.014478
8.969645
8.046374
7.902236
7.865542
7.807517
7.922152
7.501093
7.011587
6.781081
7.246867
6.934801
5.974184
6.243012
6.290711
6.042826
5.442809
5.001266
4.437784
4.405533
4.224985
4.173397
3.931082
3.782718
3.444865
2.769237
2.013868
1.889377
2.120046
1.562434
1.049725
0.985778
0.479724
0.477649
0.123795
-0.770302
-0.759818
-1.246539
-0.788497
-1.203718
-2.120409
-2.315888
-2.479333
-2.491924
-2.683333
-3.401359
-3.626208
-4.382459
-4.631751
-4.221881
-5.205033
-5.329419
-5.592109
-5.697331
-5.768600
-6.381701
-6.113320
-6.420674
-6.759166
-6.707179
-7.432003
-7.851808
-7.303631
-7.884330
-8.035602
-8.485319
-8.189346
-8.175900
-8.687858
-8.620957
-8.710219
-9.168677
-9.140215
-9.276817
-9.697952
-10.035827
-9.686474
-10.052869
-10.061581
-9.524221
-9.872150
-9.843400
-9.614276
-9.647400
-9.600986
-10.290314
-9.733706
-9.675839
-10.284406
-9.551880
-9.450548
-10.040962
-9.557525
-9.119128
-9.710851
-9.611597
-9.540837
-8.992748
-8.896782
-8.495662
-8.309817
-8.291136
-8.734897
-7.824908
-8.213823
-7.994968
-8.193110
-7.899865
-7.591039
-7.244707
-7.015918
-6.771368
-6.186894
-6.338311
-5.787425
-5.513621
-5.629345
-5.262335
-5.188616
-4.450503
-4.737954
-4.309894
-3.314336
-3.790291
-3.301394
-2.490734
-2.600819
-2.336457
-1.583373
-1.568667
-1.058362
-0.483917
-0.461625
-0.279311
-0.348516
