0.168468
0.957228
1.303541
1.341900
1.103962
1.614629
2.348479
2.786110
2.909119
2.603618
3.066305
3.407701
4.313696
4.424848
4.879395
5.102092
5.089472
5.723782
5.673068
5.512290
5.879244
6.250659
6.247565
7.293356
7.519622
6.836596
7.420103
8.152805
8.368495
8.484878
8.354735
8.559258
8.416312
8.871437
9.126589
8.628059
9.643241
9.262195
9.149765
9.537365
9.474459
9.567612
9.603149
10.273272
9.767486
10.015862
10.087756
10.428409
10.254093
10.214888
9.579871
9.676013
9.488725
10.117051
9.976454
10.242047
10.182836
9.755447
9.926684
9.840056
9.120068
9.088623
9.403971
9.076673
9.304545
9.015949
8.276870
8.307472
8.360918
8.401520
8.055799
7.796534
7.177804
7.328963
7.164531
6.418162
6.801695
6.212771
5.958493
5.612648
5.239737
4.980930
4.897080
5.048981
4.702203
4.170476
4.353387
3.269119
3.449734
3.504418
2.395333
2.700837
1.758835
1.382072
1.908554
0.886076
1.207434
1.059599
0.676666
-0.124902
-0.567105
-0.266983
-0.641882
-1.663418
-1.614389
-2.017054
-2.578250
-2.802425
-2.651169
-2.818124
-3.120610
-3.784532
-3.918012
-4.010450
-4.798201
-5.212961
-4.731912
-5.428701
-5.849710
-6.362067
-6.080720
-6.101895
-6.167644
-7.196679
-6.580488
-7.682577
-7.440685
-7.652272
-7.532947
-7.906868
-8.767620
-8.046360
-8.613937
-9.221093
-9.140039
-9.473237
-9.272049
-9.526755
-9.847209
-9.364749
-9.870659
-9.657283
-9.541516
-10.057975
-9.628437
-9.825733
-10.013976
-10.389021
-9.782676
-9.680238
-9.788271
-10.177451
-10.445952
-9.503141
-10.103943
-9.779635
-9.364281
-9.373422
-10.077855
-9.327895
-9.224335
-9.742338
-8.785709
-8.699238
-8.860257
-8.511553
-8.283173
-8.797723
-8.337478
-8.153343
-8.007731
-7.435127
-7.033560
-7.616391
-7.041030
-7.045333
-6.936475
-6.079550
-5.963239
-6.339922
-5.908822
-5.799391
-5.354930
-4.555582
-4.070563
-3.830374
-3.687513
-4.033085
-2.898725
-3.031703
-2.483771
-2.697198
-2.031890
-1.823676
-1.255971
-1.420412
-0.922234
-0.774606
-0.755408
-0.087671
