0.553588
0.241861
1.109875
1.404603
2.039395
1.549895
2.192261
2.848696
3.274245
2.824225
3.062772
4.105551
4.140554
4.270339
4.483348
4.756972
5.484661
5.317181
5.262901
5.662669
5.678342
5.875744
6.402314
6.888131
6.794574
7.691116
7.557288
7.395599
8.046339
7.673602
8.415831
8.562841
8.521929
8.838951
9.113797
8.571234
9.183771
9.774188
9.537945
9.630022
9.617154
9.627921
9.892226
9.649929
9.717345
9.792346
10.300028
9.654678
10.432222
9.948668
9.496541
9.851227
10.387811
10.160042
9.641402
9.777338
10.065867
9.808768
9.998954
9.924409
9.385154
8.830822
9.622250
9.136857
9.082966
8.612855
8.305807
8.598559
8.048483
8.462013
8.069088
7.537559
7.710751
7.645019
6.758487
6.750555
6.450996
6.172888
5.740529
5.551122
5.518644
5.008314
5.162946
4.558264
4.459437
4.668112
4.031905
3.710973
3.369062
2.698935
3.073863
2.927980
2.343900
1.519511
1.675358
0.877927
0.753507
0.833583
0.116702
0.139308
-0.112357
-0.289671
-1.312013
-1.424878
-1.394509
-1.787275
-2.352747
-2.440767
-2.290389
-2.898755
-3.720364
-3.768213
-3.761744
-4.376025
-4.229871
-4.711781
-5.289031
-5.787875
-5.529165
-5.566052
-6.179447
-6.406921
-7.104028
-6.762647
-7.061237
-6.932923
-7.641444
-7.307346
-7.814716
-7.691230
-8.494835
-8.275060
-8.457823
-8.830324
-9.030756
-9.156497
-8.780002
-9.268055
-9.842816
-9.305976
-9.465521
-9.423455
-10.042921
-9.908065
-9.870916
-9.952051
-9.872054
-9.774064
-10.385498
-10.215758
-10.419748
-9.688973
-10.165590
-10.127729
-9.523760
-9.687411
-10.064114
-9.800580
-9.999648
-9.762653
-9.030551
-9.214735
-8.965751
-9.524899
-9.213876
-9.020631
-8.879017
-8.092106
-8.240044
-7.755391
-8.075680
-7.834806
-7.992586
-7.112656
-6.714154
-7.108703
-6.614863
-6.471595
-5.785829
-5.826607
-5.146047
-4.976878
-5.167075
-4.585475
-4.936884
-4.674907
-3.866293
-4.173007
-3.236173
-3.162971
-2.411409
-2.275355
-2.449334
-1.756661
-1.456372
-1.116916
-0.850140
-1.121578
-0.719172
-0.008939
