0.530296
0.895501
1.062081
0.820537
1.340719
1.934553
1.957287
2.280126
2.868858
3.009365
3.352966
3.569629
4.053783
3.989569
4.263279
4.437959
4.723924
5.278041
5.332687
5.493864
5.912845
6.362501
6.509427
6.809052
7.160765
7.472020
7.236257
7.546231
7.445692
8.204802
7.849122
7.947883
8.855661
8.366115
8.710115
9.435181
9.271829
8.910450
9.814567
9.038947
9.702282
9.577009
9.664807
10.281244
9.517330
10.367800
10.053793
10.121051
10.095737
9.583704
9.560897
10.005463
9.548063
10.088556
10.129534
10.210960
9.419845
9.546968
9.136387
9.533899
9.506168
9.160226
9.392000
9.067547
9.238272
8.972108
8.287729
8.404509
8.367535
8.421678
8.353430
7.631614
7.046087
6.998922
7.104496
6.720999
6.139999
6.803515
6.586626
5.875874
5.672111
5.834895
5.046904
4.521137
4.564947
3.796399
4.292315
3.324153
3.338246
3.074166
2.835050
2.166304
2.226118
1.703855
1.272999
1.479908
0.906115
0.516690
0.814063
-0.020155
-0.211059
-0.781895
-1.017251
-1.367548
-1.225657
-2.165163
-2.231450
-2.076615
-2.557968
-3.224313
-3.082801
-3.442864
-3.755638
-4.002640
-4.955095
-4.586980
-5.414887
-5.807168
-5.442655
-5.965576
-6.603123
-5.990930
-6.920492
-7.041809
-6.902473
-7.357039
-7.635534
-8.007795
-8.396910
-7.606972
-7.873622
-8.024683
-8.237653
-9.027334
-8.918310
-9.020123
-8.700969
-9.608737
-9.534554
-9.194718
-9.642350
-9.781594
-9.308048
-9.890769
-9.859686
-10.388795
-10.362264
-10.352579
-10.151429
-10.467892
-9.964554
-10.341507
-9.663771
-10.040294
-10.015698
-10.278761
-9.620868
-9.766239
-9.522253
-9.784304
-9.351431
-9.233262
-9.598668
-8.991024
-8.548676
-9.136920
-8.942841
-8.182805
-8.691867
-8.493227
-7.652331
-7.755987
-7.425177
-6.969522
-6.685823
-6.370470
-6.501216
-6.044527
-6.299172
-6.117996
-5.487437
-5.579637
-4.858442
-5.180236
-4.924032
-4.457461
-4.319135
-3.187184
-3.701615
-3.344272
-2.635107
-2.445821
-2.465329
-2.201990
-1.641332
-1.558040
-0.792383
-0.603740
-0.336013
-0.177702
