-0.046479
0.548405
1.354363
1.249094
1.748437
2.021222
1.864095
1.991178
2.879535
3.382805
3.287536
3.489402
3.886946
4.358877
4.088161
5.239175
5.217555
5.822489
5.259949
6.061115
5.893079
6.594510
6.808093
7.183900
7.162540
7.333420
7.103158
7.430108
7.959208
7.926494
8.528293
7.993932
8.494250
8.607414
9.018849
9.171592
9.038718
8.849590
9.417418
9.928852
9.435263
10.077287
9.859001
9.629287
10.317584
9.727391
10.200353
9.724249
9.776588
10.406268
9.699318
10.000952
10.048700
10.192260
9.814208
10.286823
9.577079
9.402503
9.742232
9.262779
8.925938
9.587598
9.366329
9.065094
8.479201
8.328188
8.451602
8.758621
8.599612
7.721755
8.207807
7.840115
7.112746
7.515704
7.280017
7.259689
6.173080
5.879073
6.027468
6.284777
5.632503
4.866053
5.417583
4.767386
5.001136
3.778267
3.536776
3.459354
3.093947
2.936564
2.518638
2.553435
1.954905
1.940350
1.400095
1.330443
1.266728
0.603112
0.527493
0.036398
-0.658881
-0.657459
-0.754569
-0.893663
-1.915554
-1.438746
-2.381083
-2.732330
-3.025898
-3.292003
-3.744382
-3.321609
-4.218742
-4.535277
-4.524563
-4.477320
-5.520661
-5.698783
-5.536837
-5.990947
-6.394508
-6.120544
-6.626081
-6.896362
-7.517075
-7.521674
-7.321291
-7.500200
-8.073183
-8.168769
-8.395380
-8.618381
-8.232624
-9.159760
-8.989518
-9.352849
-9.272981
-9.145295
-9.302183
-9.051796
-9.508659
-10.159259
-9.858888
-9.804593
-9.792219
-9.839976
-10.451372
-9.898177
-10.373723
-9.656467
-9.557632
-9.695446
-10.244013
-10.007827
-9.722010
-9.675559
-10.168054
-9.941356
-9.253747
-9.994392
-9.448049
-8.951360
-9.446394
-9.201690
-8.972463
-9.139830
-8.874390
-8.476803
-8.190944
-8.504229
-7.824491
-7.902296
-7.322653
-7.581665
-7.306854
-6.739969
-6.922561
-6.843714
-5.826734
-6.303197
-6.104677
-5.015547
-5.179151
-4.810578
-4.356899
-3.785243
-3.559083
-3.563186
-3.581887
-2.827679
-2.507001
-2.505100
-2.056869
-2.193713
-1.281780
-1.132068
-1.204740
-1.072245
-0.796180
-0.417724
