0.172402
0.464554
1.169797
1.492208
1.771759
2.318511
2.526333
2.958980
2.329423
2.984056
3.653028
4.036240
3.967781
4.077345
5.018216
4.890395
4.751032
5.226006
5.777505
5.452228
6.209333
5.874624
6.944994
6.893123
7.288735
7.441700
7.779813
8.163212
7.411388
7.627778
8.246086
8.701226
8.658316
8.887375
9.110094
9.180443
9.367533
9.405004
9.581744
9.240748
9.806379
9.462576
10.098378
9.440215
9.443823
10.409565
9.810920
10.274700
10.046613
10.006423
10.050769
10.429862
10.340209
9.680887
9.885394
10.130417
9.669386
9.730762
9.903113
9.203218
9.667271
9.536436
8.925296
8.847436
9.252135
8.770207
8.670699
8.668342
7.861452
7.729355
7.730156
7.679691
7.177363
7.660613
6.614972
7.121454
6.309602
6.501734
5.663691
6.055599
5.444780
5.499322
5.273061
4.797214
4.706193
4.613728
4.260602
3.643160
3.538955
2.914446
2.592852
2.884205
2.495210
1.968575
1.593710
0.815055
1.381386
0.129015
-0.136050
-0.101500
-0.103423
-0.619880
-1.396230
-0.968603
-1.607320
-1.931391
-2.460577
-2.008850
-2.421778
-2.683663
-3.526918
-3.707613
-4.447053
-4.729589
-4.988926
-4.803093
-4.915390
-5.073568
-5.420633
-5.746869
-6.076734
-6.117465
-7.032925
-6.709845
-6.803685
-7.653358
-7.368673
-7.481163
-7.486446
-7.981783
-7.793790
-8.283889
-8.928920
-9.046248
-8.946835
-8.613386
-9.499157
-9.707100
-9.439152
-9.340398
-9.140021
-10.054887
-9.680274
-9.441010
-9.454760
-10.409357
-9.605018
-10.413183
-9.681295
-9.531668
-9.569173
-10.080054
-10.153548
-9.822594
-9.777727
-10.286985
-9.374395
-10.121104
-9.939151
-9.565589
-9.400322
-8.844736
-9.486597
-9.029930
-9.309043
-8.888491
-8.135688
-8.056073
-8.606329
-7.886055
-8.130533
-7.783448
-7.338869
-7.297627
-7.374621
-6.575623
-6.595672
-6.828958
-6.245860
-6.072155
-5.464768
-5.370039
-5.347551
-5.298936
-4.125977
-4.716322
-4.214694
-4.006055
-3.059307
-2.708392
-2.374399
-2.228703
-1.979145
-1.429355
-1.310506
-1.086617
-0.702904
-0.457486
0.024535
0.134440
