0.082597
0.894165
1.380771
1.659331
1.898765
1.768115
2.406929
2.588106
2.922441
3.308007
3.790380
4.027454
4.116921
4.020523
4.188245
4.713099
5.228596
5.828629
5.552684
5.817372
6.082523
6.510156
6.338060
7.182727
7.028600
7.110203
7.965846
7.451871
8.243079
7.786601
8.222503
8.389120
8.915931
8.964055
8.660861
9.119801
9.246322
9.507214
9.376006
9.674264
9.665950
9.219404
9.757884
9.545937
9.495505
10.375130
10.146243
10.414085
9.781198
9.592890
10.138880
9.556026
9.818587
10.241281
9.829662
10.279091
10.104386
10.141607
10.014658
9.268556
9.874765
9.063618
9.003797
8.788662
8.476798
8.625913
8.150523
8.085281
8.256601
8.431893
7.442086
7.864888
7.926390
7.594325
7.503153
7.284572
6.626866
6.618463
5.713384
6.236505
5.156885
5.451880
5.232430
5.105400
4.826274
4.686880
4.221780
3.185916
3.759790
2.851772
2.626322
2.333531
2.399735
1.993559
1.909590
0.877166
1.232065
1.019119
0.482086
0.243215
0.030795
-0.469166
-0.700935
-1.299723
-2.050079
-2.222740
-1.889722
-2.101192
-2.340077
-3.042507
-3.405395
-3.900809
-3.671987
-4.108317
-4.674980
-4.733430
-4.668917
-5.255919
-5.550683
-6.366574
-5.638038
-6.322584
-6.892078
-6.886574
-7.526794
-7.560811
-7.952720
-7.564999
-7.533324
-8.333047
-8.150599
-8.127447
-8.702029
-8.901334
-9.387132
-9.478327
-9.381640
-9.221071
-9.030494
-9.998250
-9.509909
-9.447038
-9.432660
-9.955073
-10.013209
-10.331252
-10.205654
-9.907194
-9.513392
-9.581432
-9.818397
-9.686880
-9.974919
-9.669911
-9.985383
-9.638267
-9.798247
-9.642012
-9.407844
-9.519237
-9.485601
-9.770311
-9.472889
-9.455266
-8.880996
-8.720048
-8.582483
-8.624323
-8.430552
-7.933436
-8.398074
-7.388351
-7.486386
-6.894426
-7.518165
-7.076263
-6.228729
-6.773084
-6.080486
-5.853558
-5.889084
-5.378489
-5.569527
-4.955866
-4.701726
-4.729934
-3.880316
-3.425308
-3.670041
-3.384324
-2.789182
-2.456463
-2.597225
-2.238356
-1.495528
-1.327722
-1.285443
-0.203254
0.059821
-0.187849
