0.627742
0.905883
0.469877
0.926261
1.270795
1.591554
2.654418
2.766753
2.831215
3.407906
3.418136
3.874802
4.052685
4.658496
5.012005
4.592583
5.398338
5.527689
5.820484
5.624665
6.293321
6.659597
6.991333
7.167247
6.759148
7.459871
7.367372
7.515860
7.993375
8.546993
8.623374
8.491141
8.487080
9.089094
9.398230
9.111306
8.908916
9.507875
9.854949
9.734533
9.662554
9.567960
9.858574
9.928560
9.401396
10.301087
10.115715
10.148973
9.575769
10.352627
10.342850
10.215270
9.998715
10.090267
9.451638
9.461093
10.229592
9.971002
9.735920
9.641052
9.782373
9.119159
9.400099
9.150407
8.496188
8.548357
8.218921
8.887851
8.281571
8.168388
7.534830
7.668964
7.079944
7.366681
6.929092
6.378264
6.376692
6.475554
5.644888
6.017993
5.797153
5.235167
5.267660
4.360846
4.871794
4.451703
3.636773
4.008487
3.457346
3.367116
2.952384
2.838522
1.958759
1.438713
1.272900
1.027940
1.245956
0.327232
0.238690
-0.476585
-0.202049
-0.549318
-0.975592
-1.056020
-1.611768
-1.833653
-1.815504
-2.405011
-2.705570
-3.491945
-3.528321
-3.197279
-3.639778
-4.221176
-4.114347
-5.166832
-4.885167
-5.624962
-6.059368
-5.965028
-6.070482
-6.810902
-6.664334
-6.925617
-7.072037
-7.734197
-7.344163
-7.363403
-8.027787
-7.875132
-7.912184
-8.120049
-8.387904
-9.240389
-9.129848
-9.140500
-8.848054
-9.434425
-9.375387
-9.769910
-9.769103
-10.126723
-10.052394
-9.851932
-9.777071
-10.229183
-10.224461
-9.811714
-9.541373
-9.559825
-9.680790
-10.138381
-9.925620
-9.818894
-10.053477
-10.283633
-9.649510
-10.139200
-9.785954
-9.716351
-9.077705
-9.174633
-9.262339
-9.039069
-9.300064
-8.813071
-8.498197
-8.622044
-7.943765
-7.788704
-8.153492
-8.145834
-7.795726
-7.110268
-6.833032
-6.927902
-6.963165
-6.405297
-6.058614
-6.368122
-5.557018
-5.639912
-4.968731
-4.713751
-4.134011
-4.724595
-3.600878
-3.246674
-3.521557
-2.758882
-3.133976
-2.663024
-2.107957
-2.193848
-1.112487
-0.801959
-1.201017
-0.453618
-0.325567
0.400530
