0.454165
1.082783
0.868855
1.262661
1.875345
2.185801
2.611464
2.300830
2.484400
3.351005
3.052743
3.321814
3.738458
3.977241
4.391990
4.930531
4.911694
5.142285
5.691168
5.569371
5.850486
6.296911
6.728114
6.649580
7.425424
7.769403
7.102397
7.948508
8.177246
7.625114
8.056858
8.703781
8.371814
8.773365
9.011205
8.862555
8.681703
9.584572
9.890439
9.680232
9.771047
9.974063
10.006064
9.835027
10.024530
9.696154
10.138503
10.319251
10.157005
9.937850
9.636022
9.688920
10.344065
9.938614
9.581580
9.424357
9.466563
9.189727
10.020802
9.140185
9.162843
9.018943
9.422322
9.349013
9.025909
8.989451
8.680945
8.203698
7.910965
8.180147
8.040649
7.614203
7.901203
7.066568
7.095558
6.493843
6.774101
6.296000
6.106696
5.809724
5.742808
5.367870
5.462973
4.491378
4.776724
4.627604
4.411251
3.632418
3.250932
3.252958
3.109377
2.927776
2.029129
1.483445
1.489792
1.177080
1.408098
0.594096
-0.020713
-0.472922
-0.111809
-0.570227
-1.047263
-1.548453
-1.787115
-1.567172
-2.618732
-2.659156
-2.799375
-2.668905
-3.614134
-3.551529
-3.736192
-4.308738
-4.447355
-4.412205
-5.077252
-4.955221
-5.497652
-5.727982
-5.830268
-6.411919
-6.651835
-7.046977
-7.232829
-7.439774
-7.109981
-7.465097
-7.630072
-8.350948
-8.625598
-8.431148
-8.316315
-9.234825
-9.204935
-9.389630
-8.827832
-9.377277
-9.470997
-9.211482
-9.107424
-9.661684
-9.597531
-10.179986
-9.656812
-9.780713
-9.964038
-9.744361
-10.192521
-10.436028
-9.612851
-9.691917
-9.846472
-9.661249
-10.303303
-9.689171
-10.216849
-9.971245
-9.509817
-9.128543
-9.478772
-9.024266
-9.654209
-9.050767
-9.024732
-8.889631
-8.648891
-8.556775
-8.482009
-7.874042
-7.587066
-7.229043
-7.747840
-7.084946
-7.199120
-6.984985
-6.529161
-6.474249
-5.980160
-5.474156
-5.483555
-4.932051
-5.270393
-4.647857
-4.511068
-4.186279
-4.399867
-3.288639
-3.574115
-3.342512
-2.646428
-2.673239
-2.055825
-1.392651
-1.661469
-0.798200
-0.599266
-0.738966
-0.144020
-0.099949
