0.600646
1.053833
0.574957
1.726855
2.043859
2.132069
2.415028
2.106172
3.158603
2.619558
3.437797
4.155710
3.954813
4.584782
4.521440
4.427954
5.201001
5.776467
5.498927
6.053949
6.289186
6.384272
6.571054
6.908530
7.485290
7.153043
7.611240
7.457683
7.707628
7.877188
8.757138
8.075696
8.937210
9.194779
9.049851
9.463736
8.979752
9.333381
9.823000
9.963948
9.554832
10.093347
9.983294
10.132253
9.730271
9.970138
10.372989
10.008395
9.512451
9.817356
10.301112
10.202435
10.432419
9.652937
9.532758
9.946617
9.855619
10.143383
9.121512
9.784891
9.238965
8.839517
8.952523
9.160177
9.200744
8.395789
8.856143
8.145756
8.427217
8.249742
8.285381
7.205430
7.462772
7.297020
7.176289
7.196223
6.970831
5.997312
6.598150
5.389722
5.619871
5.191664
4.813852
4.488565
4.889404
4.362845
4.398291
3.649291
2.956090
3.078282
2.581658
2.826067
2.440382
2.329446
1.468771
1.177125
0.469621
0.277945
0.571280
0.319961
-0.188497
-1.046259
-0.840630
-1.070496
-1.275244
-2.172798
-1.892985
-2.260961
-3.243257
-2.756634
-3.668157
-4.065778
-4.470026
-4.704248
-4.575350
-4.475853
-5.351144
-5.607756
-5.255102
-6.059547
-6.290067
-6.005319
-6.547435
-6.741936
-7.053255
-7.145510
-7.658101
-7.263472
-7.504052
-8.524158
-8.539952
-8.470067
-8.215204
-8.485431
-8.528340
-8.840474
-9.283462
-9.451966
-9.446165
-9.784455
-9.261746
-9.492496
-9.298649
-10.313574
-10.328348
-9.749406
-10.057703
-10.244992
-9.567588
-10.430151
-10.316196
-10.008038
-9.563798
-10.116207
-9.546290
-10.059376
-10.231433
-9.186695
-9.340319
-9.650001
-9.277055
-9.597911
-9.464950
-9.395684
-8.605722
-8.289396
-8.241618
-8.404631
-8.063940
-8.199622
-8.004200
-8.055463
-7.810235
-6.872705
-7.564594
-6.866292
-6.369878
-6.041762
-6.079669
-5.677938
-6.045440
-5.529215
-4.639371
-4.751844
-4.082857
-3.885770
-3.942060
-3.432584
-3.582112
-3.020120
-3.193237
-2.280949
-2.597100
-1.444795
-1.405209
-1.314275
-1.286572
-0.847141
0.034874
0.426592
