0.505482
0.165039
1.420562
1.444265
2.055394
1.727011
2.214562
2.532516
2.725983
3.502297
2.959435
3.982199
4.185348
3.825104
4.249367
5.165328
5.533252
5.184525
5.197654
6.226505
6.120343
5.889233
6.293401
6.376465
7.474304
6.843256
7.683628
7.920098
7.956306
8.204153
8.232182
8.624804
8.966205
8.481699
8.710611
9.468878
8.834824
9.292438
9.677003
9.902521
9.169362
9.378951
9.799561
9.827514
9.771965
9.483077
10.137228
10.083703
9.747956
10.408747
10.388796
10.038579
9.927136
10.115621
9.445901
9.978257
9.471267
9.317884
9.850979
9.287830
9.544496
9.196531
8.928025
9.387009
9.126343
8.306614
9.105870
8.446197
8.003155
8.337395
7.823427
8.045646
7.223329
7.487130
7.067411
7.106591
6.977395
6.674184
6.354718
6.090951
5.724160
5.406882
5.282998
4.510706
4.985618
4.610126
3.709888
3.650130
3.298563
2.796226
2.823598
2.826118
2.083933
2.018323
1.390320
1.647543
1.131387
0.493042
-0.090721
0.282062
-0.809562
-0.977502
-0.511043
-0.825367
-1.125635
-1.401394
-1.916858
-2.842909
-2.543804
-3.464391
-3.072995
-3.409188
-3.821239
-4.557018
-4.918317
-5.153498
-5.362983
-5.346251
-5.584494
-6.133272
-6.215037
-6.699978
-6.358761
-7.148133
-7.251598
-7.584771
-7.049445
-7.701532
-8.400832
-7.833386
-8.295929
-8.377130
-8.979958
-8.752236
-8.448859
-8.859469
-9.214776
-9.181946
-9.846256
-9.593705
-9.787530
-9.528911
-9.773240
-9.594219
-10.266023
-10.419162
-10.206815
-9.762923
-10.399497
-10.216008
-10.183077
-10.272717
-9.641289
-10.159359
-9.590433
-10.267031
-10.061758
-9.253799
-9.681108
-9.403513
-9.631173
-9.247005
-9.084816
-9.223266
-9.253273
-8.665257
-8.744389
-8.599746
-7.808762
-8.382761
-8.089285
-7.584982
-7.033525
-7.538281
-7.395745
-6.718702
-6.669289
-6.045588
-5.804713
-6.325580
-5.596548
-5.241530
-5.574153
-5.029314
-4.871921
-3.784099
-3.877832
-3.440570
-3.722676
-2.591172
-2.665642
-2.364420
-1.954961
-2.055143
-1.614921
-1.290784
-0.483631
-0.478034
-0.750102
-0.062467
