0.017458
0.134422
0.878908
0.801127
1.076123
2.369579
2.177452
2.853985
2.561668
2.697772
3.356935
3.649076
3.780430
4.515668
4.403835
5.189582
5.317949
5.061961
5.856571
6.248924
6.377685
6.852014
6.992973
6.408087
7.027765
7.623752
7.535314
7.804284
7.516144
7.997988
8.278235
8.020334
8.338678
9.199406
8.740841
9.073003
9.224422
8.851416
9.692521
9.702939
9.449764
9.685747
10.242718
9.686316
9.634279
9.586805
10.170685
9.564953
10.391980
9.743331
9.572288
9.691281
9.730158
9.558187
9.974721
9.786991
9.583952
9.214899
9.440998
9.409722
8.923117
8.818431
8.874591
8.819525
9.182952
8.911051
8.187609
8.346623
8.640231
7.818880
8.055177
7.400718
7.623656
7.013634
6.871659
6.392986
6.185745
5.956298
6.573176
5.825879
5.294279
5.458900
4.803740
5.077787
4.355020
4.462183
3.870547
4.056165
3.246356
3.257292
2.541231
2.055022
1.810110
1.918444
1.405956
1.019511
1.216219
0.341596
0.381014
-0.336585
-0.647511
-0.611022
-1.248999
-1.521334
-2.035839
-1.457512
-2.135913
-2.227246
-2.300841
-3.191768
-3.824660
-3.181343
-4.031562
-4.420400
-4.343024
-5.040232
-5.470738
-5.374790
-5.204079
-5.608346
-6.208876
-6.746989
-7.010036
-7.008838
-6.808260
-7.412971
-7.888986
-7.648182
-7.673933
-8.214220
-8.545487
-8.787759
-8.880169
-9.119208
-9.043862
-9.420276
-8.997015
-9.650050
-9.375887
-9.836357
-9.810419
-9.673010
-9.497307
-9.452506
-9.680003
-9.742356
-9.798532
-10.461659
-10.494060
-9.658676
-10.060960
-10.178235
-9.701436
-9.713064
-9.407974
-9.746541
-10.123377
-9.342130
-9.197001
-9.049478
-9.189850
-9.593166
-9.450908
-9.348916
-8.653018
-8.292327
-8.887014
-8.131985
-8.706713
-8.304335
-7.908288
-7.212079
-7.893126
-6.864585
-7.203391
-6.476212
-6.817725
-6.237031
-5.970334
-5.808597
-5.488625
-5.369318
-4.804915
-4.383028
-4.792652
-4.730448
-4.312641
-3.704060
-3.301036
-3.490966
-2.402238
-2.676928
-1.774511
-1.974280
-1.144455
-1.381822
-0.937704
-0.638546
-0.232636
-0.490627
