-0.077244
0.514719
1.278477
1.549659
1.926300
2.059763
1.859258
2.691579
2.564759
3.196055
3.332136
4.140576
3.624976
4.756783
4.529426
5.283690
5.395839
5.580814
5.391829
5.694967
5.864487
5.908755
6.325816
6.893374
7.460522
6.902920
7.797580
7.949414
7.588442
8.340522
8.252119
8.528893
9.102003
9.096830
8.461663
8.652252
8.841950
9.796757
9.133525
9.885156
9.394879
10.047665
9.708537
10.255211
9.521020
9.936858
10.353389
10.020288
10.169992
9.958248
10.151241
10.161236
10.149459
9.742561
10.310482
9.775043
9.762473
9.531086
9.909600
9.919238
9.277746
9.619655
9.198031
9.543977
8.979265
8.354766
8.755339
8.869009
8.316217
8.285277
8.235611
7.933116
7.356178
7.618936
7.314396
6.519533
6.320327
5.995332
6.573168
5.776533
5.306174
4.878752
4.714230
5.159990
4.300862
3.895735
3.986860
3.550644
3.755352
2.666914
3.075086
2.616672
2.106994
1.429429
2.031053
0.832873
1.303559
0.972708
-0.158050
0.360306
0.018290
-0.487768
-0.824210
-1.697514
-1.211180
-2.184157
-2.214916
-2.692086
-3.066299
-3.383613
-3.058382
-4.122304
-4.440082
-4.171180
-4.285573
-4.350338
-5.333461
-5.056834
-6.004723
-6.020035
-6.146439
-6.017071
-6.381323
-7.126228
-7.380171
-6.959834
-7.366700
-7.287967
-7.560917
-7.593260
-8.045665
-8.345687
-8.700793
-9.073666
-8.552693
-9.319071
-9.135894
-9.400801
-9.758557
-9.864876
-10.042643
-9.897948
-9.334009
-10.144677
-10.322298
-10.309918
-9.508989
-9.958462
-10.138359
-9.690261
-9.547101
-10.165916
-10.068577
-10.344543
-9.944503
-9.822959
-10.101426
-9.620989
-9.224928
-9.879357
-8.941403
-9.322202
-9.473890
-9.070389
-8.565623
-8.997647
-8.939114
-8.679482
-8.228247
-8.521907
-8.095206
-7.531230
-7.963928
-6.857979
-7.090034
-7.275819
-6.450107
-6.660743
-6.254482
-6.202371
-5.425411
-5.754521
-5.272274
-5.062658
-4.913063
-4.211780
-4.399745
-4.063591
-3.095074
-2.878032
-2.401901
-2.530468
-2.530529
-1.483324
-1.904617
-1.379775
-1.015882
-0.953757
-0.317203
0.137167
