0.742409
0.993287
0.818232
1.390794
1.482152
1.513817
2.354494
2.567776
2.403987
3.454035
3.421681
3.487213
4.439108
4.630769
4.656342
4.790824
4.947088
5.656320
5.336809
5.500946
5.954294
6.744196
6.413497
7.007913
7.354323
7.138474
7.490293
7.499361
7.531024
7.644184
8.390343
8.716580
8.608923
8.352975
9.300480
9.162332
8.860094
9.435676
9.115864
9.737117
9.909753
9.558796
9.948505
9.963076
9.827112
10.419044
9.922446
10.398028
9.739669
10.230201
9.601537
9.657402
9.748311
9.945402
9.734023
9.962188
9.711442
9.189246
9.463453
9.219149
9.751544
9.085684
9.299269
8.943891
8.513716
8.421579
8.837779
8.802840
8.603110
8.345018
8.334220
7.844920
7.419568
7.066957
7.402915
6.360618
6.807637
6.245514
6.398463
5.704454
5.291906
5.009345
5.443879
4.676327
4.414668
4.469947
3.713389
3.343234
3.161398
2.906229
2.407063
2.755638
2.222789
2.006601
1.072479
1.737792
0.883075
0.582425
0.541598
-0.066676
0.059136
-0.418302
-0.579702
-1.635865
-1.519735
-2.290234
-2.191844
-2.414794
-2.585085
-3.445408
-3.855164
-3.405185
-4.039477
-4.722715
-4.459974
-4.778983
-5.506749
-5.484395
-5.921638
-6.147808
-5.833926
-6.181506
-6.559905
-6.521219
-6.999550
-6.952010
-7.644169
-7.971124
-7.891281
-8.425689
-8.243180
-8.709908
-8.797896
-8.540292
-8.703464
-8.615379
-9.400610
-9.696685
-9.459710
-9.901847
-9.896554
-9.451885
-10.118031
-9.558712
-9.403142
-9.442906
-9.740961
-10.077930
-9.600827
-10.293142
-10.069583
-9.669052
-9.650254
-10.095878
-10.132592
-10.270224
-9.490950
-10.108955
-9.525283
-9.445514
-9.649548
-9.437360
-9.055755
-8.770204
-8.890499
-8.531190
-8.826158
-8.714466
-8.340037
-7.961922
-8.367036
-7.684446
-7.153777
-6.831629
-7.518690
-7.047856
-6.522403
-6.031627
-6.041086
-5.538954
-5.386795
-5.384483
-4.932987
-5.208628
-4.378112
-4.442194
-4.213807
-3.254654
-3.187183
-3.184225
-2.482640
-2.702381
-1.972504
-2.358561
-1.491516
-1.095933
-0.942935
-1.104627
-0.645269
-0.247173
