0.023216
0.877325
1.207509
1.665112
1.703107
2.212333
1.725565
2.235093
2.638839
3.395963
3.120338
3.203599
4.172277
4.006132
4.706797
4.625199
5.319983
5.852327
5.268526
5.609622
6.197839
6.491908
7.070781
7.162219
7.338910
7.150421
7.582552
7.414388
8.291843
7.790935
8.085054
8.829277
8.934575
8.442318
8.703984
9.236779
8.805710
9.635809
9.665942
9.868587
9.467390
9.300661
10.136794
9.830573
9.553853
9.854238
9.939288
10.316840
9.646846
9.634516
10.152877
10.066825
10.304252
10.180902
9.541947
9.354316
9.334161
9.827143
9.541918
9.875490
9.846382
9.652553
8.867610
8.951815
9.395214
8.839429
9.039938
8.474613
7.847302
8.061199
7.884361
7.731491
7.109635
7.711740
7.335058
6.601076
6.344760
6.428054
5.931929
5.813885
5.528858
4.927064
4.950370
4.934784
4.951166
3.886874
4.267825
3.764301
2.959115
3.459985
2.901011
2.256145
2.094426
1.836670
1.751097
1.424488
0.615999
0.969029
-0.152498
-0.083962
-0.559722
-0.905896
-1.270174
-1.438742
-1.686071
-1.698239
-2.487550
-2.472822
-2.866390
-3.578481
-3.435710
-3.236167
-3.477390
-4.295046
-4.351790
-4.580735
-5.297389
-5.059233
-5.331849
-6.077325
-6.424961
-6.076229
-6.433670
-6.656690
-7.463611
-7.380076
-7.298115
-7.453996
-7.579884
-8.190054
-7.804880
-8.394034
-8.694180
-8.957129
-9.172680
-9.271283
-9.611255
-9.609750
-9.246316
-9.508952
-9.113203
-9.781717
-9.806256
-9.342672
-10.004092
-10.233832
-9.485918
-10.439387
-9.585271
-10.387059
-9.517594
-10.014801
-9.644936
-10.254752
-9.509339
-9.925242
-10.143608
-10.013089
-10.075214
-9.965828
-9.755211
-9.436162
-9.258780
-8.737414
-8.544614
-8.621352
-8.470483
-8.320696
-7.825133
-8.507546
-7.629413
-7.887271
-7.092066
-7.051243
-7.462168
-6.655128
-6.216310
-6.637734
-6.481495
-6.368216
-5.613352
-5.384005
-4.697670
-5.054638
-4.224185
-4.613652
-3.780441
-3.458223
-3.223080
-2.891548
-2.352657
-2.075012
-2.415793
-2.010554
-1.557959
-1.341936
-0.903196
-0.857300
-0.247090
0.202543
