0.270576
0.854471
1.331148
1.363082
1.725258
1.579829
1.763207
2.263304
2.524361
3.542554
2.951969
3.544338
4.038171
3.951220
4.072963
4.539015
4.816517
5.854433
5.390230
5.406080
6.052223
5.955604
6.296323
7.157883
6.611324
7.451606
7.628199
7.351584
7.934802
7.603535
8.252390
8.213466
8.966100
8.856313
8.624330
9.018881
9.289671
9.021077
9.414774
9.978621
9.654411
9.644396
9.591607
10.183027
9.681150
10.247298
10.373826
9.677917
9.779254
10.124812
10.425712
10.457100
10.451195
9.935950
9.784247
9.831990
9.667293
9.695380
9.908438
9.330149
9.235296
9.407743
9.660139
9.339186
8.583832
8.714747
8.241248
8.590657
7.810754
7.686629
7.426597
7.920967
7.469183
7.670902
6.660414
7.328774
6.246996
6.705884
6.609890
6.167756
5.767694
5.193022
5.112941
5.279275
4.255051
4.724762
4.395608
3.656992
3.705062
3.481644
2.820514
2.747904
2.242010
1.752678
1.577484
1.239397
0.822230
0.989774
0.013029
0.188699
-0.745093
-0.131547
-1.330849
-0.850952
-1.623282
-1.420183
-2.162412
-2.489719
-2.882722
-3.252431
-3.844162
-3.482827
-3.684983
-4.693524
-4.268993
-4.433636
-5.504003
-5.155811
-5.311830
-5.785569
-5.714556
-6.606970
-6.995417
-6.749844
-6.749706
-6.988865
-7.888349
-8.112134
-7.568298
-8.545074
-8.731055
-8.465725
-8.548909
-8.869136
-9.253149
-9.537140
-9.124870
-9.244421
-9.044818
-9.561942
-9.883682
-9.950969
-9.539828
-9.737362
-9.795289
-10.180969
-10.427506
-10.175002
-10.047857
-9.874697
-10.232128
-9.736679
-9.984819
-9.762041
-10.190866
-9.518111
-9.400638
-9.579943
-9.675656
-9.436687
-9.840047
-9.002436
-8.843703
-9.500098
-9.272901
-8.275308
-8.437648
-8.573438
-8.384740
-8.578008
-7.992341
-7.353131
-7.741479
-7.307416
-6.862712
-7.155206
-6.718739
-6.275025
-6.028013
-5.959952
-5.974419
-5.733303
-5.360836
-4.510874
-4.613605
-4.414656
-3.693927
-3.192944
-3.870904
-2.768407
-3.222917
-2.700092
-2.288281
-2.265358
-1.890182
-0.904282
-1.107318
-0.894026
-0.510202
0.264273
