0.092285
0.957185
0.450917
0.796005
1.989923
2.287321
2.117367
2.720337
3.023261
3.477315
3.607788
3.427277
4.403334
3.845643
4.685329
5.104894
5.274523
5.459647
5.717722
5.782205
6.532868
6.283124
6.277634
6.554393
7.162079
7.153118
7.938827
7.635297
7.602996
8.352304
8.406624
8.870988
8.107768
8.425933
9.218607
8.710838
9.318809
9.413205
9.700404
9.608197
9.263894
10.048764
10.106098
9.343516
9.952561
9.677458
10.041689
10.403374
10.208071
10.385929
9.762742
9.895941
9.620765
10.058549
10.280527
9.855741
10.051848
9.349032
9.565489
9.086158
9.356218
9.326422
9.168362
9.163125
8.689392
9.239252
8.885044
8.140484
7.845141
7.748093
8.142633
7.811622
7.106790
7.112345
6.881895
6.491020
6.700216
6.211743
6.293968
6.271785
5.340507
5.432835
5.125517
5.007345
4.071310
4.290183
3.899331
4.067534
3.537945
2.981937
3.069692
2.855256
2.451603
1.720599
1.824872
1.165741
0.499144
0.346220
-0.170952
-0.046927
-0.744847
-0.201781
-0.626363
-1.246301
-1.901025
-2.175226
-2.129915
-1.992563
-2.439708
-3.043790
-3.790636
-3.662166
-3.607850
-4.598066
-4.069089
-4.702687
-4.785270
-5.621287
-5.844229
-5.754092
-5.974928
-6.403489
-6.878707
-6.605699
-7.440679
-7.517685
-7.862117
-8.116937
-7.751701
-8.484212
-8.282497
-8.566820
-8.357086
-8.282426
-8.549907
-8.603788
-9.483657
-9.497872
-9.638007
-9.918386
-9.351279
-9.377177
-10.067875
-10.158885
-10.346482
-9.950631
-10.373831
-10.166046
-9.666546
-10.054467
-9.992697
-9.669259
-10.290350
-9.609064
-9.643654
-10.040501
-9.994896
-10.118299
-9.473776
-9.500262
-9.858325
-9.023446
-9.470025
-8.598783
-9.288108
-9.235262
-9.073055
-8.008755
-8.755815
-7.869975
-8.325454
-8.034083
-7.489147
-7.178475
-6.719655
-6.593747
-6.678925
-6.605141
-6.189844
-5.862724
-5.920561
-4.963576
-5.552523
-4.364788
-4.597723
-4.114398
-4.373255
-3.691451
-3.159898
-3.544216
-2.830833
-2.507909
-2.087323
-1.500021
-2.057108
-1.113458
-0.707304
-0.866457
0.138926
0.026493
