0.375592
0.601780
0.637918
1.595940
1.635737
1.748580
1.777171
2.364994
2.365962
2.782872
3.834322
3.988958
3.595943
4.723959
4.642908
4.994140
4.833121
5.793104
5.653973
5.386625
6.599531
6.754404
6.760452
6.434703
7.212998
6.862872
7.300811
7.830421
7.430336
7.748798
8.499374
8.475546
8.304107
9.181350
8.625335
8.901156
8.835784
9.167837
9.645902
9.040563
9.663811
9.404043
10.177335
9.840936
9.533687
10.251475
10.207079
9.823943
10.116452
10.111352
10.104060
10.076302
9.484952
9.808399
10.320751
9.982625
10.190500
10.071753
9.811317
9.453051
9.722439
9.653022
8.863537
8.901481
8.976176
8.447879
8.573015
8.126551
8.362226
8.371167
8.057021
7.265181
7.688566
7.451542
6.624348
7.108794
6.147769
6.771980
6.336304
5.467315
5.454659
4.996624
4.829643
5.288614
5.010949
4.564741
4.394553
3.863491
3.531384
3.086919
3.281785
2.710970
2.061336
1.453375
1.796932
1.267067
0.963431
0.942261
0.648730
0.446853
-0.327554
-0.947666
-1.262495
-1.155637
-1.089618
-1.446282
-2.127508
-2.697943
-3.064373
-2.823473
-3.669174
-3.736293
-4.120275
-4.336807
-4.233263
-5.286927
-5.357284
-4.950279
-5.279788
-5.546317
-6.473537
-6.568681
-6.375914
-6.744242
-6.979725
-6.877881
-7.496662
-7.412744
-7.596853
-7.939152
-8.171767
-8.645298
-8.141664
-8.340686
-8.759780
-9.372432
-9.498699
-9.472471
-9.275263
-9.727109
-9.799543
-9.294495
-9.280319
-9.470856
-9.880824
-9.545675
-9.746006
-9.526945
-10.236069
-9.576210
-9.739504
-9.821236
-10.231149
-9.601504
-9.943646
-9.933095
-9.782268
-9.916239
-9.514109
-9.040858
-9.028121
-8.834316
-9.162540
-9.038372
-8.854466
-8.413401
-8.268017
-8.814851
-8.518007
-8.254293
-7.670703
-7.523968
-7.673990
-7.429272
-7.241134
-6.879129
-6.242044
-5.920605
-6.064854
-5.433179
-5.288195
-5.587327
-5.252969
-5.150058
-4.074443
-4.346531
-3.605541
-3.260589
-3.100144
-3.245179
-3.220605
-2.223469
-2.086458
-1.809507
-1.380197
-1.127318
-0.699741
-0.402181
-0.477704
-0.243085
