0.323391
0.195097
0.664937
1.417931
1.802956
1.553227
2.221392
2.114628
2.416063
2.641885
3.686923
4.090355
4.281374
4.011235
4.113157
5.160696
5.383670
5.813265
5.670533
5.682618
6.444286
6.350051
6.785730
6.744590
6.832366
6.953211
7.835130
7.886341
7.675929
8.458455
8.458391
8.470184
9.100169
8.817489
8.718072
8.946573
8.731280
9.721555
9.129777
9.225603
10.086985
9.314449
9.385648
9.410210
10.059710
9.893835
9.985173
9.868422
9.681174
10.488696
10.282421
10.382184
10.380337
9.502791
9.400191
9.483946
9.868584
9.369395
9.135759
9.834552
9.035623
9.291720
8.939024
8.799152
9.156487
8.635419
8.374037
8.743155
8.096947
8.572419
7.687973
7.209550
7.005933
7.498631
7.280323
6.966019
6.199752
6.414651
6.458297
6.365098
5.596881
5.504902
4.676385
4.470901
4.615119
3.949650
4.430212
3.616683
3.748584
3.239495
2.305211
2.268724
2.481150
2.020989
1.846755
1.136568
1.360966
0.700228
0.451806
0.112552
-0.426270
-0.502751
-0.989821
-0.966490
-1.476893
-1.433749
-1.726372
-2.368538
-2.482936
-3.178338
-3.778491
-3.621953
-3.950770
-4.529852
-4.555216
-4.621106
-4.627472
-5.443646
-5.940553
-6.066003
-6.580531
-6.570386
-6.866971
-6.967510
-6.733745
-7.013400
-7.535747
-7.984953
-7.700242
-7.615600
-8.101820
-8.178579
-8.815131
-8.264237
-9.230264
-9.537173
-9.551248
-9.001084
-9.502242
-9.252676
-9.836965
-9.229980
-9.728843
-10.158742
-9.548445
-9.521653
-9.906309
-10.412792
-10.435943
-9.593920
-10.273954
-9.864451
-10.353842
-10.255521
-10.261180
-10.260994
-9.604296
-10.154706
-9.298816
-9.805854
-9.572415
-9.586090
-9.522032
-9.437959
-8.891578
-8.463027
-8.704594
-8.576453
-8.173777
-7.802848
-7.460240
-7.826591
-7.609413
-6.862845
-6.920496
-7.339650
-6.347187
-6.377966
-5.822377
-5.400656
-5.571315
-5.050886
-4.829853
-4.420054
-4.654504
-4.081504
-4.340529
-3.870464
-3.470031
-2.770826
-2.331540
-2.088039
-2.239207
-1.938014
-1.739623
-1.190024
-0.935358
-0.826819
-0.746694
-0.005670
