-0.128661
1.005237
0.774664
1.685172
1.214766
1.893231
1.995941
2.180116
2.843610
3.505412
3.465538
3.630589
3.616239
4.609821
4.872821
5.048079
5.290928
5.025463
5.946967
5.580774
6.078770
6.240765
7.111402
6.716426
7.118611
7.208147
7.242294
7.351909
7.483492
7.967644
8.147838
8.598662
8.321803
9.026821
9.225441
8.792911
9.019024
9.481161
9.197078
9.407100
9.894690
9.596258
10.227365
10.177933
10.260397
10.104554
9.733502
9.662275
9.953384
9.604157
9.720287
9.901821
9.595139
10.221071
10.310990
10.149824
9.849218
9.248173
9.917195
9.448155
9.306389
9.204034
8.680232
8.967515
9.298616
8.741494
8.833846
8.894916
8.030603
7.649992
8.227001
7.946523
7.536818
7.784632
7.566769
7.082103
7.065075
6.029138
6.528205
5.502787
5.784224
5.590139
5.537840
4.539679
5.026099
4.688768
3.855480
3.592926
3.636593
3.323688
2.525856
2.284702
2.193295
2.365828
1.939774
0.841245
0.599913
0.645763
0.259897
0.055593
-0.384411
-0.352943
-1.011144
-1.346816
-1.392783
-2.224438
-1.800022
-2.728030
-2.317956
-2.735999
-3.471837
-4.099359
-3.779572
-4.453181
-4.644504
-4.739659
-5.506701
-5.663443
-5.181965
-5.994810
-6.123815
-6.565001
-6.732681
-6.444373
-6.591364
-7.440229
-7.991960
-7.837376
-7.882477
-8.493172
-8.253025
-8.182404
-8.418007
-8.801443
-8.934564
-8.566098
-8.698612
-9.045949
-9.088325
-9.653282
-9.390933
-9.394565
-9.260902
-9.908469
-10.156956
-10.396139
-9.843226
-10.458445
-9.495553
-9.774823
-9.964378
-10.081355
-9.501379
-10.057276
-9.792772
-10.216767
-9.406515
-10.094832
-9.708787
-9.185285
-9.366356
-8.848435
-9.109087
-9.438952
-8.868946
-8.281181
-8.542320
-8.332805
-8.305223
-7.874367
-8.053992
-7.332119
-7.460062
-7.188050
-7.069838
-6.373551
-6.809026
-6.520782
-6.514353
-6.229909
-5.700184
-4.941574
-5.126848
-5.084989
-4.784499
-4.494712
-3.583313
-3.877730
-3.280216
-2.695542
-2.339608
-2.544021
-2.250966
-1.993512
-1.921142
-0.936862
-0.837512
-0.889985
0.002827
0.296412
