-0.114911
0.841412
1.265815
1.578204
1.243916
2.116122
2.335416
2.364524
2.772078
3.228213
3.699641
3.831843
3.580972
3.790189
5.031262
4.998746
5.191278
5.740764
6.000919
6.045165
5.940555
6.182865
7.081255
7.116946
7.112364
7.281186
7.698444
7.608502
8.080690
8.465341
8.033969
8.028728
8.844714
9.185361
8.488088
8.603504
9.489732
8.962571
8.942475
9.571634
10.079643
9.614874
10.174762
9.705222
10.106314
10.373789
10.201759
10.154188
9.580405
10.224898
9.771586
10.410294
9.562409
10.182412
9.905663
9.969992
9.470996
9.222377
9.369617
9.573109
9.066697
9.598816
9.100521
9.153356
9.010478
8.574583
8.665620
8.769775
7.871227
8.398303
7.467740
7.646297
7.701786
7.518385
7.145267
7.245011
6.420806
6.264838
6.250580
5.910361
5.441976
5.296696
5.036045
4.333166
4.393744
4.721754
4.342381
3.596671
3.765572
3.233542
2.959121
2.222870
2.657099
2.042796
1.742702
1.521411
0.974184
0.219505
-0.072720
-0.268325
-0.628296
-0.302073
-0.527459
-0.834245
-1.262385
-2.197819
-2.185751
-2.025632
-2.535695
-2.852871
-3.303284
-3.760413
-3.749442
-4.493781
-4.827027
-4.679490
-5.537555
-4.869062
-5.378549
-5.664393
-6.205564
-6.639753
-6.511505
-7.288594
-6.801024
-7.493939
-7.790957
-7.610292
-7.534899
-7.889403
-8.198514
-8.463838
-8.679624
-9.128517
-8.695122
-8.934168
-9.490980
-9.129800
-9.693838
-9.163969
-9.357683
-10.064317
-10.158876
-9.863459
-9.977773
-9.689085
-9.830585
-10.138663
-10.032439
-10.445198
-9.621445
-10.176068
-10.183068
-9.703192
-9.513865
-9.930876
-9.933918
-10.157012
-9.583911
-9.032005
-9.258104
-9.317022
-9.363012
-9.161594
-9.345722
-9.101983
-8.491154
-8.506269
-8.530872
-8.409857
-7.873228
-8.074578
-7.133894
-7.399557
-7.131148
-6.876760
-6.791596
-6.836489
-5.778979
-6.081106
-5.588131
-5.725250
-5.309408
-5.030923
-4.058147
-3.762977
-4.007794
-4.095221
-3.180070
-2.712726
-2.524335
-2.771792
-2.395955
-1.636493
-1.990764
-1.516221
-0.826696
-0.458567
-0.364161
0.179417
