-0.045926
0.902901
0.517833
1.613830
1.522630
2.310058
2.257601
2.986377
3.099619
3.332510
2.980664
3.410957
3.897583
4.541544
4.970346
4.506947
5.234299
5.189202
5.337483
6.126991
6.064190
6.226235
6.126723
6.825648
7.221628
7.114753
7.028271
7.746339
7.843552
7.622228
8.091577
8.183075
8.989974
8.982333
9.163892
9.047233
8.829686
8.801058
8.970106
9.460378
9.484566
9.420504
9.601070
9.539926
9.593837
10.216468
9.560973
10.038625
10.375861
9.739542
9.502593
9.853125
9.958057
9.997437
10.060299
10.132011
9.542799
9.970718
9.184641
9.346807
9.164375
9.573763
9.385109
8.632394
8.968088
8.749004
8.477959
8.441147
8.603466
8.586627
8.103156
7.429902
7.069617
7.340623
7.353998
6.489167
6.176360
6.660913
6.081809
6.372694
6.042412
5.715377
4.870321
4.542206
4.583169
4.380000
4.277095
3.675055
3.244241
2.846223
2.357320
2.244132
2.259718
2.097380
1.191683
1.669904
1.015598
0.172280
0.155023
0.097554
-0.335425
-0.866224
-0.909343
-1.503263
-1.190798
-2.184875
-1.749403
-2.536327
-2.730512
-3.113161
-3.644674
-3.596680
-3.501889
-3.916102
-4.864560
-5.034667
-4.747500
-5.515853
-5.169003
-6.248696
-6.062958
-6.707660
-6.143427
-7.312221
-6.853195
-7.765232
-7.623094
-7.570718
-8.319930
-8.503829
-7.999428
-8.465964
-8.527267
-8.850909
-8.916333
-9.240794
-8.804689
-8.931202
-9.641227
-9.923819
-9.395692
-10.144685
-9.603159
-9.722050
-9.797232
-9.436472
-9.456728
-9.601317
-10.194534
-9.605883
-9.958454
-10.136914
-10.381573
-9.950078
-9.657886
-9.964484
-10.234292
-9.604630
-9.272796
-9.788229
-9.763129
-9.364679
-9.227723
-8.597508
-9.052202
-8.920784
-8.497945
-8.359304
-7.855581
-8.374362
-7.658465
-7.354717
-7.105677
-7.685772
-6.742202
-7.313486
-6.685861
-6.798717
-5.862267
-5.506286
-5.949670
-5.666808
-5.156222
-5.042453
-4.546036
-4.110063
-3.510292
-3.743304
-3.372250
-3.517171
-2.443335
-2.909470
-2.090166
-2.245453
-1.077500
-0.772789
-0.471071
-0.619009
-0.318798
0.351783
