0.672557
0.382023
1.032915
1.599801
1.398981
1.442654
1.829574
2.803206
2.569998
3.282290
3.853524
3.454236
3.553746
3.942360
4.427752
5.053830
5.152505
5.087472
5.535763
6.075724
6.475954
6.621616
6.203568
6.385858
6.868713
7.203327
7.174536
7.583784
8.013423
8.047485
7.847266
8.357561
8.634609
8.828034
8.976677
9.097825
9.055940
9.694181
9.456644
9.157663
9.301956
10.154057
9.290375
10.187644
9.733986
10.049425
10.228704
10.398551
9.547609
9.901074
9.987466
10.480139
9.859922
10.228163
10.262713
9.732249
9.740227
9.298431
9.480060
9.094313
9.715172
8.858859
9.048132
9.059257
9.354929
9.155269
8.376695
8.543857
7.910848
8.207166
8.280435
7.668885
7.633730
7.518619
7.111962
6.784835
6.905368
6.365740
5.999848
5.788597
5.525482
5.825400
4.913918
4.965390
4.147978
3.964378
3.807383
3.806554
3.195923
2.763796
2.739103
2.091023
2.029918
2.357700
1.232304
1.522295
0.738723
0.869723
0.251669
0.092657
-0.310238
-0.882742
-1.104889
-1.230843
-1.381613
-1.818099
-1.906194
-2.675483
-2.576763
-2.635730
-3.796335
-3.410169
-4.009344
-4.066279
-4.574469
-4.859601
-5.379220
-5.455604
-5.685587
-5.979067
-6.533897
-6.615598
-6.195034
-7.056139
-7.293440
-6.863242
-7.220247
-8.161458
-8.034915
-7.604689
-8.693757
-8.492726
-8.644355
-8.836070
-9.287213
-8.844419
-9.339386
-8.911197
-9.486909
-9.217364
-10.045857
-9.521751
-9.817108
-9.823614
-10.261440
-9.828615
-9.949100
-9.777727
-9.942707
-10.016387
-10.297562
-10.223633
-9.821696
-9.625004
-9.426831
-10.080804
-9.810712
-9.302690
-9.866662
-9.564398
-9.902693
-8.895750
-9.040956
-8.967073
-9.127908
-8.414108
-8.709054
-8.437498
-8.359978
-8.214278
-7.821127
-7.442694
-7.927288
-7.078124
-7.030812
-7.098125
-6.763543
-5.984216
-6.124446
-5.699191
-5.494548
-4.977571
-5.410467
-4.393164
-4.574476
-4.512083
-4.164409
-4.004453
-3.626753
-3.263223
-2.797175
-2.073284
-2.033865
-2.328211
-1.394407
-1.583071
-1.339312
-0.361107
0.152948
-0.066755
