0.162372
0.148787
0.788439
1.478142
1.244058
1.820338
1.795100
2.565510
3.144226
3.408082
3.587377
4.153010
3.775545
4.202675
4.291841
4.479343
4.832323
5.762505
5.715006
6.227240
6.442894
6.047665
6.491815
6.971961
6.971054
7.341153
7.041673
7.375208
8.167164
8.253352
7.901815
8.795937
8.533088
8.895211
8.666921
9.481037
8.901272
8.898278
9.594606
9.724846
10.086909
9.441957
9.601267
10.309585
10.131151
10.124485
10.187244
9.871699
9.764906
10.012217
10.271523
9.754320
9.956520
10.272582
9.468872
9.353883
9.910554
10.058567
9.416672
9.257070
9.119593
9.487197
9.115769
9.333967
8.498426
8.559527
8.608563
8.317815
8.304054
8.312236
8.227193
7.428523
7.765290
7.091453
6.768386
7.004788
6.839041
6.679297
5.814548
5.966409
5.921954
5.015396
4.678377
4.881382
4.471698
4.194140
4.095059
3.769717
3.067321
3.505769
2.299927
2.587261
2.096268
2.065657
1.353165
1.646159
0.787522
0.937299
0.420722
0.417014
-0.285773
-0.784701
-0.910957
-0.874850
-1.621792
-1.768160
-2.005780
-2.735885
-2.297278
-3.347020
-2.893575
-3.210500
-3.628752
-4.736876
-4.094214
-4.516253
-5.434240
-5.201107
-5.222107
-5.647494
-6.213741
-6.534465
-6.311157
-6.603480
-7.293887
-7.184558
-7.760604
-7.777444
-7.555873
-8.480808
-8.186908
-8.675158
-8.186371
-8.793822
-9.286118
-9.346084
-8.828906
-9.392299
-8.951998
-9.348317
-9.108210
-9.206016
-10.148392
-9.982016
-9.593814
-9.593062
-10.008409
-9.875473
-9.539302
-10.061476
-9.931882
-10.041601
-9.480008
-10.390586
-10.179828
-10.214649
-9.949807
-9.538349
-9.118235
-9.384321
-8.913907
-9.225898
-9.104032
-8.988701
-9.025373
-9.097528
-8.868817
-8.272133
-8.289982
-8.159755
-8.208923
-8.110674
-7.317545
-7.244228
-7.064063
-7.230019
-6.743368
-6.574357
-5.797741
-5.597588
-5.273627
-5.111839
-4.940044
-4.907789
-4.136168
-4.574830
-4.278851
-3.319989
-3.226334
-2.669710
-2.528924
-2.158750
-1.861004
-1.698057
-2.004055
-0.773852
-0.524353
-0.398717
-0.490670
-0.458482
