0.201459
0.865225
1.212885
1.015485
1.318198
1.397325
1.773108
2.541679
2.777224
3.494198
3.733251
3.582605
3.961385
3.770264
4.168002
5.102557
4.975504
4.932056
5.919104
5.661814
6.216592
6.262214
6.791439
6.943322
7.352993
7.149124
7.634771
7.231074
7.707463
7.658364
8.562359
8.902788
8.772296
8.894472
8.835871
8.797953
8.993789
9.625526
8.923521
9.804710
9.407859
9.470297
9.912089
9.945030
10.357372
9.424260
10.426616
9.685097
10.059025
9.921069
10.296396
10.238612
10.160679
9.814537
9.617788
9.714982
9.287740
9.799604
9.411000
9.711501
9.907756
9.659592
8.747594
9.001298
8.838216
8.415658
8.939572
8.928671
8.557582
8.462621
8.311334
7.602601
7.635843
7.737681
6.801343
6.961077
6.900410
6.088792
6.228449
6.249137
5.476666
5.307085
4.788181
5.086927
4.747015
4.343583
4.313302
3.609558
3.323473
3.473154
3.008378
2.037351
2.341543
2.288562
1.858842
1.188678
0.487225
0.150888
0.338577
-0.279243
-0.241555
-0.509769
-1.034119
-1.601469
-1.840692
-1.724095
-2.111831
-2.836226
-2.922271
-3.262828
-3.629345
-3.249406
-4.108370
-4.377472
-4.468821
-4.795764
-4.684295
-5.585028
-6.043546
-5.466483
-5.662680
-6.296804
-6.187174
-6.367655
-6.809510
-7.743492
-7.347544
-8.059700
-8.288468
-8.058068
-8.073811
-8.685957
-8.654652
-8.489969
-8.750417
-8.932462
-9.604376
-9.503570
-8.946317
-9.438934
-9.443548
-10.139978
-9.731244
-10.023579
-9.728241
-9.715721
-9.997524
-9.863274
-10.208143
-10.176402
-10.378071
-10.441049
-9.763995
-10.350532
-9.698822
-9.700597
-9.894340
-9.435356
-9.927253
-9.130468
-9.677673
-9.480571
-8.691232
-9.523127
-8.552265
-8.287223
-8.619169
-8.822828
-8.240715
-7.733138
-8.234171
-7.905060
-7.971880
-7.109371
-6.713606
-6.832853
-6.823986
-6.089366
-5.815328
-5.831143
-5.285660
-5.440349
-5.575160
-4.490281
-4.086430
-4.724562
-4.309544
-3.464983
-2.903127
-2.910451
-2.502933
-2.758236
-1.874631
-2.135779
-1.864635
-1.238509
-1.182299
-1.089261
-0.283919
-0.034989
