0.528803
0.493291
1.023432
1.674653
1.461487
1.796219
1.696935
2.266287
2.779427
3.495160
3.461200
3.958577
3.982050
4.596654
4.042506
4.937010
5.085536
5.759381
5.181749
6.177006
5.715951
5.907507
6.327555
7.022032
7.563054
7.438297
7.208725
8.195466
7.607935
8.016203
8.454346
8.476916
8.555813
9.095412
9.154903
8.704023
9.294175
9.072667
9.624583
9.145111
9.726572
9.662393
9.259383
9.682561
9.715150
9.695664
9.961398
10.143737
9.907537
10.433427
10.485867
9.730148
9.793401
9.815944
9.754402
9.736010
9.320495
9.284198
9.737867
9.864815
9.459807
9.079967
9.649442
8.634850
8.952788
8.453220
8.109821
8.494017
8.719517
8.164148
8.280088
7.674205
7.946447
7.300191
7.346716
6.879531
6.769896
5.900565
6.034729
6.172776
5.674908
5.765039
4.984558
4.725205
4.778075
3.928467
4.222580
3.669816
3.330547
3.084360
2.375566
2.856813
2.007915
2.292694
1.684184
0.896054
0.526209
0.653038
0.523854
-0.159642
-0.440583
-0.501130
-0.547811
-1.471181
-1.697007
-2.335536
-1.970703
-2.279840
-2.760400
-3.178291
-3.518082
-3.299022
-4.237818
-4.260527
-4.383136
-4.523508
-4.795879
-5.233420
-5.775297
-5.818910
-6.350089
-6.407669
-6.197990
-6.444171
-7.045459
-7.514258
-7.804325
-8.119380
-8.040516
-8.347400
-7.940240
-8.481606
-8.706986
-8.870871
-8.946325
-8.949638
-8.746381
-8.839901
-9.454868
-9.205789
-9.943692
-9.230369
-9.842079
-9.582395
-9.998290
-10.112703
-9.487611
-10.456308
-9.539853
-10.194509
-9.689259
-9.893354
-9.492183
-9.526204
-10.064100
-10.304966
-9.334165
-9.813988
-9.791402
-9.614123
-9.383847
-9.457152
-9.346138
-9.102878
-8.502831
-8.338349
-8.250484
-8.791585
-8.749224
-8.429252
-7.656072
-7.423221
-7.628539
-6.899582
-6.649929
-6.730161
-6.866352
-5.968514
-5.842466
-5.811213
-5.893394
-5.462157
-4.718637
-4.975826
-4.209563
-3.914201
-3.669433
-3.821649
-3.673200
-3.525466
-2.701570
-2.163169
-2.656081
-1.379385
-1.656262
-1.653597
-0.778236
-1.124831
-0.640256
0.476437
