0.381451
0.789899
1.053040
1.477623
1.888989
1.963295
2.347495
2.824839
2.842803
2.923079
3.203564
3.753290
4.166776
4.214113
4.649583
4.424726
5.454830
5.026199
5.256926
5.525762
6.579552
6.591013
6.313989
6.805716
6.853911
7.158252
7.672011
7.985689
7.753298
7.952886
7.788049
8.577818
8.111286
8.392800
9.238926
9.381845
8.854411
9.428136
9.815037
9.254756
9.674480
9.325675
9.931937
10.011681
9.456990
10.066374
10.156164
10.271521
10.011393
10.153105
10.465149
10.015377
9.884226
9.902013
10.209594
10.277300
9.643496
9.874484
9.413144
9.719515
9.175240
8.806445
9.107925
8.935072
8.632959
9.220193
8.575013
8.322096
8.029467
7.591874
7.731573
7.330678
7.204785
7.608180
6.649491
6.358569
6.778986
6.445366
6.311789
5.861153
5.928053
5.272787
4.995015
5.076347
5.013550
4.437907
3.715760
3.292554
3.532391
2.603054
2.478188
2.831206
2.647978
1.843730
1.169924
1.200337
0.654199
0.515022
0.797445
-0.204501
-0.457613
-0.964924
-0.899539
-0.803342
-1.669215
-1.449074
-1.926562
-2.913403
-3.260550
-3.360847
-3.053211
-3.246288
-3.887766
-3.880630
-4.666104
-5.253233
-5.458181
-5.471999
-5.320956
-5.505431
-5.796828
-5.908848
-6.231555
-7.327232
-7.518736
-7.651372
-7.221401
-7.326318
-7.717385
-8.084303
-8.635163
-8.176117
-8.679988
-9.262280
-9.298660
-8.701322
-9.338875
-8.978704
-9.568764
-9.572956
-10.064824
-9.339151
-9.684572
-9.798622
-9.658436
-10.117616
-10.091161
-9.830343
-10.480615
-9.854227
-9.802665
-9.556509
-10.170666
-9.742463
-10.201423
-9.454735
-9.687779
-9.731706
-9.605167
-9.213305
-9.307055
-9.749463
-9.383551
-8.764598
-8.777386
-8.648295
-9.028778
-7.953153
-8.764391
-7.951459
-7.692133
-7.378575
-7.730111
-7.119143
-7.324444
-6.449123
-6.572253
-6.091324
-5.876084
-6.121909
-5.785405
-5.533614
-5.270362
-4.776396
-4.269562
-4.741875
-3.491347
-3.595127
-2.954809
-2.617557
-2.632937
-2.246335
-1.719514
-1.668714
-1.562017
-0.933562
-1.093003
-0.601322
-0.426982
0.332380
