0.582245
1.002568
0.583251
1.316807
1.792877
1.439355
1.841001
2.779866
2.818149
2.768601
3.599653
3.391272
3.778981
4.713224
4.517402
4.816405
5.087109
4.955911
5.352443
5.469043
5.897598
6.241089
6.130972
6.399369
6.947966
7.007203
7.810600
7.523901
8.268064
7.934192
7.915411
8.698192
8.759248
8.359448
8.443270
8.767600
9.518793
9.686803
8.966071
9.698269
9.914038
10.023433
9.928002
10.109124
9.501621
10.024278
10.262566
9.537580
10.286433
9.555706
10.037404
10.456291
9.665471
9.659161
9.995169
10.048071
9.683177
10.120379
9.289564
9.982715
9.301017
9.260342
9.459437
9.535883
9.216551
8.728088
8.453117
8.025401
8.191302
8.242485
7.895415
7.657360
7.533564
7.157891
7.105505
6.560748
6.636654
6.267358
6.269030
5.519293
5.563276
4.984341
5.357550
4.716381
5.015669
4.230438
4.318874
3.849871
3.801198
2.685120
2.849906
2.484395
2.099971
2.169341
2.029426
1.730410
0.822894
0.483162
0.069341
-0.060370
-0.250024
-0.739187
-0.606081
-1.003000
-1.829233
-1.467976
-2.401457
-2.337590
-2.871441
-3.357316
-3.507266
-3.681802
-4.088989
-4.417877
-4.321928
-4.945239
-5.512805
-5.482456
-5.419791
-5.380240
-6.407202
-6.678682
-6.124827
-6.870992
-7.026723
-7.571183
-7.046766
-8.077584
-7.725371
-7.650869
-8.616956
-8.463493
-8.740155
-8.399669
-8.643186
-9.428181
-9.110463
-9.434719
-9.692177
-9.740988
-9.142030
-9.704538
-10.047178
-9.646257
-9.889590
-9.700541
-9.838814
-10.470192
-9.534863
-9.818647
-10.362620
-10.113120
-10.016533
-10.286898
-9.692742
-10.250512
-10.052589
-9.822199
-9.652438
-9.058289
-9.552894
-8.871475
-9.018114
-9.451048
-8.420616
-8.304091
-8.702752
-8.687539
-8.411152
-8.217394
-7.500412
-7.272192
-7.480279
-7.760799
-7.372224
-6.919147
-6.577525
-6.800130
-5.899625
-5.474217
-5.708361
-5.651232
-4.902995
-4.917417
-4.392958
-3.800007
-4.143879
-3.681394
-3.588366
-2.788015
-2.615420
-2.960857
-2.009692
-1.739527
-1.209586
-1.404467
-0.785234
-0.238937
0.132759
-0.421481
