-0.104321
0.209109
1.377065
1.655038
1.630823
1.870714
1.871468
2.179085
3.185115
3.059057
3.271151
3.350414
3.820716
4.174881
4.915109
5.007840
5.114676
5.542436
5.295689
5.795127
5.639595
6.829404
7.004607
6.346363
6.994463
7.326421
7.077968
7.788864
8.084183
8.191630
8.022079
8.138765
8.311347
8.398563
8.817655
8.682033
9.654388
9.731050
9.607260
9.925551
9.844211
9.854155
9.399352
10.211047
10.046570
9.634248
9.854363
9.739841
9.624532
9.859508
10.125109
9.926194
9.993027
10.327629
10.020775
9.858500
9.294131
10.176000
9.752896
9.984348
9.529119
8.948782
9.160000
8.705175
8.639462
8.471153
8.175665
8.084014
8.484396
8.062701
8.060330
7.925778
7.696555
6.871095
7.128388
6.926203
6.290159
6.047789
6.278905
5.949613
5.705040
5.398958
5.227059
4.758392
4.466114
4.069725
3.866139
4.132828
3.409494
2.615024
2.795420
2.830460
1.836480
2.227027
1.510948
1.483319
0.987536
0.500539
-0.040612
-0.083698
-0.060177
-0.306319
-0.788063
-0.961749
-1.342651
-1.528342
-2.152728
-2.047059
-2.984040
-2.754111
-3.556456
-3.636421
-4.392511
-4.504695
-4.439097
-4.791930
-4.980435
-5.464775
-5.841264
-5.931981
-6.208326
-5.983649
-6.312031
-7.300076
-7.185401
-7.578948
-7.170125
-7.636762
-7.766780
-7.766439
-8.540634
-8.770556
-8.198411
-9.244875
-8.802360
-9.250728
-8.918160
-9.531279
-9.808327
-9.046083
-9.363122
-9.586112
-9.542734
-9.637213
-9.718481
-9.504411
-9.973632
-9.845228
-10.432282
-9.761128
-9.816848
-10.221113
-9.774613
-10.107904
-9.991882
-9.732566
-9.775565
-9.683477
-9.252358
-9.667661
-9.689606
-9.504837
-8.727424
-9.543384
-9.310860
-8.793401
-9.026685
-8.300136
-8.308546
-7.657368
-7.672538
-7.764011
-7.794122
-7.095258
-6.769840
-6.907490
-6.285130
-6.808330
-6.087511
-5.744004
-5.921484
-5.285195
-4.668519
-4.932431
-4.067493
-4.660287
-3.791171
-4.100326
-3.355152
-3.255650
-3.227774
-2.565260
-2.557848
-2.124468
-1.661084
-1.486187
-1.099333
-0.270596
-0.186970
0.281112
