0.035090
1.045654
0.910580
1.287581
1.575470
2.292204
2.023842
2.426295
2.818845
3.365714
3.067974
3.864681
4.092830
3.797979
4.904643
4.684655
5.580164
5.486714
5.394437
6.037567
6.219640
6.600596
6.859971
6.960473
6.704858
7.137368
7.290427
7.873243
8.371575
7.597482
8.031982
8.847966
8.204648
8.649372
8.843198
8.810056
8.959746
9.397232
9.566038
9.682094
10.015976
10.170168
10.255517
9.964068
9.965925
9.772947
10.351230
10.313027
10.430969
9.628710
9.977018
9.497142
10.095045
10.087170
10.158631
10.143376
9.870370
9.619132
9.436724
9.860341
9.068554
9.164241
9.658819
9.307360
8.743739
8.915459
8.966157
8.812209
8.139857
7.849161
7.782784
8.027363
7.022950
7.788009
6.817846
7.193363
6.965309
6.534774
6.292650
5.803752
6.049365
4.971873
5.377019
4.803677
4.639027
4.565040
3.616316
3.637371
2.989519
3.575444
2.789335
2.868028
2.527666
2.241842
1.355053
1.107825
1.401561
0.280387
0.621146
0.392462
-0.718517
-1.024224
-1.290344
-0.886131
-1.633728
-2.020144
-2.547995
-2.435392
-2.549654
-2.923451
-3.595304
-3.771896
-3.975036
-3.975046
-4.199070
-4.501788
-4.767523
-4.945443
-5.205639
-5.945760
-5.952929
-5.880057
-6.811631
-7.136643
-6.634404
-7.711995
-7.815334
-7.264817
-7.804818
-8.396812
-8.347720
-8.324338
-8.117126
-9.040403
-9.310568
-9.447286
-9.273857
-8.818661
-9.818466
-9.586351
-9.224645
-9.891863
-9.359419
-9.500170
-9.994631
-9.985791
-10.080227
-10.114279
-10.312878
-10.141279
-9.809977
-9.709457
-10.028616
-9.932920
-10.070832
-9.875027
-9.805069
-10.017961
-9.648486
-9.490560
-9.287154
-9.305528
-9.245053
-9.277512
-9.381739
-8.336011
-8.135647
-8.786781
-7.801292
-8.273154
-7.439952
-7.614701
-7.462224
-7.102582
-6.806525
-6.897809
-6.235549
-6.659396
-6.107082
-5.554207
-5.606588
-5.772082
-4.716147
-4.674736
-4.294215
-4.465574
-4.042919
-4.130745
-3.534187
-2.921714
-2.480463
-2.978422
-2.092973
-1.727804
-1.094750
-1.302741
-0.641055
-0.466613
-0.099447
-0.043099
