-0.110759
0.464604
0.782073
0.951101
1.148101
1.984262
1.766476
2.538369
3.208059
2.689928
3.533362
3.600251
3.839424
4.589600
4.776143
4.891310
5.122892
4.906759
5.446842
6.278401
6.148485
6.200232
6.694146
6.492021
7.243151
7.732736
7.814153
7.566111
8.284862
8.245915
8.148596
8.120294
8.183857
9.192876
8.813349
9.208446
9.159257
9.185644
9.000702
9.515675
9.333110
10.004262
9.736494
9.908736
10.061299
9.869580
9.824666
10.305732
10.326459
10.253769
9.856408
9.560988
10.316638
9.888969
9.942191
9.517484
10.186769
9.832524
9.194256
9.308280
9.156915
9.796993
8.722210
9.046599
8.574509
8.853396
9.098965
7.976030
8.651871
8.436066
7.905112
7.934436
7.547005
7.561286
7.050530
6.963394
6.391039
6.774331
6.342904
5.991750
5.777040
5.079794
4.957393
4.954787
4.897266
4.536766
3.616918
3.544447
3.348193
2.855166
3.199561
2.463328
1.814482
2.231299
1.141232
0.831434
1.421224
0.969440
0.530495
0.499770
-0.473649
-1.085945
-1.402286
-1.521300
-1.710606
-2.102055
-2.276592
-2.284647
-3.127738
-2.615687
-3.822652
-3.926133
-3.884263
-4.468588
-4.938699
-4.544130
-5.244997
-5.079947
-5.572472
-5.626568
-5.696689
-6.806464
-6.900236
-6.747633
-7.542901
-7.054362
-7.823826
-7.890265
-7.555348
-8.113464
-8.767628
-8.299063
-8.171092
-8.268770
-8.542820
-9.279158
-9.182606
-9.107809
-9.474829
-9.363731
-9.770228
-9.437393
-9.654294
-10.093184
-10.197729
-10.005591
-9.577816
-10.192703
-9.555549
-9.834715
-10.416521
-10.090015
-9.557933
-9.553852
-10.118188
-9.836580
-10.099630
-9.956635
-9.575983
-9.968814
-9.585543
-9.432360
-9.231067
-9.081682
-8.726987
-8.672243
-8.268363
-8.028479
-8.049433
-8.283888
-8.358462
-7.306882
-7.643435
-7.019794
-6.676644
-7.096021
-6.741813
-6.766952
-5.890257
-5.780704
-6.103357
-4.955373
-4.653251
-5.026080
-4.801961
-4.165301
-3.747758
-3.247284
-3.828825
-2.837047
-2.547363
-2.416185
-2.162802
-1.912976
-1.960082
-0.894766
-0.693054
-0.519479
-0.662079
-0.370619
