0.622710
0.609295
0.935445
0.881880
1.100262
1.633103
1.872158
2.668386
3.022095
2.598700
3.299304
3.281431
3.694660
4.189895
4.980290
4.742419
5.125489
5.825332
6.011697
5.582860
6.498982
6.641566
6.375166
6.733854
7.210822
6.889245
7.833865
7.847961
8.400683
8.149580
7.982128
8.253612
8.202940
8.621114
9.129837
9.394002
9.529814
8.995437
9.489033
9.329120
9.610015
9.237747
9.965387
9.610561
10.264564
9.807095
10.242960
9.985045
9.983963
9.958945
9.705917
9.628378
10.119000
10.384212
9.736758
10.035426
9.598160
9.701430
9.561208
9.244111
9.760600
8.909015
9.431815
8.704914
9.358950
8.578968
9.026237
8.886479
8.207688
8.466097
7.691914
7.232556
7.533180
7.504139
6.963220
6.801047
6.240820
6.196910
6.016204
5.855595
5.920078
4.940233
5.525681
5.270318
4.460992
4.167578
4.074666
3.935027
3.367861
2.599710
2.697197
2.159221
1.701170
1.446403
1.802926
0.981837
0.858317
0.381590
0.269731
0.488615
-0.769128
-0.161832
-0.841887
-1.679795
-1.688556
-2.093653
-1.840496
-2.477045
-3.058597
-2.718185
-2.907645
-3.601577
-4.169139
-4.421223
-4.356522
-5.110680
-5.447454
-5.440542
-5.783356
-6.195715
-6.321895
-6.626432
-6.992967
-6.713397
-7.554680
-7.622041
-7.703037
-8.029133
-7.565568
-8.488238
-7.937442
-8.484879
-8.134257
-8.398274
-8.886071
-8.944667
-8.883137
-8.805103
-9.138990
-9.457276
-9.977815
-9.560696
-9.788093
-9.497832
-10.013362
-9.764488
-10.256883
-10.189215
-10.169815
-10.143544
-10.033708
-10.053318
-9.667599
-9.509544
-9.807350
-9.778492
-9.324490
-9.882177
-9.858618
-9.059900
-9.363175
-9.364227
-8.829570
-9.377589
-9.071946
-9.224516
-8.316638
-8.052969
-8.374303
-7.877542
-8.197657
-7.897260
-7.822787
-6.880249
-7.263547
-6.960497
-7.105448
-6.472253
-6.344150
-6.205909
-5.386657
-5.118664
-4.619611
-5.221541
-4.589790
-3.923779
-3.642881
-4.097924
-3.712287
-3.411932
-2.587461
-2.376779
-2.574161
-2.053731
-1.444182
-1.466450
-1.207742
-0.719286
-0.102951
0.042422
