-0.010251
0.169687
0.561160
1.629989
1.075526
2.059055
1.959421
2.050186
3.200354
2.593667
2.996915
3.572036
3.771177
4.608012
4.960532
4.826272
5.192818
5.078207
5.587818
6.249293
6.107722
6.357782
6.799110
7.061480
6.626662
7.511939
7.362715
7.895464
8.227855
8.167319
7.854243
8.105635
8.140585
8.578460
8.443745
9.545661
9.185129
8.831976
9.292798
9.784054
9.233240
10.083374
9.440276
9.878952
9.990934
9.981951
9.618249
10.448529
10.358650
10.251673
9.593451
10.002568
10.018203
9.793124
9.456985
9.683856
9.843589
9.507628
9.611029
9.865774
8.978225
8.873693
9.388199
8.713445
9.131477
8.927130
8.265225
8.396687
8.750526
7.957408
8.218858
7.941441
7.235394
7.728850
7.551730
7.272196
6.474255
6.175251
6.235470
6.373185
5.456176
4.864158
5.548914
4.808431
4.904989
4.016411
3.554931
3.498241
3.523199
3.499419
3.046104
2.096225
1.965470
1.686523
1.942260
0.760545
0.841082
0.864873
-0.002344
-0.392684
-0.290937
-0.353429
-1.408042
-1.525662
-1.432054
-2.337710
-1.802601
-2.877346
-2.333168
-3.460463
-3.694411
-3.814225
-4.002447
-4.316822
-4.964644
-5.007145
-4.716212
-5.549621
-6.085879
-5.457295
-5.906033
-6.082169
-6.199262
-7.290366
-6.724812
-6.861792
-7.810090
-8.098725
-8.049172
-8.095496
-7.958077
-8.577875
-8.897619
-8.864279
-8.872002
-8.851409
-8.966538
-9.105796
-8.964495
-9.549408
-9.195161
-9.755299
-10.244661
-9.748908
-10.337611
-10.278417
-9.712384
-10.116527
-9.725592
-10.247121
-10.297483
-9.776527
-9.933198
-10.286719
-10.214547
-10.023526
-9.460058
-10.142306
-9.631336
-9.020401
-9.591596
-8.906038
-9.645981
-9.129248
-9.054420
-8.873100
-8.646275
-8.304456
-8.149535
-8.138437
-7.476072
-8.123140
-7.238882
-7.718667
-7.215446
-6.854866
-6.697998
-6.393402
-5.981521
-5.991080
-5.985818
-4.979509
-5.416107
-4.473069
-4.593198
-3.986030
-4.428023
-3.353504
-3.051049
-2.743789
-2.849285
-2.594348
-2.083765
-2.209822
-1.104321
-0.831902
-0.734294
-0.758657
-0.604447
-0.334227
