0.343643
0.347203
0.763847
0.761295
1.712762
2.054361
1.705281
2.046704
2.738250
3.473184
3.753414
3.507891
3.793389
4.191341
5.015058
4.630503
5.261647
5.065626
5.275912
6.354219
6.304974
6.203036
6.729905
6.371906
7.263339
6.945027
7.705849
7.784057
8.046994
8.263141
7.953322
8.235761
8.538617
9.102964
8.675533
8.668979
8.860785
9.207338
9.525754
9.075554
9.560090
9.906918
9.857469
10.163898
9.986870
10.037887
10.037272
10.051966
9.985994
9.791248
9.564102
9.924819
10.032456
10.156242
9.585154
10.101682
9.723403
9.979660
9.470970
9.896376
9.194567
9.644998
9.512393
8.587813
8.477710
8.648538
8.337837
8.120418
8.582494
8.032300
7.555585
7.208963
7.143022
7.361885
7.069038
6.638120
6.812177
6.236082
6.283029
5.980915
6.095139
5.381023
4.750825
4.392484
4.863311
4.036378
3.897520
4.047162
3.714365
3.560435
2.995081
2.688934
2.127378
2.126139
1.485708
1.538752
1.228927
0.515287
0.667073
-0.038638
0.025343
-0.206868
-1.134803
-1.115252
-1.865778
-1.430956
-2.299457
-2.391015
-2.614694
-2.765771
-3.607173
-4.134451
-4.106727
-3.994808
-4.582653
-4.755551
-4.863070
-4.859503
-5.285603
-6.364787
-6.505041
-6.752257
-7.055361
-7.116279
-7.571030
-7.567738
-7.230347
-7.720845
-8.328792
-8.124619
-8.635056
-8.625840
-8.270980
-8.481242
-9.377603
-9.202144
-8.928937
-9.708818
-9.616906
-9.369534
-9.663045
-9.998972
-9.742268
-9.772376
-9.476566
-9.861398
-9.944896
-10.039055
-9.793666
-10.382516
-10.288463
-9.707608
-9.651513
-9.582757
-9.895903
-9.780409
-9.880907
-9.883801
-9.430096
-9.834495
-9.100098
-9.195338
-9.126367
-8.652977
-8.462031
-8.606610
-8.131576
-8.266128
-8.425046
-8.407875
-8.286986
-7.656999
-7.930403
-7.498601
-7.147633
-6.911101
-6.516711
-6.682687
-6.401960
-5.651219
-5.835847
-5.116657
-4.721528
-5.307990
-4.378316
-4.241528
-4.150573
-4.009405
-3.340058
-2.991014
-2.806226
-2.262459
-2.216807
-2.175169
-1.714324
-1.160083
-0.664579
-0.752210
-0.550066
0.491131
