0.649395
0.132607
0.550325
1.041701
1.318460
1.483341
2.500086
2.890643
2.974952
3.009493
3.066051
3.751084
3.811134
4.337204
4.673863
4.768299
4.988362
5.533799
5.283207
5.743210
5.822331
6.657923
6.651504
7.340161
6.726348
7.577610
7.234799
7.303530
7.485563
7.828251
8.755072
8.562692
8.962799
8.482757
9.246674
9.004326
9.305291
9.559212
9.259935
9.435284
9.231027
9.828425
10.124054
9.813233
10.001158
9.681984
10.356785
10.062624
9.643572
10.001270
10.343355
9.565142
10.038205
10.177606
10.186436
9.647428
9.753825
9.552882
9.817607
9.394751
9.264788
8.921779
9.378729
8.798175
8.859161
8.482789
9.003875
8.743641
8.566265
8.453103
8.235452
7.442716
7.622983
7.118198
7.401747
7.266105
6.362371
6.069616
5.859094
5.404768
5.911003
5.836490
5.433991
4.401592
4.325298
3.996259
4.418165
4.137137
3.466847
2.810573
2.669982
2.372984
2.164501
1.552926
1.666075
1.032635
0.542539
0.137307
-0.034642
0.293923
-0.275453
-0.163750
-0.561352
-1.151304
-2.042301
-1.746225
-2.418480
-2.094120
-2.889837
-3.184750
-3.556905
-3.371221
-4.208685
-4.225452
-4.477471
-4.955771
-5.571591
-4.999170
-6.003802
-6.139129
-6.510673
-6.703897
-6.752626
-6.939754
-7.469952
-6.848247
-7.257269
-7.461534
-8.023773
-8.390496
-8.269251
-8.306312
-8.659492
-8.337255
-8.428474
-9.309787
-9.330639
-9.102755
-9.017603
-9.011403
-10.049798
-9.743550
-10.257419
-9.585805
-10.333335
-9.805311
-9.996241
-10.387686
-10.433594
-9.887117
-10.012993
-9.962995
-10.233357
-10.328585
-10.114206
-9.716360
-10.246607
-9.308829
-10.086128
-9.657140
-9.148175
-9.742110
-9.361684
-8.719530
-9.079683
-8.790189
-8.602316
-8.636263
-8.689632
-8.462073
-7.487000
-7.823473
-7.011073
-7.426505
-6.573136
-6.706619
-6.199351
-6.337164
-5.655992
-6.232098
-5.576465
-5.643807
-5.482562
-5.048386
-4.895109
-4.462544
-4.220772
-3.509574
-3.376200
-2.945139
-2.643021
-2.650069
-1.835694
-1.811348
-1.965091
-1.003271
-1.227992
-0.881012
0.183245
-0.185889
