-0.117639
0.777934
0.699811
1.043801
1.244969
2.108246
1.933951
2.700441
2.428502
3.176297
3.801314
3.600675
3.885271
4.290859
4.299614
5.023700
5.170515
5.344892
5.365268
5.816308
5.865440
6.116182
6.250655
6.889686
6.592480
7.223424
7.201832
7.732134
7.712169
7.975557
8.565570
8.823630
8.404647
9.166975
9.285603
8.586400
8.953162
9.674140
9.160750
9.835100
10.084661
9.275678
9.749088
10.006477
9.673979
9.792289
9.905253
9.490666
10.083020
10.249602
10.190022
9.885392
9.548125
10.213674
9.487365
9.596365
9.902076
9.835205
9.753855
9.566076
9.491790
9.447693
9.514994
9.456398
8.848170
8.645423
8.429594
8.626697
7.819458
8.554372
7.848573
7.848639
7.094389
7.641113
7.303755
6.945736
6.859978
5.965228
6.544429
5.488755
5.257700
5.817759
5.149088
4.711181
4.108119
4.592255
4.086485
3.367373
3.087036
2.641973
2.848849
2.933974
2.169603
1.396858
1.707043
1.545041
0.718196
1.077561
-0.010791
0.295670
-0.732067
-0.730906
-1.062617
-1.359652
-1.217396
-1.586170
-1.708519
-2.294918
-2.307250
-3.298843
-3.489654
-3.932542
-4.217479
-4.181002
-4.653954
-4.375233
-4.652268
-5.187792
-5.359463
-5.643043
-6.384310
-6.528056
-6.319620
-6.446510
-6.950675
-7.056295
-7.607795
-7.430631
-8.340312
-7.948753
-8.033941
-8.030585
-8.121055
-8.355373
-8.650308
-8.706080
-9.465583
-9.456371
-9.302479
-9.741476
-9.668563
-9.380697
-9.712300
-10.268749
-9.651549
-9.999959
-9.955181
-10.024088
-9.840104
-9.576770
-9.672723
-10.389177
-9.498161
-10.176072
-9.588707
-9.699387
-10.246215
-10.156185
-9.709282
-9.766784
-9.324998
-9.211849
-8.955908
-8.711347
-9.344544
-9.050542
-8.118146
-8.665060
-7.922143
-7.933801
-7.923023
-7.460949
-7.336579
-7.411577
-7.389679
-7.015116
-6.803369
-6.033694
-6.241531
-5.929727
-5.247808
-5.092074
-4.615070
-5.024858
-4.408347
-4.649571
-3.612980
-3.359395
-3.675756
-3.019240
-2.705846
-2.000927
-2.500302
-1.594689
-1.562100
-1.457490
-0.502403
-0.654332
-0.786091
0.196978
