0.717048
0.866194
0.818948
0.803878
1.840899
1.388695
2.242110
2.439184
2.864050
2.773044
2.984686
3.575749
3.932183
4.218870
4.447736
5.074680
4.640471
5.111149
5.817872
6.075184
6.443221
6.302145
6.178498
7.148980
7.016976
7.707743
7.047393
7.377767
7.491267
7.731156
8.117481
8.491953
8.147350
8.710991
8.934229
9.448504
8.693763
9.142515
9.796030
9.281805
9.623783
9.724947
9.463578
9.818524
10.249178
10.016681
10.370310
9.767353
10.461902
10.130440
10.302765
10.365801
9.852550
10.345340
9.541950
9.663982
10.231360
10.155917
9.299438
10.007976
9.423425
9.611765
8.922009
8.899017
8.636006
8.495381
8.811480
8.164246
7.996917
8.234586
7.467496
7.356280
7.413852
7.292050
6.746237
6.608835
7.010100
6.747276
5.886558
5.741453
5.144310
4.866800
4.979961
4.709851
4.430527
3.846531
4.400630
3.242816
3.825692
2.895431
2.844747
2.650050
2.046648
1.973337
1.325992
0.936846
0.583487
0.368470
0.258158
-0.238422
-0.227860
-0.889030
-1.203074
-1.685955
-1.271051
-1.923382
-2.074556
-2.214854
-3.254606
-3.435802
-2.956411
-3.551250
-3.958859
-4.311337
-4.712221
-4.361924
-5.171283
-5.063980
-5.422833
-5.455478
-5.970896
-5.981940
-6.602981
-7.142642
-7.341149
-7.335941
-7.319927
-7.424629
-8.238954
-8.233788
-8.178334
-8.734971
-8.660815
-9.034634
-9.057313
-8.665197
-8.712772
-9.147329
-9.405733
-9.569237
-9.934064
-10.002755
-9.669452
-9.926147
-9.557236
-9.658681
-10.365084
-10.340428
-10.142872
-10.379861
-10.078495
-10.062448
-10.205966
-10.248238
-9.963603
-9.616243
-9.567926
-9.373657
-10.000407
-9.752124
-9.000919
-9.386061
-8.740933
-9.074168
-8.691886
-8.279263
-9.035672
-8.395665
-8.129816
-7.892166
-8.268670
-7.601340
-7.319473
-7.411002
-6.663530
-7.161075
-6.313708
-6.832336
-6.261248
-6.140468
-5.545582
-5.669191
-4.712514
-5.277908
-4.244176
-4.346651
-3.543498
-3.822315
-3.518211
-2.657095
-2.888647
-2.188170
-1.951683
-2.344727
-1.276030
-1.678465
-0.795421
-0.182017
-0.633611
0.371075
