0.806687
0.820885
0.462536
1.731072
1.825481
1.422005
2.164693
2.405625
2.588356
3.551353
3.128884
3.264924
3.968294
4.325650
4.096301
4.741968
4.931203
4.948503
5.126932
5.834282
6.227979
6.683863
6.247811
7.075258
6.838632
7.021956
7.986963
8.198924
8.209083
8.578118
8.720633
8.601085
8.986425
8.500828
9.390753
9.286753
8.688686
9.065366
9.525709
9.666766
9.255623
9.423052
10.166659
9.809894
10.096062
9.928076
9.890021
10.210965
9.603085
9.823155
9.737086
9.607407
9.488400
10.333054
10.161995
10.205234
9.675963
9.200590
9.608916
9.520299
9.181207
9.533192
9.542327
8.794058
8.866174
8.854902
8.606489
8.731459
8.359300
8.161030
7.795203
8.087131
7.164731
7.361794
6.588476
7.245508
6.933255
6.500012
5.960192
5.777601
5.916978
5.650239
5.237199
5.181876
4.215507
3.926359
3.953979
3.591503
3.145981
3.206709
2.634506
2.004678
1.989658
1.784020
1.731142
1.345065
0.708587
0.721887
0.420667
0.220658
-0.075442
-0.848744
-1.368620
-1.570479
-1.359775
-1.861966
-2.441062
-2.172670
-2.947044
-3.012118
-3.781366
-4.154470
-3.715425
-4.267867
-4.793831
-4.998184
-5.211968
-5.127010
-5.911661
-5.916877
-6.624552
-6.480533
-6.458387
-7.242961
-7.089107
-6.798063
-7.410412
-7.692712
-7.579441
-8.547448
-8.529851
-8.358763
-9.081231
-8.265734
-8.756105
-8.943352
-9.016418
-9.511615
-9.754733
-9.973769
-9.652367
-10.035672
-9.378832
-10.125329
-10.026049
-9.673403
-10.349570
-9.628583
-9.507487
-9.694507
-10.427021
-10.241082
-9.537693
-9.559154
-9.976349
-10.146074
-9.834035
-9.936920
-9.418366
-9.929038
-9.672219
-9.193247
-9.446540
-8.600896
-8.645845
-9.151283
-8.790124
-8.430944
-8.116237
-8.346988
-8.030554
-8.056915
-7.442655
-7.599830
-7.256968
-6.478430
-7.088840
-6.150883
-5.844362
-5.816355
-5.593678
-5.718158
-5.018620
-4.792315
-4.508071
-4.374890
-3.932838
-3.462453
-3.010228
-2.642405
-2.934846
-2.942910
-2.240956
-1.530797
-1.225928
-1.188939
-0.592265
-0.204486
-0.748287
0.197233
