0.472209
0.536171
0.841219
1.071895
1.455744
2.331867
2.091442
2.449707
2.534000
3.405260
3.514275
3.710455
3.895367
4.386827
4.456220
4.445842
5.017805
5.141641
5.945995
5.894066
6.271604
6.288121
6.167225
7.240848
6.653025
7.493124
7.718438
7.322532
7.794437
7.987565
8.451498
8.879597
8.261688
8.310165
9.406677
9.325063
9.153372
9.094079
9.150864
9.217973
9.199980
9.723546
9.402275
9.744319
10.269631
9.706240
9.798386
9.990458
9.537499
10.097222
10.463461
10.037075
9.906319
10.282113
9.644278
9.566543
9.442940
9.815181
9.868116
9.711892
9.064632
9.683324
8.984479
8.924826
8.529579
8.977692
8.127922
8.143926
8.416441
8.274527
7.707582
7.916073
7.143901
7.408741
7.133217
6.884067
6.909274
6.687131
6.157228
6.071660
5.456029
5.217071
5.503157
4.724233
4.986919
4.709637
3.999634
3.494294
3.245986
3.018923
2.590367
2.384046
1.827290
1.712384
1.311303
1.416322
1.010407
0.726768
0.745974
-0.036186
-0.119691
-0.279692
-1.208670
-1.039389
-2.027207
-1.698360
-2.085950
-2.380711
-2.628370
-3.229070
-3.875268
-3.447946
-4.061667
-3.959628
-4.550477
-4.994338
-5.413408
-5.216721
-5.429567
-6.230652
-6.123281
-6.351766
-6.285077
-6.749476
-7.119325
-7.303179
-7.256978
-7.572812
-8.143655
-7.730140
-8.027722
-8.842650
-8.548122
-9.071539
-9.187672
-8.739413
-9.669353
-8.870245
-9.520134
-9.806897
-9.870146
-9.682815
-9.534560
-10.025994
-9.948935
-9.660779
-9.964876
-10.378692
-10.204435
-9.765247
-10.459590
-10.294980
-9.618065
-10.032942
-9.862797
-10.132750
-9.413459
-9.965720
-9.919926
-9.495609
-9.140554
-8.901798
-9.163936
-9.467379
-9.066284
-8.437918
-8.339496
-8.075438
-8.593929
-8.086903
-7.525491
-7.839756
-7.573968
-6.984821
-6.949295
-6.588982
-6.977727
-6.024574
-5.640290
-5.979338
-5.892332
-4.931091
-5.223226
-4.704974
-4.198364
-3.820270
-3.667852
-3.246199
-3.014434
-2.986238
-2.775568
-2.919170
-2.274341
-1.834009
-2.033764
-0.952067
-1.044994
-0.533720
-0.688012
0.381167
