0.692737
1.109362
0.830583
0.911854
1.545968
1.397314
2.170838
2.002894
3.234239
2.906155
3.536779
3.985804
3.735019
3.980134
4.155072
4.929002
5.197201
5.443322
5.492430
6.024523
5.901607
5.927161
6.200837
7.289918
7.465331
7.037407
7.613983
7.322234
7.946208
8.561642
7.771272
8.237380
8.562489
9.089579
8.430366
8.705751
8.737220
8.874989
9.417157
9.345189
9.105896
10.053436
9.817000
9.490922
10.180079
10.164757
10.113440
9.599769
9.542928
10.143464
9.937780
10.390375
9.890650
10.060816
9.450382
9.422135
9.443974
9.635188
9.165846
9.666145
9.321731
9.307271
9.616316
9.026029
9.025036
8.996461
8.354381
8.298088
8.430237
7.848028
7.857065
8.053678
7.232177
7.392879
6.676199
7.313175
6.504823
6.355162
5.868881
5.614303
5.532752
5.398243
4.923222
5.128878
4.363737
3.815630
4.446009
4.014021
3.192900
2.862522
3.026079
2.520702
2.571665
2.019265
1.834561
0.867062
0.871418
0.583817
0.332667
-0.397606
-0.107863
-0.447973
-1.147342
-0.911173
-1.971373
-1.738464
-2.456570
-2.153441
-3.025889
-2.784073
-2.972174
-3.989521
-3.662536
-4.530974
-4.435025
-5.193720
-5.398958
-5.138650
-5.626971
-6.290513
-5.775416
-6.599165
-6.321059
-7.238132
-7.225483
-7.552154
-7.924957
-8.068464
-7.409829
-7.888490
-8.246224
-8.591736
-8.527355
-8.574421
-8.461540
-9.073069
-8.730881
-9.764391
-9.481414
-9.117996
-9.212441
-9.231511
-9.551728
-9.683127
-10.083002
-10.022848
-10.413324
-10.204245
-10.028595
-9.898291
-10.175162
-9.571823
-9.715541
-9.976360
-10.367380
-9.334769
-10.091896
-9.216474
-9.339489
-9.514998
-8.983579
-8.877561
-9.185179
-9.269973
-9.037808
-8.598945
-8.572509
-8.307881
-7.962631
-8.039523
-7.797114
-7.673816
-7.995293
-7.646445
-6.911963
-6.681747
-6.299748
-6.424279
-5.808208
-6.130001
-5.628943
-4.902261
-5.570520
-4.755728
-4.943539
-4.418211
-4.402939
-3.481092
-3.322918
-3.244721
-2.889947
-2.067486
-1.949768
-1.580479
-1.398065
-1.633395
-0.556632
-1.120916
-0.080333
0.397750
