0.336062
0.732453
1.280150
1.071503
1.408353
1.604883
1.814603
2.901086
3.025512
2.787190
3.533251
3.316132
3.594243
4.467342
4.603097
4.945464
5.585922
5.259291
5.831431
5.411591
6.529358
6.768228
6.565172
6.882943
6.652673
6.945791
7.645585
7.973084
7.922163
8.472515
8.383474
8.102865
8.297525
8.584294
9.169981
9.082950
9.059326
9.464679
9.292198
9.842829
9.886541
9.828624
9.650083
9.393155
10.374282
9.732833
10.043342
10.227953
9.498544
9.640593
9.913461
10.184508
10.035367
10.002047
9.664099
10.057932
9.659653
9.488760
9.580983
9.381704
9.104393
9.139922
9.114565
9.294030
8.814597
8.484763
8.699772
8.374688
8.481879
8.575962
7.679632
7.516991
7.337792
7.755349
7.307862
7.152569
6.525406
6.737378
5.658161
6.339072
5.918109
5.312560
4.954435
4.836489
4.297444
4.209588
3.973010
3.677002
3.595445
2.729623
2.800205
2.884928
1.796211
1.654921
1.448898
1.266796
1.403323
0.351463
0.444686
-0.179932
-0.222494
-0.478686
-0.582618
-1.164600
-1.534956
-1.574484
-2.280103
-2.506482
-2.642214
-3.136812
-3.565370
-3.529203
-4.238003
-4.529450
-4.584045
-5.269161
-4.600223
-5.340154
-5.388415
-5.390046
-6.475514
-6.153960
-6.625226
-6.986277
-7.449943
-7.560887
-7.146754
-8.083068
-7.511452
-8.460118
-7.908665
-8.557616
-8.369866
-8.626516
-8.801724
-9.311751
-8.759713
-9.201219
-9.217850
-9.185026
-9.365415
-9.404351
-9.698649
-9.425501
-10.039198
-9.717415
-10.326404
-10.316320
-10.006498
-9.888377
-10.161457
-10.326187
-10.454215
-9.572182
-9.378161
-9.361555
-10.039872
-9.740131
-9.410176
-9.604638
-9.411829
-9.455387
-9.332984
-8.889782
-9.134969
-8.636195
-8.741023
-8.329546
-8.761772
-7.711830
-7.523513
-8.144928
-7.909273
-6.899809
-7.112092
-6.564793
-6.425627
-6.085726
-6.560251
-6.212874
-5.271327
-5.050008
-5.391147
-4.612250
-4.989498
-4.059159
-3.577893
-4.142253
-3.172328
-2.786481
-3.142591
-2.829414
-2.168719
-2.171372
-1.654155
-1.021898
-1.222738
-0.838308
-0.633937
0.210427
