0.080153
0.745773
1.311581
0.894819
1.140227
2.230119
1.686427
2.563951
3.196758
2.779409
3.537533
3.268760
4.347726
4.088750
4.497560
4.793589
4.760938
5.000084
5.894977
5.475548
6.369392
6.503080
6.690191
6.550549
6.978141
7.721909
7.255471
7.962122
8.280185
8.443601
8.714079
8.185703
8.230886
8.775712
8.712857
8.584403
9.522097
9.068836
9.628628
9.118659
9.833181
9.827308
10.211692
10.176205
9.800313
9.899107
9.783156
10.277849
10.113057
10.157036
10.334787
9.620841
9.761733
10.065018
9.478199
10.280274
10.123186
9.746737
9.717867
9.418561
9.065798
9.066181
8.720857
9.394784
8.711840
8.839343
8.340934
8.672492
8.490383
8.280735
7.549151
7.932624
7.109640
7.694262
7.106075
6.593512
6.352573
6.634851
5.934570
6.257263
5.228817
4.999205
5.071755
4.831384
4.973612
4.183369
3.556468
3.282245
2.947650
3.084534
2.871837
2.108463
1.931122
2.227461
1.146594
1.384791
1.261288
0.957233
0.700542
0.294581
-0.567272
-0.527576
-1.389691
-1.108889
-1.628210
-1.915538
-2.136325
-2.669072
-2.593419
-2.738658
-2.930742
-3.927069
-3.890590
-4.549319
-4.481059
-4.683049
-5.045955
-5.332387
-6.013963
-5.546152
-6.338471
-5.912214
-6.375235
-6.730081
-6.664295
-7.095997
-7.112832
-7.496586
-7.833854
-8.475197
-8.475649
-8.079512
-8.238723
-8.544535
-8.762470
-9.284257
-9.558516
-9.001386
-9.320895
-9.345572
-9.712714
-9.251111
-10.063174
-9.650404
-10.096893
-9.926309
-9.600321
-10.163132
-9.811622
-10.309743
-9.608359
-10.085814
-9.458112
-9.665413
-10.283525
-9.851770
-9.694051
-9.564691
-9.172432
-9.223523
-9.729369
-9.430948
-8.949154
-9.268647
-9.301742
-9.152852
-8.740005
-8.814224
-8.743382
-7.784305
-7.688399
-8.004893
-7.262999
-7.460190
-6.665023
-6.787927
-6.692908
-6.057499
-6.212751
-5.919579
-6.072930
-5.278641
-5.504088
-4.740147
-4.734608
-4.733476
-3.630808
-3.562749
-3.304086
-3.555316
-2.619820
-2.333764
-2.537436
-1.682027
-1.212583
-1.517385
-0.944027
-0.494609
-0.025905
-0.210534
