0.108931
0.193805
0.849266
1.682023
1.923293
1.883413
2.050212
2.075586
2.568719
3.138397
3.466144
3.510343
4.303339
3.860487
4.109676
5.196379
5.012347
5.188615
5.795257
5.992836
6.334416
6.705977
6.830832
7.162880
6.572201
7.122334
7.534235
7.307782
7.662296
8.448334
8.633622
8.146878
8.664095
9.005534
8.436792
9.329306
8.807898
9.564391
9.415607
9.584536
9.798354
9.686732
9.640757
9.758616
10.076027
10.097952
9.512332
9.918825
10.028373
9.874198
10.161872
9.901868
9.922287
10.199537
9.624651
9.669749
10.012736
9.525256
9.378344
9.489658
9.445718
9.389796
9.273267
9.384284
9.099685
9.233942
9.023174
8.763793
7.945928
8.254792
7.715502
8.188649
7.531887
7.202923
6.675594
6.477314
6.133855
6.200363
5.694776
5.856439
5.838215
4.897216
4.943117
4.984042
4.914522
4.038331
3.500154
3.238760
2.895243
3.233468
2.829975
2.160248
2.324399
1.918956
1.757440
0.824265
1.342689
0.545995
0.386653
-0.019467
0.076699
-0.638394
-0.573126
-1.583191
-1.091095
-2.326568
-2.318406
-2.836752
-3.004557
-3.286023
-3.548514
-3.834606
-3.481705
-4.182944
-4.112972
-4.785676
-4.781239
-4.963348
-5.702077
-5.996401
-6.558371
-6.740637
-6.388124
-6.801948
-6.922622
-7.401760
-7.383465
-7.763037
-7.609152
-7.677159
-8.332155
-8.191282
-8.714097
-8.342943
-8.462889
-8.688270
-9.127438
-9.358987
-9.119666
-9.181700
-9.185155
-9.605073
-9.881024
-9.836405
-9.491781
-10.165542
-10.233516
-10.062664
-10.207576
-10.259529
-10.491416
-9.904444
-9.541115
-9.555091
-9.621830
-9.702976
-9.299696
-10.119364
-9.472311
-9.071243
-9.697109
-9.114398
-9.420044
-9.511223
-8.867745
-8.588968
-8.585064
-8.245667
-8.313559
-8.152251
-8.277162
-7.494137
-7.216398
-7.422049
-7.282588
-6.684279
-6.812624
-6.007924
-6.501810
-5.797641
-5.966272
-5.433650
-5.465377
-5.274561
-4.791890
-4.515688
-4.114125
-4.152894
-3.511698
-3.246590
-2.913054
-2.177294
-2.172317
-2.137538
-1.609333
-1.597790
-1.210947
-1.065488
0.099780
0.063960
