0.226411
0.747662
0.944804
1.409950
1.292693
2.123252
2.270319
2.220405
3.260463
2.633240
3.769336
3.705620
4.283840
4.335145
4.432378
4.802190
5.567109
5.746483
5.555786
6.147933
6.003435
6.789461
6.643994
6.964083
7.140672
7.375022
7.639986
8.135568
8.131607
7.611275
7.804171
8.352092
8.463344
8.771406
9.017774
8.810801
9.015601
9.023607
9.534873
9.201966
9.300807
9.913941
9.342327
9.838380
9.708022
10.051388
10.313997
10.387910
10.110413
10.332482
9.558755
9.796825
10.049364
9.858190
10.253672
9.912672
9.450718
9.800185
9.182021
9.704130
9.547079
8.964966
8.918321
9.531489
8.588249
9.131237
8.550429
8.386974
8.389392
8.248896
7.800652
8.053140
7.911679
7.228621
7.097393
7.033325
6.557586
6.014141
6.204949
5.441731
5.589738
5.578828
5.540436
5.074984
4.689699
4.740993
3.909370
3.510256
3.510395
2.640534
2.716677
2.442801
2.378804
2.186032
1.773510
1.374254
0.972201
0.319708
0.175902
0.200236
-0.594891
-0.446891
-1.004311
-1.097106
-1.559326
-1.700003
-2.631400
-2.311862
-2.354649
-3.495872
-3.474535
-3.688603
-3.838202
-4.158445
-4.951669
-5.051631
-4.941926
-5.586796
-5.743922
-5.778451
-6.471026
-6.432660
-6.921263
-6.881027
-6.752989
-7.452091
-7.624412
-7.798877
-7.411030
-8.227459
-8.652157
-7.962066
-8.171232
-8.844930
-8.425238
-9.321784
-9.186712
-9.537591
-9.614570
-10.002628
-9.484388
-9.317874
-10.152747
-10.142338
-10.140549
-9.731586
-9.744611
-9.703562
-10.409001
-9.944170
-9.974126
-9.761917
-10.164607
-10.119254
-10.336385
-10.031324
-9.973363
-9.304244
-9.221897
-9.308997
-9.002475
-9.322199
-9.300992
-8.630655
-9.138681
-9.078321
-8.722439
-8.479840
-8.195806
-7.644160
-8.298337
-7.676242
-7.911187
-7.289668
-6.801753
-6.810515
-6.675172
-6.227270
-5.712843
-5.494079
-5.488241
-5.833827
-4.848689
-4.680213
-4.900737
-4.414835
-3.836111
-3.346927
-2.916952
-2.618267
-2.461503
-2.928860
-1.898881
-1.985530
-1.800157
-1.564866
-1.318609
-0.238684
-0.505047
-0.420555
