0.715566
0.257172
0.476789
0.997224
2.002488
1.909258
1.941888
2.566148
2.508439
3.040143
3.032682
3.315757
3.921821
4.455074
4.454962
4.890239
4.830374
5.154844
5.713804
6.001680
6.609076
5.964807
6.615094
6.584860
6.845998
6.945600
7.363588
7.210002
8.089340
7.672742
7.952123
8.420800
8.801756
8.962852
8.439230
8.735902
8.737357
9.647277
9.241699
9.237873
9.593227
9.249162
9.659714
9.828912
9.597740
9.852793
9.761792
9.630653
10.107538
10.208102
10.075841
10.344886
10.203360
9.719282
9.419716
9.836648
9.524662
9.792841
9.238602
9.245262
9.455246
9.784448
8.924763
8.779676
8.542692
8.365225
8.256365
8.300086
8.036909
8.428351
7.860000
7.799735
7.993158
7.375910
6.871325
7.152525
6.713969
5.955512
6.582145
5.412690
5.356182
5.400319
5.362527
4.396044
4.224385
4.428640
4.129035
3.668313
3.464694
3.246437
3.046905
2.164045
1.699233
2.022411
1.297697
1.096847
1.385922
0.403391
0.164725
-0.159054
-0.729935
-0.330080
-1.057139
-1.609501
-1.949742
-2.208094
-2.550293
-2.463926
-2.594600
-3.377730
-3.737222
-3.265842
-4.004732
-4.212239
-4.315099
-5.159496
-4.663958
-4.876294
-5.405588
-5.672020
-6.350049
-5.938745
-7.096276
-6.510619
-6.994962
-7.121819
-7.948216
-7.784031
-7.655790
-8.275860
-8.540830
-8.560926
-9.095216
-9.010570
-8.916458
-9.329434
-9.287244
-9.480500
-9.105778
-9.371810
-9.449667
-9.649755
-9.770992
-9.457611
-9.765582
-10.134619
-9.984800
-9.856792
-9.960631
-9.951975
-9.510884
-10.479914
-10.247262
-10.137902
-10.326095
-9.541795
-9.877945
-9.435183
-9.276152
-9.923575
-8.976529
-9.370750
-9.146260
-9.535931
-8.689569
-8.455207
-8.678504
-8.069530
-8.205485
-8.414474
-8.300295
-7.306328
-7.788456
-7.558835
-7.135203
-6.666575
-6.794630
-6.222407
-5.887787
-6.156847
-5.396338
-5.379417
-5.161010
-4.751743
-4.407847
-4.449323
-3.498904
-3.278860
-3.058903
-3.211804
-3.272853
-2.868611
-2.447920
-1.474198
-1.304965
-1.614304
-1.175274
-0.807269
-0.624555
0.017234
