-0.036039
0.752861
0.658105
1.197423
1.293767
2.172536
2.435276
2.272907
2.642050
2.699669
2.963642
3.410290
3.688296
4.692571
4.935796
4.834161
4.694880
5.358400
6.115322
5.953485
6.583769
6.083611
6.761812
6.371099
6.776131
7.643594
7.179652
7.387514
8.335764
7.848693
8.104403
8.193128
8.359655
9.089385
8.475699
9.056246
9.250242
9.354863
9.098127
9.270339
9.297005
9.801503
9.970682
9.734656
9.527430
10.207586
10.375979
9.527375
9.983291
9.505438
9.950322
9.893450
9.597546
10.172424
10.338416
9.636005
9.378927
10.147990
9.981211
9.595113
9.673327
9.793126
9.398235
9.542428
8.726972
8.540378
8.595799
8.824060
8.529710
8.176484
8.351999
8.017737
7.899342
7.419230
6.868798
6.378758
6.888692
6.549027
6.576542
6.319576
5.483263
5.851913
4.608869
4.451740
4.471381
4.220322
3.617638
3.230567
3.240897
2.990233
2.934313
2.369721
1.938804
1.407957
1.172127
1.342674
1.237532
1.026126
-0.185870
0.302688
-0.539051
-0.852179
-0.528486
-1.100364
-1.364201
-1.496691
-2.572381
-2.065794
-2.360897
-3.306052
-3.319557
-4.165483
-3.959272
-4.016953
-4.506801
-4.785580
-5.278649
-5.502180
-5.167254
-6.351896
-6.525167
-6.446809
-6.795039
-6.421078
-6.832082
-7.105967
-7.415547
-7.807527
-7.665156
-8.165183
-8.017575
-8.042065
-8.224325
-8.544313
-8.517690
-9.265038
-9.215991
-8.962051
-9.776506
-9.178130
-9.276517
-9.921844
-10.072918
-9.465123
-10.004406
-10.225047
-10.402610
-10.242594
-10.379681
-9.631141
-9.724540
-9.522086
-10.151019
-10.120386
-9.555399
-9.876403
-9.339715
-9.607487
-9.774805
-9.682902
-9.233014
-9.371653
-8.868288
-9.456362
-9.222829
-8.312993
-8.350802
-8.889704
-7.819047
-8.150846
-8.294209
-7.905718
-7.470880
-7.399319
-7.511030
-7.248607
-6.234930
-6.685902
-5.958531
-5.526789
-5.667649
-4.934291
-5.519537
-4.489638
-4.625470
-4.181587
-3.666053
-4.085083
-3.157451
-3.195366
-2.607430
-2.867967
-2.448933
-2.038819
-1.254931
-1.312119
-0.603426
-0.809824
-0.556505
0.182551
