0.436695
0.764982
0.496591
1.484742
1.385185
1.989298
2.156761
2.810081
2.940167
2.766472
3.063658
4.143768
4.003386
4.465483
4.096949
4.673275
5.204666
5.746463
5.239519
6.192662
5.951954
6.591748
6.445278
6.388773
7.566983
7.598687
7.145325
7.645806
7.506337
7.628903
8.221748
8.388147
8.556631
8.466465
9.108105
8.903489
9.589507
9.625023
9.346570
9.794885
9.151067
9.453334
9.859145
9.935438
10.203964
10.064219
10.102177
9.746495
10.120426
10.116040
10.055712
10.340589
10.218998
9.457786
9.835710
9.607307
9.293626
9.409970
10.035062
9.483979
9.419776
9.661611
8.960919
8.868441
8.794817
8.731300
8.350761
8.710057
8.720338
7.712437
8.036653
8.075921
7.405738
6.846190
7.166737
7.275386
6.629249
6.170892
6.577880
5.764996
5.147955
5.092657
5.115559
5.219462
4.174007
4.093541
3.575142
3.889164
3.005669
3.434432
2.729077
2.292516
1.782218
2.287546
1.921726
1.316412
1.178896
0.946482
0.700357
-0.182233
-0.596974
-0.955832
-1.124973
-1.242240
-1.561214
-2.263764
-1.841138
-2.882916
-2.866437
-3.166366
-3.548190
-3.334776
-4.034182
-4.355496
-4.966842
-5.194240
-4.981866
-5.805623
-5.274716
-6.030975
-6.240652
-6.740815
-6.427224
-6.432387
-7.309401
-7.769614
-7.860683
-7.441801
-8.374717
-8.369581
-7.807893
-8.741427
-9.058784
-8.909501
-8.764273
-8.624310
-9.290539
-8.842609
-8.976231
-9.238290
-9.247101
-9.389561
-10.050489
-9.483851
-10.189514
-9.742367
-9.794044
-9.712459
-10.334664
-9.934559
-9.941864
-9.833376
-10.188969
-9.889512
-10.256075
-9.331218
-9.996974
-10.037957
-9.716754
-9.340420
-9.355646
-9.700625
-8.941693
-8.931424
-8.860824
-8.570829
-8.107758
-8.175822
-8.613145
-7.917290
-8.110707
-8.042499
-7.884588
-7.633762
-6.678037
-6.455458
-6.555777
-6.030556
-6.413147
-6.226333
-5.657277
-4.891444
-5.536572
-5.254248
-4.503432
-3.917991
-4.248476
-3.390653
-3.357628
-2.881700
-3.272519
-2.714104
-2.384441
-2.147639
-1.560812
-0.954973
-0.757340
-0.303905
-0.610857
-0.387369
