0.187835
0.800423
0.484141
1.071265
1.943036
1.857624
2.647896
2.674636
2.419554
3.308664
3.120616
3.619224
4.404067
3.837197
4.677946
5.061692
4.806081
5.850455
5.611870
5.579856
5.893616
5.875456
7.001325
7.126631
7.516891
7.610308
7.679475
7.748425
7.478007
8.275884
8.189877
8.854216
8.391341
9.110289
8.557122
9.373425
9.317883
9.594247
8.911931
9.060262
9.596664
9.448370
9.457513
9.852734
10.230019
10.087212
10.003145
10.116577
10.155020
10.494701
10.057037
9.560007
9.706382
9.685843
9.838199
9.933578
9.851791
9.492910
9.361654
9.662809
9.450615
9.016812
9.011457
9.116264
8.538452
8.960895
8.847394
8.749481
7.825608
7.600726
8.323151
7.500468
7.994469
7.661521
6.947243
6.456674
6.435103
6.695575
6.539897
6.169958
5.840347
5.602020
5.435634
4.533752
4.785813
4.340597
4.346839
3.674711
3.867291
2.956586
2.910094
2.179457
2.671401
1.739603
1.351048
1.744744
0.663536
0.452377
-0.052430
-0.074952
-0.728368
-1.048802
-0.903335
-0.859451
-1.937295
-1.827247
-2.598617
-2.122935
-3.089142
-3.566829
-3.660146
-3.934744
-4.038697
-4.570246
-4.912453
-4.745420
-5.584174
-5.678244
-5.462073
-5.907158
-6.530592
-6.477793
-7.033262
-6.712581
-6.795822
-6.820548
-7.884055
-7.931470
-7.426063
-8.580525
-8.748359
-8.275588
-8.376984
-8.705396
-8.647867
-9.477104
-9.514542
-9.428003
-9.628436
-9.559797
-9.150525
-9.390857
-10.177877
-9.943029
-9.537257
-10.199728
-10.307242
-10.342379
-9.883324
-9.525815
-9.858685
-10.269964
-10.270070
-9.788151
-10.031646
-9.477118
-9.274359
-9.559488
-9.419709
-9.390099
-9.714741
-9.464680
-9.293542
-9.241175
-8.649271
-9.079121
-9.063356
-8.583144
-8.376592
-7.620567
-8.244843
-7.864890
-7.009330
-6.797041
-7.389239
-6.550995
-6.841879
-6.311422
-6.579606
-5.730558
-5.674940
-4.923317
-4.609415
-4.746857
-4.745323
-4.670403
-3.542259
-4.103091
-3.107819
-3.514920
-2.366188
-2.710231
-2.054497
-2.105668
-1.366668
-1.694200
-0.506156
-1.112135
0.087939
0.266111
