0.507970
0.304487
1.038005
1.333686
1.607647
1.404193
2.622762
2.487027
3.137046
2.813336
3.689217
3.640517
3.671049
4.014333
4.924925
4.762317
5.230628
5.256241
5.492403
5.958493
5.809516
6.136771
6.535381
7.138302
7.360195
7.597708
7.441869
7.316306
7.975122
7.795239
8.412408
8.160325
8.630195
9.087895
8.573212
8.760222
9.480685
9.616827
8.971585
9.094921
9.929514
9.197787
10.209089
9.684089
9.495187
10.052913
9.800199
9.511984
10.370523
9.956853
9.819666
9.812073
9.703305
10.057172
9.868702
9.703200
9.575276
10.170124
9.534224
9.101331
9.225375
9.183975
9.439578
9.247470
8.780445
8.968941
8.726055
8.688128
8.027259
8.217621
7.922260
7.736936
7.316362
7.480760
7.142169
6.998452
6.592777
6.577809
6.365723
5.742090
5.407516
5.471508
5.046951
4.566458
5.024791
4.142907
3.865517
3.322790
3.076220
3.494185
2.389671
2.418853
2.445271
1.973915
1.167099
1.375581
1.330373
0.454129
-0.125849
0.477880
-0.300645
-1.047500
-1.338390
-0.906022
-1.670835
-2.161354
-2.094077
-2.805323
-3.146109
-3.360769
-2.927022
-3.824579
-3.884647
-4.007598
-4.216283
-4.700454
-5.259345
-5.490797
-5.272612
-5.798395
-6.331300
-6.773704
-6.215978
-6.759572
-6.971008
-7.734197
-7.541789
-7.572709
-7.730046
-7.674529
-8.434398
-8.734539
-8.227087
-8.703893
-8.434142
-8.687445
-8.918369
-8.829847
-9.473316
-9.162409
-9.538010
-9.320148
-9.807338
-10.044567
-9.491358
-9.496465
-9.805789
-9.728613
-10.260873
-10.246388
-10.458214
-10.326728
-9.644256
-9.499829
-9.547998
-10.032683
-9.640343
-9.840893
-9.709430
-9.457542
-9.686013
-9.546540
-8.935737
-8.962813
-9.065384
-8.647270
-8.200348
-8.467731
-8.334169
-8.453568
-8.078548
-7.305945
-7.315074
-7.608199
-7.538890
-6.629114
-6.295842
-6.462356
-5.658448
-6.013958
-5.240400
-5.219448
-4.764320
-4.636708
-4.927570
-4.062217
-3.969681
-3.573262
-3.673136
-3.231241
-3.229760
-2.007226
-2.127011
-1.460275
-1.580681
-1.039688
-0.680083
-0.890753
-0.318910
0.207177
