0.313847
0.976171
1.425427
0.899837
1.394081
2.219821
2.129300
2.152452
2.504335
3.275438
3.060484
3.481967
3.615615
4.262574
4.052329
4.814744
5.174583
5.829180
5.329692
6.277314
6.260167
6.676526
6.168666
6.763048
7.093648
6.905187
7.355707
7.668531
8.272910
7.646127
8.707573
8.796792
8.388678
8.353826
8.797269
9.017844
9.612951
9.345866
9.099739
9.914100
9.662691
9.795065
10.246559
9.475137
9.967767
9.697904
10.241550
9.905429
10.184985
9.578162
10.346104
10.095647
10.298383
9.764279
10.250513
10.123400
9.295047
9.514597
9.920392
9.406279
9.686717
9.216300
8.762593
8.772237
9.000798
8.813710
8.474338
8.138545
8.363323
8.114147
7.416598
7.735957
7.427221
7.430018
6.671173
6.894918
6.326444
6.437245
6.480152
5.423739
5.581560
5.838160
5.093253
4.555184
4.172018
4.008391
4.263392
3.464591
3.859151
2.699264
2.945777
2.345363
2.408265
2.280540
1.228067
0.831420
0.711251
0.273425
0.605508
-0.235964
0.065738
-0.994792
-0.768621
-1.121189
-1.600169
-1.469018
-2.311148
-2.061509
-2.544622
-3.019607
-3.160216
-3.776646
-3.502199
-4.451455
-4.405605
-5.085257
-5.452243
-5.329474
-5.136364
-6.202951
-5.976472
-6.328540
-6.565766
-6.717851
-6.796241
-7.543060
-7.934943
-8.057230
-8.136237
-7.925768
-8.289907
-8.718077
-8.728374
-8.543414
-8.895764
-8.705570
-9.447257
-9.348509
-9.744175
-9.623133
-9.782464
-9.382741
-9.739897
-9.890361
-9.921499
-10.401483
-9.757262
-10.209139
-10.381180
-10.117583
-9.906715
-10.371808
-9.966500
-10.235247
-10.083366
-9.483714
-9.631746
-9.412746
-9.322102
-9.562704
-9.728126
-9.709471
-8.933315
-8.639982
-8.437072
-9.115503
-9.093009
-8.831538
-7.920356
-8.250941
-7.562408
-7.660545
-7.904509
-6.833284
-7.115747
-7.237330
-6.779716
-6.320665
-6.394815
-6.097979
-5.401943
-5.687403
-4.876607
-4.419613
-4.182376
-4.564078
-4.118356
-3.363843
-3.649398
-3.245336
-2.637923
-2.418956
-1.881131
-2.020198
-1.726175
-1.084627
-0.556416
-0.511246
-0.385662
-0.438165
