0.404499
0.259386
0.637438
0.790409
1.225570
1.829376
2.511758
2.878020
2.335836
3.222202
2.994973
4.148956
3.767545
3.920134
4.831438
5.034073
4.933652
4.975070
5.866492
5.877731
5.652160
6.262368
6.641527
6.989151
6.883389
7.650209
7.251212
8.121312
8.154465
8.165552
8.135358
8.672019
8.239916
9.035804
8.437185
9.496460
9.466703
9.796221
9.044780
9.075695
9.744883
9.963128
9.609748
9.496391
10.048880
9.685274
9.784238
9.704261
10.482035
10.039789
10.246316
9.797458
9.548905
9.678588
10.246440
10.048551
9.652966
10.173358
9.674723
9.520211
9.013483
8.820820
8.871540
9.407126
8.645046
9.058331
9.084832
8.541818
7.892290
8.447292
7.448713
7.299277
7.336064
6.827487
6.850782
6.883381
6.816114
6.862990
5.824175
5.898985
5.403737
5.539209
5.552678
4.602121
4.319773
4.608905
4.426889
3.642736
3.368050
3.336432
2.950196
2.095862
1.845765
2.352344
1.351695
0.899080
0.978624
1.019124
0.311604
0.242034
-0.583036
-0.840864
-0.541134
-1.129164
-1.222044
-2.318829
-1.869166
-2.333278
-2.322692
-3.128577
-2.952096
-3.355131
-3.979270
-3.802586
-4.641044
-4.543065
-5.303654
-5.172356
-6.025324
-6.337131
-5.769577
-6.619304
-6.689059
-6.785151
-6.786129
-6.966910
-7.811257
-7.239676
-7.438137
-7.986399
-8.053350
-8.129221
-8.818207
-8.329293
-8.754611
-9.524544
-8.923237
-9.362947
-9.874824
-9.952996
-9.669611
-9.569712
-9.913936
-10.212590
-9.780262
-9.452883
-10.001665
-10.063905
-10.023966
-10.343594
-10.465931
-9.651148
-9.667670
-10.195425
-10.322823
-9.742933
-9.684939
-9.859832
-9.968336
-9.917050
-9.015658
-9.040855
-9.452506
-9.253844
-8.609743
-8.329628
-8.115900
-8.355678
-8.726667
-7.799234
-7.453167
-7.256677
-7.190988
-7.561547
-7.073567
-6.493542
-6.922907
-6.165411
-6.257213
-5.772670
-5.358709
-5.779219
-5.399515
-4.684266
-4.171130
-4.400127
-3.545074
-4.020020
-3.687110
-3.121124
-3.052375
-2.301597
-1.934166
-2.033722
-1.362371
-1.475927
-0.696243
-0.293064
0.135549
-0.243900
