0.434326
0.170980
1.005131
1.350100
1.481379
2.167464
1.833455
2.089618
2.535864
2.952919
3.614388
3.618338
3.936154
4.727857
4.311735
4.490453
4.995634
5.456852
5.886078
5.993141
6.174613
6.118131
6.538253
6.368881
6.634396
7.615434
7.231064
8.203359
8.058372
8.255430
8.175025
8.307666
8.686479
8.289391
9.165543
9.196486
8.810922
9.194216
9.015894
9.194980
10.088485
9.419493
9.575228
9.898358
10.074806
9.917632
9.588209
10.034403
10.471400
10.385926
9.771802
10.256056
10.429727
10.387250
10.011132
9.743972
9.291691
9.995906
9.527101
9.463157
9.087988
8.802230
8.893274
8.807792
8.930941
9.020627
8.193101
8.040118
8.160828
7.642635
7.762906
7.207675
7.459204
7.745421
7.512042
7.171264
6.529515
6.142775
5.997510
6.334667
6.024012
5.075489
5.133126
4.937350
4.440821
4.019711
3.702048
3.911236
3.041087
3.158832
2.503005
2.680179
2.545292
1.411831
1.609507
1.274001
1.088051
0.991270
0.310009
0.487902
0.173900
-0.401365
-0.550540
-1.616095
-1.953288
-1.804302
-2.644783
-2.757025
-3.180787
-3.369886
-3.043234
-3.541183
-3.697040
-4.298466
-5.024680
-4.707615
-4.963224
-4.859808
-5.273730
-6.289288
-6.390706
-6.521267
-6.205924
-6.692045
-7.209538
-6.838724
-7.281654
-7.344830
-7.893817
-7.728868
-8.634304
-8.206535
-8.887897
-8.939697
-8.945732
-8.961361
-9.105267
-9.418392
-9.266206
-9.589374
-9.248873
-9.960698
-9.925340
-9.407054
-10.210998
-9.693503
-9.842734
-9.520916
-10.411666
-9.779175
-9.740556
-10.053691
-10.117308
-9.872194
-9.780187
-9.743052
-9.559015
-9.549707
-10.090969
-9.755073
-8.996924
-9.433526
-9.416156
-8.940911
-8.639230
-9.131684
-8.334659
-8.720388
-7.883910
-8.201541
-8.149222
-7.959562
-7.498718
-7.462007
-7.156634
-7.042049
-6.808593
-6.004291
-5.884083
-5.541792
-6.044940
-5.466082
-5.227018
-4.418615
-4.150000
-4.668876
-3.858635
-3.547662
-3.646508
-2.665487
-3.249850
-2.383387
-2.220312
-1.913776
-1.253483
-0.805410
-1.068508
-0.798456
-0.589783
-0.157808
