0.329728
0.481880
0.922348
1.341839
2.043473
2.026646
2.447537
2.279961
3.111098
2.766620
3.473565
3.734639
3.539989
3.760708
4.647488
4.525288
5.059266
5.495005
5.795994
6.115801
6.614397
6.795419
6.149596
7.191239
7.048522
7.242049
7.033059
7.811209
8.183530
8.171855
8.140651
8.633025
8.572941
8.320568
8.943388
9.221197
9.148704
9.148657
8.985949
9.799774
9.386413
9.483808
9.901075
10.086154
9.511503
10.154196
9.955723
9.688458
10.003130
10.200712
10.091412
9.990801
9.482600
10.409329
9.532475
9.898707
9.516012
9.648588
9.826858
9.637953
9.700634
9.161119
8.760761
8.783735
8.736429
8.293063
8.911904
8.453151
8.099515
8.088773
7.864567
7.207760
7.337786
6.885945
6.752905
6.999185
7.044399
5.894167
5.701946
6.232025
5.295462
5.519915
5.187503
5.190043
4.632122
4.504098
4.199442
3.312470
3.468809
2.805467
2.936652
2.592701
1.716726
1.953034
2.002730
1.678833
0.609748
0.427920
0.060559
0.291657
-0.404393
-0.523798
-1.264302
-1.031029
-2.047383
-1.784325
-2.313710
-2.501284
-2.388790
-3.390559
-3.681540
-4.131874
-3.926365
-3.895648
-4.639897
-4.516614
-4.781465
-5.388089
-5.336252
-6.219158
-5.711860
-6.713984
-6.239204
-6.429794
-7.294864
-6.934075
-7.364180
-7.542494
-7.887347
-8.427736
-8.713130
-8.732290
-8.901060
-8.437519
-9.099337
-9.153077
-8.763900
-9.284938
-9.537481
-9.079469
-9.289379
-9.706346
-9.810981
-10.179911
-9.795371
-10.324571
-10.184285
-9.575048
-10.470179
-9.713338
-10.018993
-10.354887
-9.462646
-9.999558
-10.050567
-10.263089
-10.104936
-9.464867
-9.540163
-9.555125
-9.221241
-9.008987
-9.416958
-9.082535
-8.615129
-8.266831
-8.570175
-8.171433
-8.162429
-7.886887
-7.991212
-7.503777
-7.971635
-6.970927
-6.819765
-6.476386
-6.373233
-6.644568
-5.732730
-6.248805
-5.930047
-5.216624
-5.123424
-4.642587
-4.995776
-3.763738
-3.833940
-3.643179
-3.658292
-3.507367
-3.111920
-2.557673
-2.316156
-2.054220
-1.690657
-0.871190
-0.593697
-0.978359
-0.791158
-0.169202
