0.615368
0.222683
0.986317
1.664659
1.538011
1.965183
1.712522
2.826357
3.005795
3.016159
3.188300
3.652650
4.070705
4.666130
4.658404
5.163011
5.009440
4.934643
5.188373
5.807463
5.908284
6.464796
6.220019
6.390575
6.645717
7.782253
7.272490
7.310746
8.269806
7.777155
8.445426
8.646978
9.001743
8.552956
8.525890
9.033065
9.457871
8.942362
9.689592
9.133901
9.389084
9.690511
10.239961
10.250361
9.405024
10.369718
10.290748
9.484358
9.509924
10.097360
10.200883
10.215006
9.688514
9.625811
9.424065
10.117064
9.604094
9.192238
9.385445
9.227257
9.692034
9.155066
9.235800
8.836654
8.993183
8.734976
8.288891
8.081226
8.103278
8.353539
7.474285
8.198437
7.633971
7.553460
6.666522
6.822963
7.092740
5.965445
6.121111
5.638905
5.247678
5.492715
5.018896
4.834316
4.338472
4.681346
3.590121
4.003365
3.203603
3.319864
3.196569
2.106234
1.713129
2.246991
2.046378
0.889888
1.274577
0.671388
-0.058407
0.050019
-0.756057
-0.561817
-0.960512
-1.614037
-1.566266
-1.401913
-2.385519
-2.065363
-2.875225
-3.198841
-3.533520
-3.259307
-4.153786
-4.377583
-4.287227
-4.554946
-5.219715
-5.525030
-5.615678
-6.375437
-6.475722
-6.069210
-7.080166
-6.519307
-7.479548
-7.681677
-7.499005
-7.588009
-8.087000
-8.567322
-8.383777
-8.768677
-8.479711
-8.491781
-8.421659
-8.758288
-9.440922
-9.668091
-9.230131
-9.889853
-9.829920
-9.695332
-10.126509
-10.272692
-9.564823
-10.208496
-9.568810
-9.586835
-9.653825
-10.269954
-10.111399
-10.130997
-9.676653
-10.241296
-10.022795
-9.998174
-9.874057
-10.057064
-9.238994
-9.141186
-8.954856
-8.814345
-8.759127
-8.611800
-8.936165
-9.073264
-8.952242
-8.600170
-8.689336
-7.965409
-7.913483
-8.032952
-7.651215
-7.546641
-7.126773
-6.450767
-7.030061
-6.294184
-5.773227
-6.122368
-5.315757
-5.422374
-4.675778
-4.614496
-4.167389
-4.311266
-4.431762
-3.836407
-3.501988
-3.490687
-2.587287
-2.384761
-2.306541
-2.253261
-1.407752
-1.052442
-1.058831
-0.963323
-0.098434
0.026703
