0.245231
0.285535
0.509188
1.656898
1.555230
2.027024
1.786661
2.351980
2.786230
3.302120
3.667681
3.615444
4.469016
4.659144
4.082043
5.082392
4.612527
5.273669
5.524443
5.506032
6.382598
6.498297
6.831201
6.934944
7.133297
7.275552
7.373886
8.168588
8.101963
7.803670
8.191206
8.891146
8.876385
8.608618
8.722780
9.387392
8.816678
9.121927
9.264644
9.805339
9.167095
9.539869
9.639630
10.246744
9.872911
9.953143
10.266794
10.442449
10.050275
9.993783
10.020309
9.880921
10.268687
10.185446
9.865387
9.845883
9.670423
10.087224
9.180126
9.525275
9.723286
9.591439
8.815699
8.810045
9.092392
8.727247
8.190808
8.588972
8.639961
8.122189
7.757060
8.137080
7.723009
6.790678
6.958252
6.790245
7.028979
6.488454
6.068086
5.814231
5.936858
5.377272
5.060259
4.536956
4.190864
4.745081
3.720288
4.017333
3.539346
3.058553
3.116783
2.748932
2.001640
2.249228
1.781182
0.803673
1.150241
0.752060
0.434881
-0.042702
-0.662786
-0.703398
-0.644416
-0.845632
-2.023761
-1.675734
-2.346164
-2.349205
-2.690781
-2.760842
-2.953961
-3.882109
-4.164116
-3.759901
-4.739507
-4.485182
-5.251166
-5.350847
-5.430416
-6.216941
-5.713284
-6.083433
-6.432499
-6.877696
-7.169845
-6.935007
-7.014765
-7.354964
-8.135718
-7.613271
-8.481137
-8.426878
-9.080529
-8.593625
-8.781616
-8.955436
-9.495688
-9.600292
-8.978075
-9.348144
-9.393684
-9.378166
-9.760018
-9.378955
-10.010395
-10.156486
-10.089210
-10.230786
-10.100457
-9.768333
-9.827829
-9.811093
-9.976682
-10.001638
-9.744738
-9.851486
-9.639079
-9.361168
-9.719629
-9.923979
-9.766414
-9.425267
-8.700393
-8.646999
-9.232444
-8.471523
-9.107280
-8.302581
-7.820933
-7.610407
-8.210976
-7.554538
-7.114347
-7.088289
-6.621236
-6.557204
-6.729733
-6.049058
-5.973768
-5.740029
-5.193504
-5.495626
-5.551651
-4.607623
-4.966476
-4.022528
-4.171689
-3.382071
-3.691987
-3.306684
-2.526749
-2.042336
-2.590516
-1.465306
-2.015579
-1.261924
-1.218677
-0.771814
-0.560445
0.326330
