-0.012538
0.417800
0.524465
1.722396
1.105438
2.175457
1.904138
2.906689
3.245236
3.485184
2.951345
3.937862
3.888073
4.714465
4.692664
4.655824
5.290461
5.629894
6.020490
5.529200
5.777816
6.643552
6.913488
6.754738
6.599782
7.686872
7.692210
7.231290
7.930597
7.659337
7.804451
8.707045
8.958569
8.456254
8.427395
8.951134
8.806444
9.418095
9.255471
9.496356
9.704403
9.839327
9.322169
9.739745
10.234372
10.029319
9.463158
10.088436
10.336437
10.405190
10.391435
9.483746
10.268271
9.637540
9.814178
10.107355
9.701716
9.996313
9.635344
9.232214
9.748900
9.718623
9.561492
9.120228
8.549523
8.464406
8.127264
8.888328
8.689829
7.833653
8.111809
7.358995
7.138432
7.660889
6.998853
6.732263
6.583097
5.897849
6.025054
6.342327
5.762302
5.531171
5.355900
5.061862
4.726874
4.299694
4.288033
3.814487
3.648484
3.542250
3.230745
2.146129
1.905541
2.095726
1.726280
1.673295
1.243610
0.580500
0.346076
-0.437275
0.028930
-0.827748
-0.796339
-1.544320
-1.271145
-2.185040
-2.160974
-2.848061
-3.231828
-3.140564
-3.144901
-3.669060
-4.351088
-4.017337
-4.866398
-4.612961
-4.837912
-5.316956
-5.967540
-6.126370
-6.576934
-6.373402
-6.861457
-6.508689
-6.853802
-7.701145
-7.746718
-7.270586
-8.096477
-8.232504
-8.443811
-7.963360
-8.579301
-8.370061
-9.065722
-8.550433
-9.093657
-9.089416
-9.802527
-9.520060
-9.385372
-9.791434
-9.859621
-9.901586
-9.747455
-9.840316
-10.330814
-10.406081
-10.422479
-9.842849
-9.520659
-10.247883
-10.257650
-9.627450
-10.266381
-10.303268
-9.838560
-9.643680
-10.028290
-9.252029
-9.266998
-9.500180
-9.618430
-8.555656
-9.353229
-8.393619
-8.922026
-8.836594
-7.888602
-7.596161
-8.338244
-7.841182
-7.635987
-7.515738
-7.338893
-6.841443
-6.129966
-5.996867
-6.093114
-6.105778
-5.123305
-5.752727
-5.386852
-4.733141
-4.591670
-4.537167
-4.407550
-3.585098
-3.848162
-3.378690
-2.837328
-2.858256
-2.206163
-2.068925
-1.702280
-1.541745
-1.103167
-0.924130
-0.729934
-0.154341
