0.524401
0.442455
0.810517
1.561612
1.626431
1.597455
2.633108
2.148059
3.275720
3.365066
3.284556
3.621702
3.610668
3.884664
4.059189
4.414903
5.237414
5.651001
6.036322
5.829164
5.675261
6.838516
6.524391
6.369496
6.769308
7.312714
7.891988
7.239092
7.989930
7.946468
8.429370
8.346024
8.138338
9.190052
9.198345
9.356831
9.477964
9.078597
9.829064
9.168633
9.170361
9.833256
9.500386
10.191279
9.889897
9.529246
10.035954
10.078541
9.512317
9.826391
9.887357
9.598050
9.843063
9.784232
10.316342
9.358549
9.534257
10.145836
9.678174
9.999916
9.557746
8.980537
9.537250
8.941696
8.416959
9.020926
8.470080
8.017993
8.498007
8.171871
7.612199
7.437051
7.039730
7.297895
7.390640
7.301532
6.377845
6.382304
6.480996
6.161151
5.124519
5.186738
5.393465
4.883054
4.796298
4.291811
4.075852
4.143685
3.783116
2.664920
2.629271
2.279298
1.863478
2.204454
1.260677
1.569044
0.903119
0.711695
0.468235
0.282476
-0.322912
-0.200560
-0.926417
-1.259628
-1.197875
-1.573411
-2.152377
-2.451244
-2.766768
-3.314075
-3.794611
-3.475423
-4.145260
-3.892937
-4.614469
-4.462972
-4.654180
-5.537500
-6.109990
-5.729163
-5.749811
-6.808195
-7.109577
-6.427801
-6.707261
-7.598108
-7.813180
-7.396398
-7.714501
-8.551752
-7.800823
-7.944175
-8.905281
-8.580386
-9.275228
-9.092095
-9.085753
-8.886195
-9.645902
-9.147152
-9.679510
-9.494611
-9.820035
-10.270950
-10.235453
-9.521898
-9.711310
-10.448224
-10.040150
-10.412695
-9.791809
-10.032975
-9.685298
-10.011398
-9.613759
-9.501090
-9.971038
-9.791092
-9.425013
-9.537966
-9.679464
-9.545114
-9.393714
-8.756364
-8.458603
-9.238488
-9.005179
-8.797915
-8.595386
-7.985329
-7.637226
-7.815101
-7.673261
-6.887682
-7.091353
-7.187103
-7.066338
-6.276034
-6.528408
-5.873402
-5.680927
-5.338733
-4.952477
-4.547185
-4.562019
-4.739148
-4.210814
-3.420385
-3.587401
-3.295454
-2.713058
-2.056770
-1.880449
-2.019745
-1.319173
-1.216079
-1.164388
-0.882859
-0.713098
0.101856
