0.217626
0.601757
1.088124
1.310446
1.796242
1.750185
2.502017
2.448797
2.334508
2.916495
2.932615
4.180948
4.407912
4.168813
4.624549
5.120847
5.546078
5.096277
5.180483
5.760757
6.117374
6.099286
6.468398
6.982952
7.560607
7.316636
7.671235
7.968144
7.473242
7.859758
8.577398
8.122553
8.928718
9.048998
9.241404
9.424912
9.110293
9.265495
9.440328
9.448454
9.377940
9.728937
9.311711
9.368946
9.748237
9.677659
9.497362
10.245220
10.146347
9.580227
10.012423
9.793310
9.599953
10.343867
9.842609
10.231267
10.015770
10.031350
9.467019
9.636165
9.828157
9.672494
8.951005
9.475122
8.651481
8.979271
8.936134
8.087126
7.837796
8.500694
8.285389
7.556294
7.767239
7.493724
6.989758
6.934104
6.463801
5.878680
6.188216
5.522902
5.345972
4.995967
4.597531
5.301226
4.393062
4.140752
3.840025
3.329744
3.879936
3.100429
3.207815
2.342559
2.127998
2.372937
1.236903
0.877091
1.095051
0.621883
0.305014
0.378342
-0.266661
-0.475653
-0.841857
-0.841712
-1.087474
-1.790548
-2.483236
-2.912588
-2.473530
-3.531074
-3.833558
-3.537715
-4.397297
-3.930132
-4.100000
-4.846442
-5.299829
-5.448361
-5.209256
-5.899291
-5.945341
-6.037713
-6.474072
-6.786139
-6.848478
-7.085618
-7.701847
-7.706421
-7.684657
-7.976698
-8.236121
-8.754214
-8.806296
-8.493489
-8.535903
-8.808555
-9.219523
-9.368833
-9.692557
-9.768854
-9.179567
-9.645750
-9.640643
-10.231410
-10.272753
-9.444771
-10.027490
-9.795892
-10.193166
-10.047865
-10.194224
-10.262296
-9.644238
-9.907174
-10.121733
-10.283317
-9.438365
-9.788624
-9.385802
-9.125341
-8.969205
-8.996992
-8.707044
-8.757335
-9.229915
-9.225683
-8.648247
-8.230728
-8.696984
-8.223634
-8.153212
-8.170295
-7.938204
-7.055891
-7.037379
-7.338091
-6.823281
-6.620827
-6.158628
-5.498774
-6.030516
-5.423540
-5.265877
-4.817339
-4.739906
-4.171884
-4.286477
-3.434394
-3.142908
-2.859330
-2.574994
-2.225629
-2.333171
-1.765881
-1.289911
-1.387132
-1.122187
-0.148050
-0.336603
-0.283369
