0.375711
0.941680
0.667447
0.936844
1.250125
2.059069
1.940690
2.378976
3.250811
2.815783
3.366801
3.414375
3.663424
4.330049
4.891159
4.506240
4.610937
5.708372
5.394839
5.801653
6.331968
6.585509
6.517004
6.481929
7.107366
7.094983
7.718512
7.929885
8.172045
8.015383
8.189211
8.550966
8.730126
9.247845
8.781857
8.806665
9.325164
9.513471
9.316888
9.750923
9.507537
9.987566
9.753741
9.820777
9.667926
10.097677
9.499579
9.785296
10.381092
10.133575
10.329418
9.646865
9.873306
10.306636
9.953353
9.502113
9.364528
10.024794
9.654297
9.516666
9.689024
8.988655
8.823200
9.429944
8.739846
8.480472
8.938274
8.233838
8.051326
8.176085
7.732502
7.851554
7.548135
6.893653
6.904372
7.104283
6.686205
6.391031
6.112606
6.020265
5.871462
5.049751
5.285033
4.736009
4.233114
4.214028
3.740996
3.874752
3.263687
3.469748
2.486788
2.805869
1.733541
1.942285
1.596296
1.658960
1.325513
0.705785
0.357101
-0.346363
0.162148
-0.491056
-1.075828
-1.310068
-1.928623
-2.159827
-2.230756
-2.982890
-3.106759
-3.187903
-3.340248
-3.484072
-4.017077
-4.127102
-4.226054
-5.113521
-5.581428
-5.284124
-5.917908
-5.902057
-6.385791
-6.412966
-6.783112
-6.391863
-6.950630
-7.471466
-7.076981
-7.315365
-7.606664
-8.410645
-8.015580
-7.976162
-8.797049
-8.424457
-8.786937
-8.660813
-9.269854
-9.400857
-9.400150
-9.889151
-9.732773
-9.628611
-9.402358
-10.234933
-9.857156
-9.431328
-9.674706
-10.434742
-9.741441
-10.070392
-10.202194
-9.914434
-9.684708
-9.795820
-9.589194
-10.037446
-9.853997
-9.549858
-9.313996
-9.559936
-9.426957
-9.347065
-9.671136
-9.060121
-9.013734
-8.748828
-8.625050
-8.648836
-8.194033
-8.510351
-7.765091
-7.803722
-7.960521
-7.600354
-6.868034
-6.897226
-6.879238
-6.017742
-6.353250
-6.050153
-5.731641
-5.571841
-4.948463
-5.187522
-4.307113
-4.581670
-3.543206
-3.979355
-3.502906
-3.217254
-2.879982
-2.064742
-1.767274
-1.673144
-1.920434
-1.340789
-0.501314
-0.542589
-0.797209
-0.388292
