0.253731
1.038304
0.612150
0.876289
1.243080
1.609505
1.688412
2.918426
3.138529
3.267967
2.986451
3.928016
3.565967
4.169647
4.928852
4.473366
5.463457
5.854818
5.652548
5.650949
6.090582
6.855420
6.370440
6.731111
7.127722
7.062759
7.107154
7.881198
7.576088
8.477274
8.061559
8.242685
8.888026
8.334336
8.804110
9.121749
8.881184
9.541156
9.252015
9.256293
9.614460
9.984651
9.386369
9.813396
9.813974
9.423761
9.714510
9.930718
10.261558
10.471010
9.828716
10.178019
9.480284
10.374097
9.577545
9.602205
10.090366
10.077419
9.304157
9.456218
9.793720
9.327584
9.441024
8.916736
8.502892
8.369664
8.618117
8.626429
8.524167
8.101277
7.788556
7.327559
7.213670
6.975287
7.165607
6.426160
6.184995
6.158108
5.780209
5.474399
6.023345
5.455051
5.524030
4.676041
4.934375
3.939009
4.065178
3.830099
3.336476
2.758937
2.388799
2.308420
1.856723
1.521406
1.590368
1.643795
0.768918
0.174439
0.766838
0.416928
-0.475064
-0.480020
-0.926721
-1.231625
-1.511030
-1.561678
-2.678079
-2.214767
-2.978128
-3.521494
-3.663770
-4.068960
-3.741605
-4.290566
-4.473834
-4.775404
-4.661910
-5.271404
-5.637935
-5.818200
-6.430197
-6.105336
-6.708551
-6.537969
-7.039905
-7.051393
-7.476910
-7.524026
-7.538188
-8.239827
-8.706956
-8.472900
-8.879278
-9.048170
-8.554934
-8.760211
-9.526258
-9.520125
-9.656200
-9.821973
-9.518234
-9.745452
-10.130078
-9.580139
-9.791602
-9.644962
-9.975835
-9.583804
-10.378602
-9.926709
-9.943825
-9.948055
-10.177403
-9.570457
-10.159597
-10.088784
-10.073974
-9.327769
-10.086739
-9.633019
-9.690761
-9.164600
-9.541528
-9.533284
-9.074874
-8.327258
-8.387093
-8.492608
-8.743780
-8.450944
-7.449797
-7.213186
-7.639975
-7.301711
-6.818976
-6.675399
-6.546874
-6.338665
-5.888563
-6.296054
-5.372656
-5.784358
-5.068688
-4.765142
-4.693144
-4.251908
-4.446681
-3.915759
-2.962848
-2.699148
-3.104917
-2.098485
-2.125791
-1.628655
-1.317961
-1.349180
-1.437106
-0.874163
-0.732960
-0.339939
