0.556977
1.118711
0.899716
1.208368
2.041019
2.223046
2.227749
2.533511
2.991333
2.854583
3.802394
3.269324
4.452660
3.895524
4.423756
4.585642
5.278862
5.541614
5.740650
5.905955
6.030316
6.669626
6.774966
6.906957
7.360191
7.338040
7.048018
7.427297
8.176680
7.634276
8.023904
8.835649
8.632253
9.047491
9.023480
9.298131
9.586084
9.491121
9.069200
9.256830
10.013060
9.396214
9.991595
9.771637
9.775590
10.356590
10.451901
9.615830
9.816205
9.603111
9.583324
10.011434
9.878957
10.299700
9.808438
9.608685
9.943316
9.949432
9.808902
9.929337
9.744660
9.061514
9.065602
9.437367
8.981867
9.205465
8.941321
8.742513
8.172391
8.110270
8.067689
7.481984
7.958376
7.616623
7.347380
6.437855
7.034656
6.002170
5.819131
5.718056
5.645946
4.993740
5.040101
4.600838
4.580700
4.196165
3.777326
3.862281
3.644618
2.768654
2.790109
2.296797
1.687633
2.309000
1.881979
1.113968
0.506437
0.982243
0.691251
0.040733
-0.050035
-1.074039
-1.337684
-1.035574
-1.846226
-1.539888
-2.644451
-2.117726
-2.744816
-2.652176
-2.897755
-4.141946
-4.009482
-4.727717
-4.357036
-4.442781
-5.515465
-5.301699
-5.736274
-6.108606
-5.959005
-6.735972
-6.398501
-6.647252
-6.681607
-7.384968
-7.430953
-7.835829
-7.499451
-8.506140
-7.952102
-8.903162
-9.038115
-9.176803
-9.041229
-9.441795
-9.650662
-9.423363
-8.945844
-9.352572
-9.164696
-9.811521
-9.622827
-9.477810
-10.084791
-9.941388
-9.557367
-10.310850
-10.418110
-9.962621
-9.967925
-9.810920
-10.302984
-10.184621
-10.334286
-9.925841
-9.426082
-9.979049
-9.718104
-9.354009
-9.471023
-9.635643
-9.170542
-8.764411
-8.438155
-9.034840
-8.136841
-8.023427
-8.065578
-8.474587
-8.250250
-8.159877
-7.153059
-7.320441
-7.299173
-6.697973
-6.401761
-6.484724
-6.374629
-5.383574
-5.293562
-5.338681
-5.001953
-5.047980
-4.821273
-4.265125
-3.785583
-3.899490
-3.294720
-2.892232
-3.161338
-2.802252
-2.158129
-2.103494
-1.704500
-1.654543
-1.149962
-1.027937
0.073998
-0.355441
