0.176117
0.920746
1.049592
1.501507
1.135825
1.942629
1.996254
2.487741
2.653165
2.720013
3.470718
4.051452
3.917295
4.541981
4.431329
5.025575
4.651400
5.548327
5.183128
5.814843
6.373490
6.033502
6.338289
6.919612
6.871390
7.366471
7.389722
7.753412
7.953895
8.407707
8.330083
8.561824
8.209362
9.086691
8.731827
8.771310
9.479763
9.504265
9.878797
9.881637
9.698538
9.289537
10.087570
9.413897
9.755673
9.429458
9.749116
9.737428
10.180642
10.226427
10.341905
10.469703
9.486065
9.605454
9.888391
9.338098
10.155034
9.366060
9.422907
9.787965
9.772066
9.593295
9.636729
9.177131
8.941768
8.875609
8.629415
8.082975
8.741512
7.781436
8.069966
7.948528
7.462970
7.079368
7.277866
7.107782
6.590579
6.269278
6.080145
6.191742
6.058594
5.034726
5.108641
5.054728
4.675113
4.241478
4.398343
3.543604
3.272209
2.806482
3.211504
2.955040
2.130429
2.371526
1.127496
1.286034
1.115580
0.633350
0.029523
0.179656
-0.195436
-0.983697
-0.938121
-0.853420
-1.871256
-1.385700
-2.532153
-2.778973
-3.063716
-3.562033
-3.162344
-3.537498
-3.482736
-4.095692
-4.311653
-5.295599
-5.239662
-5.183721
-5.983191
-5.418740
-5.967940
-6.745952
-6.724166
-7.013009
-6.766297
-7.476857
-7.014811
-7.387074
-7.552188
-7.900554
-7.949897
-8.697541
-8.487799
-9.172123
-8.415015
-8.876008
-9.652505
-9.242052
-9.890274
-9.186638
-9.477754
-9.476037
-9.270378
-9.839922
-9.555153
-9.551433
-9.631165
-9.526870
-10.255800
-9.614873
-9.614500
-9.572139
-10.079834
-9.591183
-9.452763
-10.285576
-9.953450
-9.488591
-9.576673
-9.934459
-8.941550
-9.005617
-9.166283
-8.849876
-8.473384
-8.530944
-8.158766
-8.743240
-7.785176
-8.347800
-7.706402
-7.797100
-7.229196
-7.686578
-7.522992
-7.213330
-6.979027
-6.574594
-6.253396
-6.241484
-5.590348
-5.692993
-5.002581
-4.672758
-4.804305
-3.849695
-4.255529
-3.869611
-3.509808
-3.340439
-2.413508
-2.629621
-2.276363
-2.216543
-1.565600
-1.354830
-0.894498
-0.924695
-0.498802
0.203501
