-0.158682
0.323819
0.491713
0.864793
1.858701
2.229696
2.279294
2.404773
2.766180
2.740997
3.629874
3.254962
4.140853
4.018950
4.688810
5.100218
5.517434
4.881331
5.263293
5.905428
6.150676
6.704087
6.636972
7.237273
6.701197
7.587805
7.009770
7.888171
8.184275
8.327356
8.703602
8.549200
9.014541
9.012493
9.208910
8.979324
9.317051
8.913240
9.886219
9.923733
9.847099
9.621124
10.181822
10.132565
10.052147
9.648155
9.579755
10.188058
10.392534
10.390372
10.339943
9.724736
10.083921
9.565660
10.312348
9.661536
9.993505
9.513864
9.789465
9.140179
9.403594
8.894833
9.316957
9.302423
8.664561
8.809792
8.973474
7.972353
8.749383
8.299578
7.576332
7.468089
7.152892
7.409289
7.054050
6.580801
6.149263
6.471768
6.464578
5.611339
5.972524
5.095286
5.200363
4.951699
4.823342
4.268880
4.013280
3.555860
3.764271
3.061861
2.841346
2.635034
2.522193
1.644063
1.369825
1.511508
0.781222
0.558626
0.495408
0.239450
-0.039450
-0.967657
-1.072867
-1.289643
-1.540133
-1.622509
-2.539132
-2.653820
-2.998695
-3.550265
-3.077816
-3.927990
-3.535031
-4.110015
-4.094364
-4.831212
-5.210348
-4.867955
-5.970582
-5.850619
-6.128846
-6.574946
-6.138791
-6.469355
-7.183389
-7.705607
-7.729717
-7.397383
-7.633398
-8.466424
-8.704356
-8.617153
-8.857829
-9.241693
-8.736344
-8.865531
-9.098123
-9.082656
-9.642269
-9.293373
-9.758052
-9.854762
-9.507229
-9.706037
-9.430495
-9.955297
-9.546645
-10.290632
-9.604905
-9.502669
-10.260282
-9.810911
-10.047545
-9.844334
-9.476222
-10.255405
-9.724841
-10.032856
-9.782448
-9.570845
-9.045864
-9.359129
-8.678767
-8.668405
-9.408996
-9.031073
-8.338672
-8.602957
-7.977868
-8.559170
-7.986465
-7.358567
-7.381239
-7.737688
-7.469142
-7.249629
-7.043382
-6.596064
-6.469193
-5.383071
-5.240996
-5.838763
-5.167513
-5.290166
-4.348298
-4.714786
-3.870053
-4.007746
-3.095303
-2.664204
-3.085694
-2.069909
-2.595202
-2.040643
-1.069646
-1.368065
-0.855951
-0.839040
-0.275779
0.391224
