0.346898
0.222493
1.287688
1.060588
1.140957
1.647379
2.386845
2.252067
3.162264
3.519411
3.153914
3.544757
4.288396
3.866299
4.244003
4.690602
5.359682
4.967758
6.069359
6.184400
6.208178
5.905267
7.032937
6.769699
6.856288
7.029413
7.462558
7.823932
7.405271
8.287848
8.698666
8.778360
8.723669
8.804941
9.137412
9.224620
9.241715
9.687852
8.953647
9.913201
9.633265
9.570151
9.545518
9.741609
10.269563
9.735556
10.336916
10.317786
9.935632
9.976515
9.578862
10.232020
9.999352
10.107464
10.162064
9.950562
9.953041
9.394563
9.720862
9.134023
9.025212
9.634713
9.376232
8.564025
9.117902
8.560754
8.870685
8.245525
8.738429
8.521080
7.672573
7.304542
7.894932
7.073874
7.030372
6.460701
6.350816
6.660333
5.800186
6.232643
5.241732
5.654850
4.930929
5.213560
4.727087
3.915255
4.462986
3.777807
2.970743
2.880976
2.574480
2.033246
1.807351
1.732354
1.377071
1.386364
1.127630
0.452586
0.637305
-0.181037
-0.165734
-0.330625
-1.150268
-1.590770
-1.808239
-1.967463
-2.480737
-2.359543
-2.622425
-3.336516
-3.209836
-3.893468
-3.550672
-4.708986
-4.514960
-4.679338
-5.291120
-5.062067
-5.360052
-6.022416
-6.199659
-6.453614
-6.974144
-6.371778
-7.125518
-6.992809
-7.336366
-7.489739
-7.457893
-8.265080
-8.733242
-8.253364
-8.924234
-9.177364
-8.609167
-9.534968
-9.069521
-9.054544
-8.940691
-9.388571
-9.947265
-9.746921
-9.942893
-9.845503
-9.728401
-10.249839
-10.400858
-10.285649
-10.442173
-10.195505
-9.566668
-9.588264
-10.302944
-9.482398
-9.902377
-9.744872
-9.954082
-10.029290
-9.284409
-9.833789
-9.819708
-9.346093
-8.957582
-9.493727
-8.960529
-9.059732
-8.858690
-8.039848
-8.344795
-7.752513
-8.041447
-7.784829
-7.099740
-6.852695
-6.926284
-7.133473
-6.516128
-6.416101
-6.124341
-5.594863
-5.520607
-5.028507
-4.787362
-4.399575
-4.607541
-4.453262
-4.026080
-3.651955
-2.914349
-3.340973
-2.929959
-2.973055
-2.592669
-1.420855
-1.862373
-1.150523
-0.618031
-0.213361
0.072263
-0.016735
