0.566397
0.813928
0.598881
1.712892
1.183229
2.269495
2.008508
2.247331
2.522310
2.662669
3.072438
3.245955
4.331586
4.734104
4.736704
5.172555
5.443122
4.982836
5.753548
5.849281
6.462961
6.706308
6.893767
6.933511
7.543569
7.224483
7.178548
7.532014
7.763848
7.799303
8.222786
8.282561
8.555692
8.505443
8.843699
9.321097
9.391066
9.557695
9.788629
9.751750
9.408951
10.175763
9.961392
9.807566
10.322522
9.437060
10.205060
9.787213
10.303600
10.342547
10.178452
9.872740
10.221946
10.007951
9.668980
10.119982
10.189392
9.351462
10.023002
9.117525
9.896709
8.950034
8.811753
8.683481
9.366656
8.847689
8.317567
8.607661
7.805323
7.706838
8.007342
7.229702
7.557218
7.337497
7.371413
6.760840
6.985404
6.872684
6.122258
5.756981
5.227474
5.785984
5.185907
5.122893
4.972341
4.213151
4.227009
3.437939
3.127738
3.224392
2.622308
2.161177
1.959127
2.145475
1.484842
0.801770
1.271454
1.046386
0.025711
0.110264
-0.665924
-0.919148
-1.432109
-0.923175
-1.223116
-1.617535
-1.782943
-2.680508
-2.543242
-2.749293
-3.210862
-3.608665
-3.850074
-4.098594
-4.613042
-5.131454
-4.602265
-5.820691
-5.643738
-6.131902
-6.278978
-6.645522
-7.002017
-6.780559
-7.250463
-7.124215
-7.064145
-7.864866
-7.832308
-8.283049
-8.407963
-8.039323
-8.920519
-8.822065
-8.476623
-9.462535
-8.708136
-9.292848
-9.073256
-9.123285
-9.842681
-9.968142
-9.269812
-9.847675
-10.125322
-10.136764
-10.336797
-10.378022
-9.762531
-9.895425
-10.109495
-9.581521
-10.052503
-10.024380
-9.715465
-10.127424
-9.624155
-9.730839
-10.007748
-9.653216
-9.406286
-9.527514
-9.277255
-9.351158
-8.998352
-8.496917
-8.229613
-7.982578
-7.830892
-7.938966
-8.229537
-8.060929
-7.773636
-7.319526
-7.416552
-6.607643
-6.910952
-6.330075
-5.633263
-6.123442
-5.202278
-4.897175
-5.133551
-4.927105
-4.065931
-3.818683
-3.513813
-3.813696
-3.082462
-3.311333
-2.779972
-2.642745
-1.873791
-1.680725
-1.965530
-1.406227
-0.666963
-0.336990
-0.286010
-0.021623
