-0.075524
1.033887
1.219947
1.017797
1.499957
1.961755
2.411069
2.335935
2.310732
3.274166
3.618415
3.475914
4.013761
3.909656
4.913581
4.530444
5.431849
5.610648
5.652886
5.624953
5.723113
6.631571
6.419420
6.538485
7.393735
7.533666
7.322455
7.551048
8.291908
8.240368
7.953551
8.658613
8.186348
8.367810
8.432679
8.818040
8.765397
9.459938
9.428621
9.493828
9.945997
9.252620
9.526354
9.835171
9.763739
10.233027
9.535700
10.290062
9.906069
10.186260
9.820473
10.236002
10.246539
10.341383
10.113376
9.452643
9.618705
10.067198
9.179439
9.883262
9.544012
9.448599
9.167962
9.340916
9.361146
8.635672
9.057549
8.517179
8.066301
7.912701
8.251270
7.938233
7.987560
7.767406
6.653954
6.604950
6.149536
6.088377
6.478987
5.779974
5.649411
5.699170
4.918645
4.885937
4.921187
4.303042
3.492343
3.462386
3.372492
2.655637
3.274335
2.851552
1.793704
2.111752
1.767464
1.432352
1.409383
0.336150
0.685310
-0.328276
-0.476131
-0.482083
-0.563124
-1.067430
-1.256247
-2.347153
-2.309648
-2.178780
-2.302567
-3.274385
-3.485747
-3.682997
-3.605047
-4.594841
-4.618969
-4.345437
-4.649842
-5.506672
-5.550240
-6.018793
-6.034380
-6.469701
-6.369734
-7.240582
-6.740020
-7.633192
-7.975780
-8.125881
-8.228985
-8.559899
-7.985239
-8.359407
-8.116155
-9.161006
-9.125700
-9.299229
-9.165336
-9.788413
-9.576897
-9.154000
-9.462636
-9.293606
-9.326575
-9.880424
-9.666034
-10.336399
-9.468908
-10.147146
-10.252658
-9.972090
-10.171426
-10.356815
-10.170062
-9.543841
-9.515885
-10.124886
-9.772152
-9.608562
-9.968580
-9.381391
-9.675930
-9.029092
-8.903578
-9.077259
-8.896425
-9.069245
-8.567328
-8.601157
-8.400227
-8.130542
-7.751703
-8.022045
-7.935851
-7.585661
-7.207899
-6.683069
-6.328579
-6.766270
-5.997591
-5.719946
-5.644175
-5.459279
-4.907792
-4.489684
-4.474096
-4.138101
-4.239894
-3.360532
-3.158569
-3.195260
-2.369080
-2.798397
-2.530147
-1.532518
-1.474217
-1.420797
-0.843142
-1.060146
-0.621655
0.340017
