0.594559
0.758333
1.335658
1.212885
1.578958
2.346749
2.047168
2.149170
2.702981
2.718911
3.421198
3.695646
3.478854
3.820799
4.701102
4.444580
5.146397
5.351526
5.230382
5.847495
5.908877
6.416296
6.783041
6.490975
7.400141
6.793977
7.172782
7.921594
8.360641
8.067694
8.649546
7.955552
8.214409
8.997512
8.770661
9.229528
9.165239
9.618162
9.579735
9.069415
9.491711
9.267305
10.116293
9.841765
9.400744
9.999673
10.349900
9.835817
9.620561
9.671736
9.753093
10.381714
9.756196
10.034218
9.816435
10.001811
9.464010
9.560864
9.383911
9.176786
9.796781
8.962749
8.760706
9.368331
8.411367
9.065556
9.054193
8.677468
8.291821
7.691608
8.177876
7.904185
7.672857
7.551637
7.472727
6.820792
7.104985
6.447688
5.999186
5.699351
5.543169
5.626941
5.565179
4.776459
4.877951
3.975250
4.244721
3.554807
2.956423
3.047087
2.392643
2.780589
2.099312
1.864620
2.047451
1.354896
1.401252
0.851024
-0.151742
0.011316
-0.094087
-0.581819
-0.730569
-1.656915
-1.182800
-1.990242
-2.360185
-2.076752
-2.470903
-2.910823
-3.693720
-4.003629
-3.642093
-4.022901
-4.691488
-4.934589
-5.534492
-5.123065
-6.036705
-6.187256
-6.625632
-5.904940
-7.054048
-7.064982
-7.325043
-7.523310
-7.505460
-7.738799
-8.380972
-8.031517
-8.074355
-8.206712
-8.874449
-8.829789
-9.033611
-8.779526
-9.483115
-9.556146
-9.575567
-9.333682
-9.566035
-9.874640
-9.718406
-9.642218
-9.947203
-10.261110
-9.814844
-9.759276
-10.342417
-9.825043
-10.075584
-10.149635
-9.912171
-9.956580
-9.511744
-9.665935
-9.555183
-9.515228
-9.181584
-9.971172
-9.478672
-9.460019
-9.459239
-9.172190
-8.791062
-9.059549
-8.883118
-8.296441
-7.928482
-8.128765
-8.069039
-7.683298
-7.397662
-7.065810
-7.071304
-7.236955
-6.408368
-6.540105
-6.556705
-6.335000
-5.988393
-5.304144
-4.705000
-4.661001
-4.412267
-4.135830
-3.591294
-3.638732
-3.796599
-3.526702
-3.277303
-2.077257
-2.246322
-2.102268
-1.392262
-1.362173
-1.048399
-0.938818
-0.391699
0.005570
