0.652723
0.411362
0.783191
1.059089
1.390894
2.133693
2.262465
2.270947
2.465001
2.699360
3.650315
3.286808
3.820329
4.754624
4.345578
4.509031
5.199511
5.662723
5.876818
5.614109
6.453421
6.533573
6.599111
6.681110
6.618750
7.554402
7.868018
7.630738
8.064394
7.882306
7.859123
8.395519
8.378733
8.556279
8.571295
8.652802
8.813696
9.754295
8.951417
9.299545
9.542499
9.576552
10.015000
10.191081
9.526183
9.738860
10.396007
10.413575
10.343791
10.481989
9.723840
10.258133
9.590270
9.474006
10.193729
9.414070
9.318328
9.214638
9.174844
9.593095
9.142578
9.734545
9.475824
9.106142
8.843395
9.183526
8.629056
8.858268
8.119830
8.131481
8.234359
7.727172
7.151445
7.629102
7.148021
7.125087
6.150130
6.491329
6.000131
5.890401
5.618709
5.313495
5.291545
4.802263
4.170448
4.305554
4.273220
3.843891
3.329210
2.622178
2.778167
2.066956
2.595962
1.856137
1.339555
1.340485
1.423247
0.868718
0.557792
-0.051031
-0.755770
-0.488872
-0.932056
-1.022559
-1.413224
-1.966584
-2.125363
-2.625493
-3.133892
-2.856849
-3.256233
-4.150195
-3.931363
-4.354889
-4.778605
-5.274770
-5.303982
-5.440173
-5.589704
-6.055966
-6.203483
-5.925857
-7.083609
-6.460200
-7.319680
-7.617971
-7.621979
-7.782262
-7.744884
-8.194123
-8.563945
-8.167212
-8.373646
-8.719116
-9.091900
-9.342646
-8.893841
-9.030368
-9.611089
-9.931123
-9.446901
-9.288026
-9.861122
-9.634588
-9.543051
-9.606254
-10.149421
-10.050848
-9.825238
-9.823222
-9.719162
-9.694830
-9.583229
-9.559209
-9.391545
-9.719305
-9.755687
-9.228689
-9.598180
-9.550385
-9.333018
-9.452837
-9.315906
-8.834686
-8.711208
-8.333514
-8.142209
-8.505753
-7.967083
-7.693716
-8.223197
-7.526440
-7.179565
-7.207463
-7.407027
-7.118024
-6.673317
-6.438425
-6.011282
-5.625733
-5.759306
-5.806639
-4.967982
-4.345879
-4.417812
-4.172280
-3.636937
-4.092446
-3.235293
-3.176558
-2.656979
-2.183027
-2.379853
-1.573199
-1.933288
-1.127155
-1.314752
-1.014509
-0.024869
0.187417
