0.645506
0.666680
0.643405
1.126687
1.107996
2.079694
2.410930
2.845634
2.541994
2.757305
2.894424
4.040213
4.142191
4.237745
4.565545
5.192584
4.717547
5.595290
5.776792
5.746072
6.230421
6.483380
6.853447
7.157814
6.705237
7.011504
7.410533
7.354303
8.062170
8.315277
8.640063
8.435466
8.588527
8.457184
8.584598
8.717274
9.333565
9.166377
9.351686
9.913918
9.136322
9.843481
9.951853
9.927654
9.971961
10.052621
9.466051
10.333435
9.601939
10.427261
9.746123
9.640097
10.095026
9.920207
9.436261
9.557501
10.205091
9.506599
10.041089
9.538710
9.004934
9.265429
9.111928
8.625531
9.148035
8.617110
9.024269
8.069296
7.886034
8.486613
7.726966
7.567731
7.655870
7.696826
6.879019
6.708738
6.572116
6.272215
5.845661
5.652870
5.398314
5.648585
5.376614
5.226945
4.966728
4.487885
3.688876
3.289545
3.663302
2.953221
2.843643
2.026292
2.598095
1.400261
1.227356
1.065853
0.990410
1.076316
0.117816
-0.083818
-0.785899
-0.275578
-1.360442
-0.956547
-1.097397
-2.229447
-2.040104
-2.630337
-3.285255
-3.371358
-3.164686
-4.111609
-4.293064
-4.238882
-4.154923
-4.780557
-4.954014
-5.857407
-5.900679
-5.689129
-6.071318
-6.549614
-7.055617
-6.646179
-7.264198
-7.296253
-7.491113
-7.352724
-7.823651
-7.639416
-8.546242
-8.553500
-8.488480
-9.178488
-9.187278
-8.831659
-9.505518
-9.015820
-9.115653
-9.644984
-9.507428
-9.770922
-9.815916
-9.877441
-9.654704
-9.772281
-9.661620
-10.142836
-10.196902
-10.251155
-9.524207
-9.585698
-9.497681
-10.118373
-9.665396
-9.589535
-9.525924
-9.265413
-9.586355
-9.173466
-9.569254
-9.264562
-9.395304
-9.354427
-9.112764
-8.568013
-8.774236
-8.469965
-8.481142
-7.798172
-7.485533
-7.910107
-7.558526
-7.623098
-7.109448
-7.248695
-6.457381
-6.297351
-5.645812
-5.655809
-5.937791
-5.426762
-5.581708
-4.646220
-4.821030
-4.131055
-4.449394
-3.806097
-2.932993
-3.338340
-3.106500
-2.614180
-1.857882
-2.043839
-1.157767
-1.628019
-1.437396
-0.687192
-0.069123
-0.490968
