-0.015639
0.682947
1.201656
1.749630
1.813604
1.670756
2.569835
2.207986
2.591409
3.241542
3.317777
3.382740
3.586639
4.655768
5.027897
4.342965
4.872586
5.553451
5.884988
5.861356
6.229035
6.542223
6.609941
6.565310
7.527305
7.300338
7.678655
7.328243
8.223884
8.547103
8.574021
8.072490
9.047321
8.898834
8.598531
8.681398
8.750407
8.923780
9.779637
9.472723
10.031129
9.680961
10.176433
9.432397
9.848989
9.687108
9.671606
9.587049
10.061717
9.920097
10.282534
9.956993
10.221968
10.151528
10.081585
10.117303
10.072250
10.103750
9.989136
9.618658
9.251928
9.247149
9.057440
8.628538
8.903848
8.517375
8.754439
8.743398
8.476252
8.229176
7.916459
8.145037
7.726091
7.486429
7.537657
7.117587
6.923697
6.187386
6.265130
6.299737
5.515754
5.840449
4.952736
4.333956
4.788622
4.405807
3.958817
4.020026
3.405582
2.979385
2.721657
2.857448
2.674417
2.168395
1.774253
0.792617
1.077690
0.460902
-0.100324
-0.102076
-0.667675
-1.074374
-0.522265
-1.513757
-1.611057
-2.145665
-1.848541
-2.453777
-2.307329
-2.779682
-3.528280
-3.591857
-3.709933
-4.658292
-4.064427
-4.367116
-5.282519
-5.466693
-5.764649
-5.825580
-6.084857
-6.192810
-6.298010
-6.868423
-6.854894
-7.333987
-7.683453
-7.901796
-8.369058
-7.636852
-7.809750
-8.594669
-8.559012
-8.814852
-8.828087
-9.066246
-8.784119
-9.707701
-9.082163
-9.615147
-9.800198
-9.896823
-9.681290
-9.554305
-9.763111
-10.281781
-9.988087
-10.123940
-9.962349
-10.339542
-9.764287
-10.200785
-9.914098
-10.304276
-9.984252
-9.950806
-10.139578
-9.252907
-9.165946
-9.584428
-9.279161
-9.193364
-9.470852
-9.433185
-9.094298
-8.324282
-8.902445
-7.998713
-7.930925
-7.733973
-7.814897
-7.887418
-7.325423
-7.039896
-7.457077
-6.743093
-7.046774
-6.736516
-6.608814
-6.337540
-5.266376
-5.273517
-5.229178
-4.666078
-4.206252
-3.912070
-4.186255
-3.952494
-3.081726
-3.158652
-2.941501
-2.831341
-1.826557
-1.867914
-1.768731
-1.199830
-1.178556
-0.984777
0.022104
-0.039613
