0.585440
0.183210
1.294015
1.606538
1.104023
1.715336
2.044674
2.039690
2.413677
3.037991
3.314844
3.224154
3.534321
4.385022
4.758850
4.830593
4.829433
5.762803
5.208789
6.322425
5.674830
6.407716
6.958205
6.459871
6.748462
7.179968
7.947449
7.601495
7.913807
8.238787
8.616480
8.319324
8.872928
9.153670
9.311507
8.845692
9.335048
8.857588
9.722012
9.987938
9.554193
9.482476
9.921106
10.317983
10.059798
9.917163
10.147629
9.649376
10.382058
9.977507
9.904840
10.352339
10.092410
9.540291
9.528429
9.926166
10.061129
10.076636
9.512402
9.863014
9.093309
9.675606
9.389016
8.863858
9.023914
8.590762
8.744422
8.659030
7.967490
7.840499
8.173502
8.179781
7.691405
7.220077
7.167541
6.510976
6.548261
5.893666
6.514190
5.655131
5.947033
5.034153
5.400160
5.231581
4.600886
3.903994
3.925228
3.798207
3.343026
3.017054
2.309963
2.596286
2.669669
2.191920
1.995261
1.309716
0.951594
1.029553
0.792605
-0.301330
-0.786140
-0.867807
-1.073677
-0.848618
-1.767557
-1.601641
-1.825362
-2.299238
-2.363603
-3.335980
-3.859562
-4.023435
-4.159359
-4.574315
-4.321005
-4.992724
-4.780550
-5.263238
-5.249642
-6.094107
-6.480311
-6.130044
-7.087187
-7.220147
-6.869681
-7.229927
-7.769405
-7.355592
-8.373485
-7.782090
-8.752552
-8.248927
-8.693957
-8.996020
-9.310212
-8.906960
-9.457125
-9.456174
-9.528018
-9.084001
-9.516939
-9.405732
-9.578060
-10.085907
-10.286693
-10.392962
-10.390595
-9.641943
-10.036502
-9.852083
-9.672920
-9.704426
-10.219353
-10.087745
-10.086586
-9.617984
-9.934018
-9.255111
-9.215472
-9.103724
-9.662705
-9.122645
-9.278755
-9.244763
-8.563190
-8.771176
-8.733601
-7.969399
-8.351087
-8.404699
-7.456636
-7.568258
-7.454378
-7.363490
-6.978992
-7.219338
-6.761337
-6.698032
-5.721217
-6.195255
-5.752766
-5.459823
-5.388562
-4.885719
-4.833560
-4.494891
-3.965578
-3.268286
-3.271912
-3.336071
-2.863794
-2.025447
-2.305466
-1.555817
-1.264283
-1.306869
-1.201857
-0.747359
-0.261875
-0.191733
