0.164919
0.289043
0.441766
0.763557
1.935394
1.432756
2.326718
2.862712
2.949433
3.153334
3.046627
3.688760
4.036006
3.930954
4.104536
5.223610
4.784933
5.279172
5.841569
5.800880
6.409153
6.333713
6.616356
7.160077
6.782163
7.786552
7.111079
7.953310
7.779081
8.417483
8.387474
8.533317
8.191647
8.655590
9.330484
9.427187
8.808134
9.561021
9.513878
9.645762
9.213451
9.908833
9.928618
10.233000
9.795839
9.571392
10.208477
10.466790
9.958333
10.253685
10.267529
10.301288
10.368326
9.717320
9.397953
9.721537
10.181830
10.107229
9.217470
9.309619
9.557471
9.413345
9.557318
9.495269
9.290334
8.637793
8.443641
8.184755
8.726827
8.028261
7.925057
7.338881
7.114930
7.361424
6.847809
7.344837
6.732182
6.607600
6.329177
6.167900
5.958623
5.749231
5.349412
5.108526
4.680630
4.268471
4.351412
3.574316
3.765731
3.137745
2.930274
2.107082
2.344953
1.722538
1.972217
1.017158
1.395588
0.245755
0.341474
-0.260786
-0.539227
-0.985932
-1.238074
-1.164831
-1.865044
-2.165472
-2.069742
-2.779092
-2.897435
-2.819440
-3.321303
-4.166132
-3.625221
-4.449755
-4.167718
-4.718196
-5.053338
-5.415081
-5.973562
-5.958978
-6.358377
-6.182525
-6.394791
-7.120811
-7.486969
-6.811273
-7.291925
-7.498053
-8.384882
-8.506532
-7.863319
-8.930233
-8.676823
-8.381214
-9.116181
-9.209022
-9.378403
-8.966444
-9.088531
-9.020740
-9.138397
-10.143002
-10.056038
-10.304930
-10.278280
-10.258126
-10.176029
-10.155475
-9.759907
-9.644998
-9.745987
-9.823745
-10.049271
-9.588593
-9.818826
-9.344943
-9.628153
-10.064682
-9.760594
-9.678616
-8.988553
-8.843217
-8.872444
-9.445870
-9.233391
-8.669504
-8.701177
-8.895857
-8.358781
-7.623192
-7.940104
-7.260273
-7.945327
-7.239482
-7.209377
-6.696025
-6.413514
-6.234056
-6.200475
-5.608630
-5.518696
-5.385847
-5.490570
-4.533192
-4.690796
-4.577314
-4.325975
-3.935210
-3.513218
-2.991303
-2.801642
-2.576375
-2.344706
-2.151021
-1.079511
-1.496103
-0.707102
-1.045235
0.096126
0.143373
