0.212874
0.461119
1.228562
1.390606
1.764867
1.564990
1.934425
2.486836
2.816691
2.644830
3.740038
3.751829
3.666595
3.908934
4.902391
4.402749
5.580222
5.208368
5.836770
6.175949
5.655865
6.401704
6.330991
6.377445
6.951219
7.660338
7.830829
7.597210
7.442235
8.152008
7.873050
8.398741
8.549038
8.599402
8.830017
9.151808
9.440116
9.750984
9.240783
9.790026
9.717759
9.528943
10.209521
9.534855
10.301188
10.378858
9.948686
9.873286
10.395250
10.208748
9.501979
10.307295
10.128406
10.226782
10.132055
9.739661
9.439022
9.277471
9.531948
9.723328
9.532629
9.745264
8.779512
9.063526
8.869694
8.948950
8.908196
8.385796
8.048924
8.518800
7.462547
7.277386
7.326651
6.905667
7.187910
7.270876
6.528813
6.496383
5.989639
5.667347
5.575604
5.741784
5.358288
4.750952
4.255151
4.271155
4.202664
3.710636
3.473414
2.762737
3.035785
2.660931
2.506715
2.156588
2.008041
1.684559
1.340071
0.542363
0.183049
-0.432616
-0.324480
-0.685295
-0.727780
-0.970219
-1.489833
-2.060790
-2.273066
-2.673642
-2.967563
-2.766218
-3.088211
-3.972179
-3.913639
-3.888043
-4.319841
-4.889143
-4.891700
-4.892291
-5.407775
-5.788062
-5.782127
-6.564388
-6.749686
-7.193018
-7.545205
-7.468274
-7.233525
-7.624176
-7.736813
-7.820452
-8.106465
-8.031516
-9.060504
-9.166861
-8.549909
-9.013957
-9.654656
-9.120349
-9.711340
-9.348558
-9.551560
-9.302861
-9.374065
-9.620830
-9.433788
-10.140912
-9.591896
-10.319360
-9.644222
-9.964392
-10.104453
-9.607207
-9.736025
-9.533065
-10.119423
-9.525057
-10.026472
-9.211146
-9.466834
-9.104509
-8.972395
-9.408235
-8.695927
-9.223708
-8.475161
-8.768087
-8.239159
-8.072792
-7.957781
-8.090705
-7.540537
-8.009712
-7.584693
-7.277449
-6.704833
-6.840607
-6.675487
-6.363994
-6.518786
-5.854421
-5.433585
-5.250275
-5.054913
-5.128060
-4.770966
-3.989694
-3.641484
-4.047207
-3.366793
-3.439795
-3.066073
-2.648152
-2.121708
-2.321088
-2.053019
-0.825116
-1.063251
-1.115596
0.058511
0.335261
