-0.005157
0.811705
1.174344
0.907754
1.570876
1.701626
1.912719
2.624878
3.058719
2.617561
3.129648
3.771468
3.853949
4.641595
4.602096
4.976646
5.239309
4.954820
6.075848
5.517062
6.078632
6.182451
6.787648
6.625796
7.407726
7.180700
7.196506
7.530851
8.058911
8.099350
8.068526
8.701646
8.684266
9.190871
8.428167
8.844355
9.017230
9.501018
9.508877
9.055433
9.647372
9.292329
9.786657
9.627628
10.012560
9.449349
9.617597
10.387530
10.122972
10.481731
10.224007
10.178746
9.749166
9.475494
9.569286
9.488857
9.502027
9.746673
9.961588
9.208192
9.344266
9.018087
8.761762
9.345880
8.822556
8.885832
8.829397
8.279858
8.126149
8.066565
7.951487
7.890678
7.989964
6.844471
6.978299
6.449841
6.348811
6.016263
6.544300
5.394676
5.417232
5.651078
4.670099
4.941612
4.408178
4.693567
3.921222
3.891854
3.191592
2.734066
2.799241
2.760803
1.949332
1.643616
1.116230
1.296899
0.686925
0.952450
0.402771
-0.239766
-0.300993
-0.259979
-1.170765
-1.032827
-1.235428
-2.336487
-2.585486
-1.998386
-2.745441
-2.991353
-3.574764
-3.497117
-4.338779
-4.502734
-4.596630
-4.830904
-5.408333
-5.819639
-5.179861
-6.246007
-6.206547
-6.087036
-6.285697
-6.768524
-6.903453
-7.550585
-7.722776
-7.206820
-7.457281
-8.319617
-7.800608
-8.246231
-9.087232
-8.280754
-9.230288
-9.087517
-8.750766
-9.787590
-9.167875
-9.943344
-9.345781
-10.023673
-9.732173
-10.145451
-10.288389
-10.051602
-9.957142
-9.762639
-10.427495
-9.654309
-9.842591
-10.213689
-10.058899
-9.739674
-9.445365
-10.322492
-10.058854
-10.000030
-10.071156
-9.039152
-9.754641
-9.702376
-9.338707
-9.234727
-8.419242
-8.278821
-9.090480
-8.502303
-8.541181
-8.092942
-7.898005
-8.072783
-7.527938
-7.362869
-6.778248
-6.649690
-7.064828
-6.687117
-6.507251
-6.202772
-5.352797
-5.337151
-4.754932
-5.095456
-4.812098
-3.882282
-4.347320
-3.373638
-3.612636
-2.886786
-3.065997
-2.086574
-2.266590
-2.357129
-1.331470
-1.580979
-0.755872
-0.625311
-0.128715
0.483880
