-0.005538
1.031408
0.561391
1.303096
1.332921
2.111288
1.902044
2.095577
2.356893
2.906742
3.714233
3.847925
3.942602
4.750875
4.773878
4.653301
4.619540
5.073648
5.631331
5.417338
6.069897
6.632382
6.982333
6.435362
7.354753
6.969910
7.673676
7.987615
8.234201
8.160042
7.949926
8.588093
8.904645
9.250888
8.743480
8.904044
9.668688
8.871292
8.972807
9.140650
9.706738
9.514565
9.732137
10.041787
9.441187
10.372956
9.692279
9.903533
9.584902
9.648113
10.094975
10.355207
9.717030
10.223279
9.793819
9.610362
9.892810
9.930877
9.449719
9.844062
9.174820
8.912733
8.908728
8.957464
8.691739
9.211199
8.438982
8.448487
8.300884
8.265042
8.294027
7.958818
7.710815
6.867027
7.346207
7.306492
6.136590
6.055051
5.786360
6.272051
5.480839
5.483895
5.077489
4.992042
4.404726
4.172045
4.161246
3.472622
3.647230
2.765916
2.496342
2.661796
2.044764
1.663228
1.955408
1.747605
1.278059
0.801777
0.084670
0.182770
0.002056
-0.552448
-0.495521
-1.138273
-1.458552
-2.280048
-2.176875
-1.992860
-3.030045
-3.153867
-3.243716
-3.778480
-3.948578
-4.113741
-4.653041
-5.064809
-5.245874
-5.024919
-5.478080
-5.592700
-6.107674
-6.602748
-6.704093
-6.649411
-7.265670
-7.630148
-7.487119
-7.965133
-7.659987
-7.685270
-7.938913
-8.599344
-8.168724
-8.766707
-9.397426
-8.805135
-8.701737
-9.281586
-9.290287
-9.547175
-9.893540
-9.302513
-10.092575
-9.587221
-9.742171
-9.499517
-10.435581
-9.905829
-9.616030
-9.580227
-10.129627
-9.871422
-10.075670
-10.300657
-10.118815
-9.830998
-9.517636
-10.100123
-9.627863
-9.372064
-9.239413
-9.642813
-8.724882
-8.917162
-8.827691
-9.103674
-8.744134
-8.667749
-8.678373
-7.800269
-7.852273
-7.282259
-7.260485
-7.742887
-6.734593
-7.186476
-6.788236
-6.396384
-5.955899
-5.395700
-5.122780
-5.754575
-4.780881
-4.712259
-4.996993
-3.939060
-4.306886
-4.137236
-3.692993
-3.447890
-2.879473
-2.659321
-2.097096
-1.651609
-2.013458
-1.191031
-1.346452
-0.942165
-0.042957
-0.134385
