0.631293
0.254313
0.769823
0.837471
1.592041
1.852350
2.547112
2.597323
2.804147
2.768326
3.762025
3.715840
4.313712
4.349425
4.352665
4.651856
5.400785
5.730690
5.390341
5.849265
6.302470
6.025380
6.753359
6.866081
7.529018
7.280311
7.669690
7.555589
8.234712
7.942745
8.750145
8.147977
8.838068
8.507776
8.453181
8.863255
9.186995
9.203964
9.030536
9.600180
9.370368
9.986438
10.066367
9.676975
9.729800
9.556342
9.704881
10.136071
10.056231
9.683449
9.950083
9.821514
10.141667
10.274048
9.941763
9.734999
10.189821
9.895923
9.815425
9.810371
9.883951
9.411966
8.893633
8.927293
8.905939
8.754502
8.884606
7.961943
8.127543
8.035509
7.549566
7.215993
7.546262
7.585632
7.338486
6.956578
6.573443
6.327943
6.044818
6.346174
5.174018
4.898904
4.683889
4.407457
4.635353
4.701428
3.983486
3.272199
2.972245
3.559885
2.953309
2.312460
2.196384
1.790330
1.286708
1.068432
1.240081
0.547866
0.221408
0.227557
-0.469389
-0.863096
-1.265923
-0.918448
-1.385882
-1.906878
-1.755466
-2.949718
-2.769466
-2.782191
-3.454487
-3.194529
-3.908578
-4.753010
-4.421853
-4.544330
-4.765979
-5.606604
-5.250245
-5.569254
-6.178723
-5.996958
-6.187983
-6.823245
-7.545109
-7.087194
-7.207973
-7.947013
-7.553765
-7.806258
-8.512231
-8.552394
-8.438393
-9.010011
-8.413144
-9.540981
-9.671625
-9.413324
-9.157805
-9.156138
-9.420999
-10.073980
-10.182523
-9.355641
-10.153158
-10.370792
-9.533099
-9.569359
-10.458912
-9.543257
-10.161890
-10.431275
-10.373824
-10.302189
-9.435728
-9.757424
-9.298785
-9.835640
-9.912947
-9.160291
-9.704270
-9.021254
-8.831860
-9.193583
-8.623299
-8.631331
-8.343864
-8.704716
-8.411094
-7.941220
-8.232581
-7.835673
-7.305911
-7.702662
-6.701217
-7.280092
-6.378641
-6.306574
-5.808531
-6.093828
-5.606565
-4.891697
-4.758088
-5.149561
-4.089161
-3.959313
-3.865255
-3.510385
-3.058964
-3.312148
-2.872787
-2.187876
-2.002586
-1.504808
-1.912455
-1.005280
-0.535704
-1.017153
-0.202809
0.456689
