0.512317
0.214411
0.906379
1.647685
1.833138
1.414167
2.243335
2.752553
2.298332
3.536773
3.483628
3.224864
3.604490
3.864745
4.764612
4.497569
5.120319
4.872565
5.395855
6.325889
6.454617
6.589869
6.809692
6.716276
6.591796
7.361353
7.230854
7.636659
7.765639
8.423204
8.306848
8.922121
8.690064
9.091184
8.800943
9.297343
9.541231
8.925247
9.187828
9.125977
9.616924
9.294102
9.468463
10.273732
10.166913
9.753902
10.214021
10.252346
10.081954
10.201026
10.131236
9.685827
9.576911
10.050978
9.853029
9.588984
9.344004
9.450901
9.210907
9.511553
9.097462
9.184824
9.409726
9.059703
9.205085
8.438374
8.442171
8.760849
8.367100
8.529354
7.411922
7.558451
7.930473
7.065287
6.719269
6.814824
6.388949
6.092741
5.726013
5.688528
5.139811
4.957168
5.373463
4.399179
4.208533
3.802774
4.343295
4.000803
3.722826
3.455952
2.499811
2.685151
2.309547
1.843922
2.040484
1.266942
1.046378
0.628742
0.633387
0.497958
-0.529382
-0.919904
-0.770296
-0.767198
-1.199200
-1.960300
-2.300465
-2.666976
-2.369817
-3.134999
-3.866232
-3.995336
-4.111256
-4.535695
-5.028585
-4.419514
-5.130122
-5.370513
-5.854632
-6.068012
-6.188279
-6.290027
-6.975718
-6.625069
-7.018466
-7.120442
-7.124576
-7.311217
-8.323309
-8.103743
-8.018890
-8.491521
-8.111784
-8.783844
-8.966848
-8.841672
-8.686534
-9.653824
-9.673217
-9.840863
-10.008830
-9.654039
-10.056450
-9.922034
-9.945015
-10.125882
-9.947252
-9.741262
-10.184698
-9.755809
-9.610418
-9.759137
-10.341896
-10.389128
-9.556462
-10.277344
-9.651210
-9.332380
-9.741675
-9.608178
-9.847636
-9.666684
-9.142637
-9.092835
-8.522864
-8.519044
-9.011861
-8.193375
-8.738869
-8.295381
-8.055725
-7.302714
-7.341706
-7.253228
-7.385644
-6.584341
-6.222438
-6.492793
-6.348447
-5.382147
-5.222155
-5.678812
-4.655268
-4.536333
-4.199261
-4.608742
-3.812161
-4.151654
-2.946382
-3.066563
-2.346369
-2.355296
-1.735788
-2.066470
-1.876900
-1.502368
-1.233217
-1.008950
-0.252063
0.396008
