0.243755
0.979708
1.353250
1.346961
1.384184
1.984250
2.310392
2.940522
2.621169
3.191364
3.025520
3.747244
3.872665
3.921041
5.034892
5.280098
5.551178
5.425706
5.425018
5.767655
5.650523
5.974636
6.212897
7.315906
7.529430
7.196318
7.061834
7.588937
7.784374
8.186064
7.782274
8.404090
8.449704
8.926835
8.511198
8.890497
9.041940
9.559706
9.566833
9.719835
10.090999
9.327617
9.283778
9.644776
10.083917
9.839679
9.659410
9.892561
9.806554
10.320705
9.879758
10.299349
10.363496
9.847477
9.837096
9.679882
9.656650
9.931165
9.450007
9.831711
8.999314
9.287995
9.384028
9.028688
9.174621
9.182289
8.594814
7.947009
8.411736
7.804052
8.155964
7.444251
7.300333
7.622915
7.502664
6.736218
6.836604
6.784673
6.147269
6.080758
5.888892
4.934916
4.846502
5.243377
4.543276
3.994009
4.450286
3.711180
3.408072
3.383415
2.733539
2.670241
2.166431
2.185200
1.078916
1.709249
0.669527
0.961528
0.486721
0.499911
-0.295313
-0.234414
-1.247080
-1.105290
-1.371033
-1.934948
-2.233511
-2.070598
-2.854144
-2.719801
-2.933086
-3.999842
-3.876942
-4.373137
-4.838186
-4.490364
-5.296920
-4.917950
-5.429617
-5.707061
-5.821770
-6.856609
-7.002177
-7.017791
-7.295735
-7.500861
-7.166043
-7.840501
-7.468590
-7.700873
-8.235346
-8.508735
-8.664461
-8.593017
-8.538675
-8.614084
-9.447155
-8.856421
-9.506907
-9.361188
-9.312850
-9.468566
-9.311487
-10.129874
-9.741352
-10.067553
-9.638718
-9.867017
-10.105759
-9.533502
-9.871480
-10.021747
-9.699975
-9.901020
-10.038228
-10.163625
-10.011605
-10.133841
-9.539501
-9.598116
-8.943832
-9.650216
-9.179510
-8.697526
-8.889904
-8.332826
-8.823815
-8.693040
-8.284376
-7.884030
-8.341685
-7.555512
-7.790825
-7.701408
-7.317194
-6.559781
-6.613983
-6.016745
-5.999335
-6.164146
-5.168030
-5.388084
-5.538612
-4.715095
-4.303385
-4.159990
-3.742436
-4.047419
-2.897250
-3.383015
-2.666485
-2.498472
-2.289119
-2.063017
-1.690048
-1.169459
-1.307811
-0.888320
-0.731438
0.325073
