0.742159
0.370449
0.566646
0.882428
1.680000
1.439742
2.320675
2.965165
3.115542
3.542093
3.650458
3.419689
3.952510
4.036967
4.717211
4.631294
5.189798
5.265136
5.351790
6.204601
6.523157
6.247939
6.682935
6.448273
6.667154
7.769902
7.937211
7.354468
7.609505
7.933947
7.887182
8.423778
8.363860
8.556175
8.696890
9.093454
9.604347
9.436931
9.513463
9.284054
9.382909
9.383359
9.539736
9.620835
10.097463
9.944953
10.087707
9.832529
9.588365
9.962206
10.164142
10.233534
10.145809
9.587805
10.039055
9.564058
9.327945
9.714275
9.397850
9.831223
9.328813
9.427768
9.618351
8.572651
9.184282
9.144369
8.576902
8.205183
8.723229
7.756884
8.278707
7.684536
7.717628
6.977720
6.748967
6.798870
6.906621
6.108046
5.873847
5.792099
5.526989
5.035301
5.294991
4.662114
4.401590
4.626057
3.641517
3.853066
3.424982
2.955799
3.104301
2.673298
2.146798
2.200197
1.468321
0.771629
0.558277
0.429154
0.534542
-0.206495
-0.340876
-0.442826
-1.081227
-1.098136
-2.021176
-1.567170
-2.596637
-2.861469
-2.902503
-2.640548
-3.032243
-4.105686
-4.302202
-4.604278
-4.477216
-5.195474
-4.841138
-4.863443
-5.186059
-5.392016
-5.734818
-5.948980
-6.249992
-7.219920
-6.743309
-6.793803
-7.537637
-7.696737
-7.584128
-8.273211
-7.971698
-8.490314
-8.931076
-8.809307
-8.460183
-8.909032
-9.503391
-9.443441
-9.409782
-9.510228
-9.920339
-9.278412
-9.467624
-9.836955
-10.057710
-9.822514
-9.998654
-9.719154
-9.633968
-9.640422
-10.438223
-10.277322
-10.042579
-9.495409
-10.185819
-9.325686
-9.709925
-9.809532
-9.274627
-9.228352
-9.808988
-9.660027
-9.241494
-8.645423
-9.146161
-8.962678
-8.564487
-8.300227
-8.283756
-8.049987
-8.004756
-7.437693
-7.147716
-7.036141
-6.998733
-6.898384
-6.583847
-5.921203
-5.877530
-5.623539
-5.865569
-5.147552
-5.314327
-5.213863
-5.025509
-3.931916
-4.094715
-3.246305
-2.948622
-2.643486
-2.860121
-2.484930
-2.315062
-2.263802
-1.073555
-0.921617
-1.322839
-0.884730
-0.314817
-0.354293
