0.415968
0.146284
1.359743
1.424119
1.571055
1.461452
2.272067
2.497029
2.695718
3.238552
3.559255
3.360091
4.156079
4.333625
4.192380
4.691711
4.685432
5.049171
5.700112
5.854374
5.697339
6.224627
6.780042
7.168165
6.736786
7.121583
7.859216
8.195609
7.790295
8.046351
8.359053
8.215011
8.770845
8.727149
8.896572
8.703987
8.814102
9.626155
8.939641
9.983174
9.525600
9.201832
9.645873
10.137125
9.714762
9.460471
9.963229
10.321504
10.309404
9.754192
10.075202
9.787225
10.066583
9.752018
9.866443
10.011118
9.562050
9.190754
9.314047
9.355611
9.827063
8.894179
8.879171
8.772358
9.306922
8.567731
8.809784
7.945030
8.069788
7.870531
7.500637
7.587016
7.663325
7.149404
7.553523
6.798086
6.552436
6.030296
6.471978
5.639350
5.502882
5.179328
5.417096
4.408201
4.958572
3.818162
4.346814
3.894681
2.902363
3.447035
3.223726
2.141456
2.363466
1.821301
1.174515
1.447506
1.082590
0.618366
0.743410
0.157270
-0.166670
-0.410118
-0.459973
-0.859128
-1.302275
-1.897898
-2.593068
-2.455612
-2.626080
-2.953244
-3.119108
-3.655575
-4.106211
-4.079880
-4.553347
-4.708113
-5.285587
-5.196598
-5.748954
-5.474513
-6.471715
-5.964737
-6.507283
-7.136000
-7.386848
-6.885256
-7.863821
-7.408881
-8.246956
-8.003073
-8.640345
-8.220043
-8.552144
-8.470687
-9.060125
-9.254071
-8.846328
-9.588549
-9.088211
-9.984922
-9.705042
-9.971920
-9.477868
-10.227490
-9.878503
-9.636931
-10.325635
-9.759988
-10.368129
-10.090766
-10.191096
-9.914927
-10.299522
-9.670939
-10.114776
-10.293514
-10.168148
-10.146840
-9.875430
-9.392947
-9.162234
-9.610204
-9.507218
-9.543838
-9.250674
-8.401892
-8.117424
-8.632755
-8.165754
-8.189133
-8.011502
-7.239113
-7.131259
-7.215390
-7.112201
-6.396758
-6.854155
-6.310343
-5.962116
-5.865804
-5.857941
-5.158990
-5.067656
-5.065820
-4.646982
-4.263176
-4.142866
-3.205725
-3.398442
-2.599958
-2.946487
-2.542493
-1.875123
-1.891341
-1.560025
-1.232792
-0.589110
-0.310316
-0.126517
-0.096691
