0.001981
0.941237
0.835622
0.988143
1.644032
1.425450
2.037582
2.944469
2.542519
3.536782
3.400007
3.501758
3.749012
4.181808
4.414338
4.421436
4.957232
5.300645
5.754578
5.872202
6.621952
5.900688
6.247566
7.271028
7.453560
6.810469
7.770580
8.072431
7.708187
8.390861
8.273026
8.465774
8.937184
8.790067
8.957916
8.589623
9.628045
9.434265
9.050273
9.557172
9.410891
9.206987
9.907958
9.751857
10.068461
9.997872
10.366636
10.323002
10.064599
10.082151
10.055045
10.335925
9.953352
9.803214
9.467114
9.539960
9.471430
9.423380
9.497963
9.092323
9.016733
8.969167
8.961070
8.619820
8.879698
8.312556
8.777297
7.974159
7.845685
7.650910
8.025431
8.069054
7.010001
7.227135
7.351191
6.346512
6.683715
6.141531
5.668646
5.468206
5.948933
5.668860
4.733271
4.885775
4.717744
4.134398
3.715050
3.908118
3.805764
2.885081
2.692863
2.876764
2.271499
2.297879
1.470984
0.877093
0.660900
0.276174
0.455835
-0.035575
-0.554258
-1.080220
-0.947906
-0.843474
-1.539406
-2.122868
-2.067648
-2.358578
-2.805285
-2.925026
-3.030317
-4.038853
-3.523853
-4.150735
-4.359080
-5.273455
-4.619134
-5.009146
-5.684028
-6.128210
-5.706514
-6.262409
-6.503693
-6.967639
-6.673779
-7.400097
-7.664395
-8.009995
-8.207432
-8.511417
-8.363879
-8.303682
-9.101237
-8.996686
-9.204235
-9.106093
-8.951313
-9.532576
-8.974457
-9.140410
-9.266058
-9.378793
-9.287576
-9.521160
-9.940809
-9.986407
-9.632090
-9.935322
-10.420104
-10.115964
-10.051563
-10.157406
-9.745387
-10.338963
-10.085360
-10.198471
-10.167940
-9.204660
-9.622041
-9.511753
-9.204205
-8.836486
-9.500887
-8.656383
-8.418427
-9.163008
-8.809803
-8.484145
-8.558933
-7.660943
-7.731007
-7.645755
-7.119616
-7.101396
-7.478009
-6.901151
-7.072497
-6.445855
-6.430978
-6.061774
-5.379877
-5.250718
-5.162228
-5.013497
-5.027812
-4.539290
-4.320571
-3.951891
-3.036911
-3.210157
-2.914046
-2.322978
-1.746378
-1.624975
-1.173887
-1.131623
-0.622583
-0.769178
0.076609
0.069169
