-0.056132
0.993802
0.682687
1.503800
2.041760
2.090754
2.064806
2.128177
3.092964
2.621886
3.031090
4.155075
4.139999
4.126592
4.128404
4.588334
5.564415
5.618603
5.440185
5.462169
6.373132
6.223602
6.644618
6.468213
7.513063
6.920447
7.816199
7.259385
7.900199
7.647038
7.899253
8.370130
8.138690
9.200420
9.160205
9.002972
8.721119
9.631187
9.457367
9.816182
9.846385
10.001346
9.658113
9.457331
9.401135
9.787219
9.636915
9.562308
9.679663
10.181299
10.288297
9.653858
10.251303
9.886568
9.740062
9.359508
10.100384
10.067454
9.880981
9.234521
9.287758
9.720991
9.598000
8.669399
9.109574
8.635732
8.843411
8.596487
8.004820
8.364059
8.212047
8.194661
7.201550
7.064541
7.522812
6.535240
6.802642
6.460873
6.283025
5.439973
5.787595
4.972962
5.046328
4.955249
4.437343
4.297235
3.901761
3.431940
3.264357
3.017118
2.621510
2.663679
2.619658
1.841173
2.014024
1.387188
1.127240
1.016548
0.244881
0.066838
-0.280545
-0.137671
-0.547433
-0.975409
-1.714432
-1.935788
-1.806003
-2.811378
-3.001806
-3.335718
-2.934340
-3.341770
-4.459419
-4.094500
-4.271660
-4.912630
-5.153850
-5.408914
-5.766257
-6.031516
-5.991400
-6.319406
-6.930499
-6.604410
-6.656823
-6.886793
-7.316756
-8.045584
-7.929576
-8.258790
-8.216250
-8.055387
-8.761059
-8.635302
-9.036483
-9.225056
-9.316834
-9.692984
-9.364968
-9.815113
-9.573076
-9.461979
-9.361414
-9.506260
-9.462090
-10.170704
-9.517879
-10.149985
-9.639476
-10.376724
-9.589590
-9.798212
-10.401042
-9.710291
-10.085834
-9.901750
-9.686765
-10.101192
-9.222419
-9.019129
-9.272799
-8.835375
-8.725862
-9.319569
-8.584833
-8.592474
-9.082252
-8.832444
-8.304406
-8.085911
-7.608160
-7.773664
-7.412723
-7.585495
-6.832830
-6.403711
-6.216328
-6.343799
-6.150734
-5.964904
-5.512357
-5.430053
-5.498329
-4.652610
-4.674084
-4.724776
-3.747714
-3.971742
-3.325935
-3.393524
-3.009525
-2.398810
-2.319217
-2.238125
-1.091255
-1.601452
-1.271272
-1.121936
-0.210000
-0.038948
