0.680528
0.968541
0.724315
1.645866
1.465277
1.595926
2.379400
2.393920
2.764259
3.238800
2.936280
3.707306
3.476953
4.452882
4.505439
5.298418
4.941125
5.225860
5.448563
5.869772
5.919146
6.584542
6.589285
6.669215
6.637681
7.769960
7.606820
8.126904
8.266853
8.003423
7.878056
8.461436
8.705358
8.353391
9.350185
8.898688
9.626068
9.544666
9.447451
9.526321
9.842301
9.538651
10.192128
9.480045
9.870087
10.304962
9.894162
9.670057
10.429908
9.911766
9.620598
10.405949
10.314174
9.896918
9.449951
9.996292
10.195947
9.479777
10.078535
9.662816
9.660877
9.030272
9.641324
9.226127
9.112071
8.472892
8.655464
8.873141
7.888181
8.408594
7.771134
7.896561
7.526411
7.255098
6.574947
6.616052
6.965150
6.745295
6.110404
5.747152
5.252711
5.130382
4.715685
5.306274
4.452793
4.015038
4.372406
3.926167
3.062466
2.779192
3.059674
2.679708
2.087237
1.600637
1.118615
1.746729
0.869854
0.759945
-0.164050
-0.374619
-0.088851
-0.963574
-0.556418
-1.126422
-1.382885
-1.712687
-2.608120
-2.130934
-3.181723
-3.050311
-3.201782
-3.692466
-4.296612
-4.319740
-4.061291
-5.314817
-4.739581
-5.234868
-5.870182
-5.735992
-5.632643
-6.774505
-6.655150
-6.614645
-7.370978
-7.423943
-7.829798
-7.235667
-8.246930
-8.312050
-7.973689
-8.528151
-8.871773
-8.965766
-8.561872
-9.055389
-9.506927
-9.438851
-9.758343
-9.917700
-9.795488
-10.042418
-9.458805
-9.465599
-10.103824
-9.739158
-9.514900
-10.207286
-10.219690
-10.278699
-9.811075
-9.841903
-9.945470
-9.626468
-10.313288
-9.707749
-10.072234
-9.550792
-10.041826
-9.573234
-9.542406
-9.796311
-9.156960
-8.996772
-8.705933
-9.231499
-8.668557
-8.204901
-8.145061
-7.765275
-7.677719
-7.604730
-7.091366
-7.066610
-7.251701
-6.785225
-6.733050
-6.293103
-6.035060
-6.209192
-5.274051
-5.574143
-5.033078
-4.652509
-5.005645
-4.564606
-4.090593
-4.074753
-3.779288
-2.680438
-2.556578
-2.460024
-2.303285
-1.752772
-1.891641
-1.253740
-0.957916
-0.969144
-0.353983
-0.177384
