0.555580
0.671278
0.797986
1.453774
1.566006
1.946990
2.034857
2.501180
2.460888
2.603827
3.066788
4.059412
4.120122
4.426942
4.128706
4.377102
5.145707
5.241227
6.120264
5.716974
5.903650
6.432921
6.757075
7.095960
6.685321
7.057949
7.197923
8.050758
8.071431
8.222724
8.350336
8.085157
8.667885
9.226799
9.304144
9.017624
9.392758
8.978275
9.509386
9.026616
9.132599
9.467627
9.468793
9.530050
9.433153
9.839736
9.880228
10.043724
10.385088
9.705419
9.586553
9.776076
9.561209
10.292478
10.343868
9.901876
9.688090
9.719344
9.629160
9.269553
8.995012
9.025038
9.187017
8.946042
8.646593
9.046289
8.186794
8.217928
8.466874
8.110873
7.854690
8.083559
7.129208
7.595499
7.551237
6.454871
6.556313
6.232211
6.531622
6.273408
5.543539
5.595197
4.812223
4.790624
4.235960
4.751531
3.891801
4.145760
3.312816
3.505417
3.001464
2.775553
2.540963
1.844331
1.432047
1.165680
1.179271
0.910869
0.034518
-0.067878
0.123200
-0.457270
-0.905182
-1.305123
-2.008615
-1.545975
-2.673836
-2.113642
-2.889403
-3.123746
-3.728614
-3.278304
-3.599945
-4.387227
-4.740334
-5.163922
-5.240758
-5.301879
-5.301661
-6.179425
-6.174521
-6.338198
-6.912348
-7.022674
-7.191776
-7.675616
-7.024366
-7.238498
-7.590222
-7.668342
-8.380887
-8.518391
-8.279782
-8.825686
-8.603429
-8.613772
-9.240031
-9.533104
-9.852259
-9.096421
-9.904826
-9.581868
-9.394193
-9.880223
-9.612851
-9.833951
-10.091780
-10.036190
-10.168756
-9.914802
-9.717122
-10.291160
-10.037125
-10.002462
-10.071930
-9.875108
-9.593927
-9.728671
-9.359495
-9.398040
-9.498354
-9.286995
-9.403997
-9.483896
-8.619491
-8.323887
-9.030502
-8.532678
-8.180268
-7.680658
-7.971180
-7.582402
-7.886493
-6.983836
-6.583361
-6.431972
-7.034899
-6.231065
-6.059301
-5.705781
-5.575733
-5.282452
-5.511531
-5.187983
-4.990560
-4.574014
-3.562273
-3.313758
-3.192574
-2.749940
-2.604211
-2.359014
-1.873224
-2.034691
-1.370802
-1.099632
-1.352326
-0.168880
-0.392831
0.105295
