0.745458
0.812304
0.495997
1.095608
1.604080
2.098801
1.703342
2.788020
2.884169
3.199862
3.823319
3.702977
4.232111
4.530124
4.173866
4.323252
4.832980
5.663466
5.527377
5.904264
6.463524
6.542735
6.841749
6.383865
6.823634
7.263124
7.910843
7.323456
7.613180
7.667977
8.107860
7.991877
8.768636
8.911905
8.755319
8.787790
9.324472
9.353747
9.068872
9.336587
9.849990
9.545669
9.480577
10.210130
9.951350
9.869793
9.622318
9.652102
9.675904
9.868611
10.356511
9.690496
9.910532
9.624659
9.932649
10.029458
9.766484
9.507911
9.112506
9.646749
9.506661
9.165735
8.704815
9.230529
9.190205
8.346107
8.232569
8.742483
8.190929
7.688844
7.450364
7.719221
7.090287
7.768168
7.093207
6.863534
6.294428
6.839218
6.176485
5.531605
5.735273
4.931970
4.618688
4.913401
4.339579
4.176861
4.271585
3.810690
3.189749
3.437853
2.405786
2.489218
2.449242
1.626441
1.548330
1.017947
0.645034
0.189301
0.073978
0.301673
-0.729436
-0.343020
-0.548148
-1.022042
-1.635514
-1.708660
-2.567747
-2.168142
-3.233172
-3.220924
-2.890524
-4.120117
-3.928595
-4.287901
-4.136165
-4.719683
-5.274240
-5.622390
-5.139080
-6.305643
-6.565495
-5.955851
-6.464818
-6.479568
-7.367299
-7.720503
-7.109510
-7.648956
-7.740417
-7.724849
-8.244349
-8.194994
-8.954119
-8.475883
-8.720451
-9.395075
-9.659732
-9.553657
-9.497005
-9.911295
-9.782569
-9.623952
-9.976456
-10.207596
-10.066016
-9.557695
-9.567416
-9.625754
-10.239801
-10.353413
-9.974511
-9.646154
-10.295650
-10.163390
-9.612019
-9.829867
-9.829758
-9.982610
-9.827948
-9.259271
-9.643150
-9.014852
-9.426538
-8.594001
-8.780639
-8.294379
-8.320798
-8.848606
-8.743765
-7.790955
-8.105098
-7.215297
-7.325386
-7.465504
-7.149435
-7.138326
-6.912929
-6.358703
-5.897602
-5.430136
-5.882915
-5.021838
-5.209850
-5.145814
-4.428658
-3.839788
-3.828746
-4.110855
-3.408396
-2.906195
-3.287671
-2.538608
-2.155368
-1.660903
-1.655976
-1.034439
-1.394174
-0.313692
-0.651339
0.448912
