0.175933
0.298773
1.250079
0.973011
1.853838
2.307883
1.889156
2.393020
2.683425
3.405300
3.223706
3.745847
3.580278
4.462365
4.451396
4.731473
5.043639
5.821028
5.187265
5.618540
6.339720
6.789336
6.306452
6.626814
6.692072
7.332007
7.494175
7.430574
7.607198
8.443405
7.989383
8.651287
8.400978
8.610874
8.419118
9.188841
9.485858
9.468618
9.226214
9.618074
9.341217
9.497844
9.859281
9.659465
9.970409
9.561656
9.826630
10.103245
10.068347
10.217151
10.144964
10.058762
9.744015
9.835124
9.986650
9.642989
10.248443
9.282271
9.666687
9.553736
9.527392
9.709285
8.964261
8.642674
8.668472
8.925875
8.635128
8.640350
7.925557
8.400350
7.500346
7.838395
7.392503
7.721663
7.019644
6.509870
6.484146
6.719639
5.998023
6.359691
5.964957
5.535773
4.944520
4.679858
4.422636
3.932456
3.754027
3.541395
3.412210
3.239541
3.009675
2.216914
2.619503
1.657241
1.907069
1.180227
1.211674
0.724423
-0.033859
-0.219730
0.091707
-0.171229
-0.790294
-1.499790
-1.660744
-1.827350
-2.528956
-2.073526
-2.629204
-3.449045
-3.011823
-3.572131
-3.948319
-4.444495
-4.042948
-4.415263
-5.296989
-5.287087
-5.502045
-6.055675
-6.334169
-6.119150
-6.997559
-7.309384
-7.153792
-7.359714
-7.243647
-7.951436
-7.418715
-8.475016
-7.895495
-8.225635
-8.500556
-8.931492
-9.360247
-9.107592
-9.362734
-9.709720
-9.147406
-9.331303
-10.102030
-9.195568
-9.809615
-9.381304
-10.127347
-10.168808
-10.334142
-10.356243
-9.948277
-9.877130
-9.940313
-9.543503
-9.501608
-10.086817
-9.406837
-9.701330
-9.461485
-9.477948
-9.379654
-9.665139
-9.106314
-9.104176
-9.208408
-9.137450
-9.227016
-9.258400
-8.340413
-8.476385
-8.081000
-8.146066
-8.128770
-7.784216
-7.514950
-7.235924
-6.832595
-6.416588
-6.507102
-6.758886
-6.144503
-6.000751
-6.084308
-5.346584
-5.162274
-5.279380
-4.621762
-4.343951
-4.299273
-3.738762
-3.126333
-2.660428
-2.887166
-2.095006
-2.250706
-1.956970
-1.899375
-1.448281
-0.761127
-0.458577
-0.181093
-0.002582
