0.061497
0.651679
1.136713
1.360318
2.023233
2.172122
1.967220
2.671729
3.185271
3.019216
3.605438
4.063884
3.551487
4.406174
4.098011
5.171814
5.114872
4.994704
5.389179
5.444750
5.653579
6.425024
7.086409
6.410394
6.645723
7.682220
7.765192
7.763694
7.528304
7.646102
8.563622
8.866134
8.492443
9.032131
9.385282
9.394120
9.360642
9.700456
8.952014
9.438360
9.217606
9.874909
9.456505
10.093671
9.601520
9.689201
10.097789
10.406886
9.811394
9.702605
10.117392
10.441308
10.421240
10.043448
10.114590
9.462281
9.407352
9.430361
9.709661
9.803095
9.808140
9.481137
8.727196
8.582712
8.891153
8.437984
8.141721
8.771994
7.810456
8.263465
8.065635
7.773216
7.542983
7.409144
6.809520
6.503809
6.138940
6.512104
6.235733
6.045413
6.021494
5.695652
5.562973
5.313036
4.670044
4.339157
3.854159
3.212425
3.097911
3.315066
2.541830
2.894099
2.609616
1.483371
1.539574
0.800225
1.036686
0.357280
0.198787
-0.126369
-0.019177
-1.023413
-1.059227
-1.322440
-1.366672
-1.500578
-2.627993
-2.099422
-2.414109
-3.459740
-3.351401
-3.808124
-3.490887
-3.803668
-4.274024
-4.871058
-5.330592
-5.588140
-5.133299
-6.156525
-5.647304
-6.337206
-7.032085
-7.185400
-7.293578
-7.137693
-7.980166
-7.632648
-8.244746
-7.694517
-8.058688
-8.684118
-8.467261
-8.404446
-8.795219
-8.995496
-8.829725
-9.532744
-9.770095
-9.605437
-9.229887
-10.025501
-9.659948
-9.986424
-9.913968
-10.340128
-9.715210
-9.731431
-10.230602
-9.752451
-9.945247
-10.074352
-10.330643
-9.587224
-10.127788
-9.673570
-9.561267
-9.265880
-9.136058
-9.156605
-9.569509
-9.526198
-9.322048
-9.271374
-8.643027
-9.172930
-8.572414
-8.794198
-8.353118
-7.826447
-7.512538
-8.157519
-7.679536
-7.657387
-7.482225
-7.267651
-6.940001
-6.146367
-6.485472
-5.684737
-5.944840
-5.818907
-4.849041
-5.178215
-4.356571
-4.403555
-3.725761
-3.923575
-3.097364
-3.510540
-2.974253
-2.699752
-2.244767
-1.392685
-1.840103
-1.477239
-0.842840
-0.451322
-0.718705
0.277077
