-0.031201
0.820629
1.440211
1.236789
1.588459
2.242589
2.354177
2.811643
2.936851
2.972395
3.127058
4.161287
3.704724
4.347740
4.400610
4.871027
5.303866
5.254649
5.995234
5.669574
5.947705
5.927550
6.245707
6.682936
7.342365
6.820882
7.212328
8.075609
8.295336
8.178721
8.130011
8.576212
8.131514
9.238458
8.422641
9.451485
9.166113
9.196395
9.622982
9.636759
9.508814
10.038499
10.150398
10.188830
10.339202
10.348972
10.111534
9.953837
10.160429
10.133275
9.829079
9.647629
9.642108
9.566269
9.422855
9.388165
9.743931
10.172979
9.386456
9.322932
9.225367
9.022437
9.026668
9.405846
9.156092
8.724490
8.806459
7.995950
7.822871
8.168661
7.443709
7.637460
7.691059
7.419587
7.414204
6.999174
6.784301
6.074372
6.515044
6.030319
5.402226
5.673872
4.839845
4.494242
4.684657
4.435386
4.005312
3.672713
3.696800
2.721931
2.372650
2.701766
2.373735
1.661960
1.882438
0.819979
0.541634
1.015081
0.025647
-0.165656
-0.032178
-0.631749
-1.259436
-1.296496
-1.374440
-1.789252
-1.858847
-2.154858
-2.691381
-2.872406
-3.338572
-3.578212
-4.017185
-3.769213
-4.638518
-4.641519
-4.935962
-5.426178
-5.648748
-6.062181
-5.975652
-6.390003
-6.974473
-7.171905
-6.656936
-7.566348
-7.588098
-7.355017
-8.138559
-8.041431
-8.161314
-8.812215
-8.657526
-8.413086
-8.907761
-9.079610
-8.837342
-9.533718
-9.410469
-9.308567
-9.716601
-9.721296
-9.717918
-10.072254
-9.846369
-9.638471
-10.071127
-9.545356
-9.835076
-9.949227
-9.659086
-10.288498
-10.250162
-9.486944
-9.409686
-9.473709
-10.195466
-9.234463
-9.395426
-9.455079
-9.521983
-9.789342
-9.490388
-9.074519
-9.271954
-8.564714
-8.809265
-8.733502
-8.754253
-8.422792
-8.368441
-7.231151
-7.560028
-7.411976
-7.130366
-7.233959
-6.859555
-6.421788
-6.029333
-5.873700
-5.584211
-5.820789
-4.998714
-4.675259
-4.310124
-3.929445
-3.928038
-3.477970
-3.673403
-3.485487
-2.774600
-2.815563
-2.311691
-2.324386
-2.015898
-1.250884
-1.417877
-0.871572
-0.619610
-0.112209
