0.214032
0.388568
1.088227
1.317039
1.728785
2.335504
2.058088
2.728996
3.148537
2.717975
3.259711
4.088583
3.753003
4.096626
4.654930
4.766203
4.618953
5.252406
5.727862
5.662681
6.563034
6.233620
7.005986
6.937007
7.350095
6.839490
7.470638
7.859560
7.760024
8.131143
8.710391
8.441876
8.924350
9.023462
9.174722
8.938592
8.730044
8.961079
8.970683
9.739548
9.966004
9.837991
10.094538
9.751846
9.835014
9.686830
10.194683
9.780469
9.500876
10.034225
10.053621
10.003873
10.129217
10.118675
9.522205
10.210923
9.357258
9.882617
10.029998
9.580373
9.113207
9.718013
9.439839
8.581737
8.916554
9.262193
8.952113
8.595277
8.156847
7.645026
7.572233
7.442376
7.297308
7.498430
7.290517
6.943468
6.201525
5.997577
6.128498
5.550421
6.005567
5.411814
5.170802
5.016903
4.489905
4.710701
4.241257
3.598710
2.923184
3.016490
2.888210
2.291387
2.289833
2.103849
1.094118
0.997691
0.961527
1.009912
0.597819
-0.018016
-0.245389
-0.521155
-0.812644
-1.637451
-1.829545
-1.857045
-2.409948
-2.634415
-2.765127
-2.756055
-3.574186
-3.333310
-4.250247
-4.694812
-4.299178
-4.859658
-4.955618
-5.358857
-5.496310
-5.443160
-6.161928
-6.199508
-6.687903
-6.992585
-6.660355
-7.588059
-7.357927
-8.151455
-7.796620
-8.402870
-8.554297
-8.641279
-8.146183
-9.032892
-8.550950
-8.745995
-9.401294
-9.131853
-9.068890
-9.115950
-9.389333
-9.847247
-9.371404
-9.862980
-9.684577
-10.332134
-10.055457
-9.685187
-9.760403
-10.450978
-10.418235
-10.458271
-10.269845
-10.079419
-10.245844
-10.111229
-9.568266
-9.243557
-9.883739
-9.824153
-9.724187
-8.905634
-8.898017
-9.247424
-8.968936
-8.551913
-8.987095
-8.176039
-8.627924
-7.947707
-8.326583
-7.308314
-7.305300
-7.713500
-7.486224
-6.732388
-6.364627
-6.054922
-5.689217
-6.232154
-5.828733
-5.580019
-4.671042
-4.884970
-4.088763
-4.312507
-3.868965
-3.311465
-3.227900
-3.413943
-3.223030
-2.550852
-2.332618
-2.073698
-1.140671
-1.011490
-1.008611
-0.193903
-0.189450
-0.011262
