0.758314
1.117971
0.529511
1.509000
1.117929
2.323065
1.706707
2.267545
2.625009
2.727623
3.476653
3.224184
3.963612
4.596086
4.555554
4.428078
4.873464
5.812271
5.499522
6.025417
6.539812
6.454747
6.860874
6.541907
6.764434
7.771583
7.444933
7.966204
7.771595
7.870764
8.036189
8.558223
8.148713
8.819835
8.902688
8.894657
9.462893
9.308304
9.133990
9.104323
9.269959
9.449832
9.365419
9.479070
9.847523
9.706812
9.958462
10.337478
10.112751
10.225648
9.990789
9.845672
9.628638
9.488929
9.841620
9.416871
9.851418
9.991994
9.306475
9.713561
9.831039
8.800338
9.098320
9.494833
9.401268
8.927487
8.838364
8.020294
8.527062
7.910964
8.139335
7.214268
7.983932
7.354657
6.696716
7.169135
6.238735
6.278341
5.673416
5.477721
5.414871
5.038736
5.225175
5.251416
4.097961
4.499835
4.047257
3.814746
3.277566
3.458130
2.569358
2.178081
2.578966
2.150018
1.874174
0.875166
1.001093
0.898482
0.448233
0.395781
-0.224138
-0.892832
-1.361472
-0.866203
-1.393369
-2.093227
-1.817344
-2.774308
-2.583954
-3.424100
-3.021761
-4.145261
-3.779017
-4.040094
-4.703873
-4.539825
-4.759785
-5.742162
-6.026800
-5.400116
-5.661176
-6.808225
-6.392640
-6.489854
-7.398087
-7.123105
-7.179715
-7.605861
-8.167864
-8.178755
-7.982932
-8.192404
-8.785319
-9.170365
-8.833945
-9.501792
-9.026038
-9.100991
-9.856435
-9.163442
-9.855532
-9.617021
-9.672661
-9.713295
-10.052250
-9.945484
-9.720795
-10.175837
-9.535761
-9.992633
-10.418298
-10.193925
-10.002525
-10.187475
-10.071044
-9.933791
-10.196915
-9.559362
-9.236026
-9.290595
-9.893245
-8.890775
-8.828523
-9.298000
-8.879259
-9.092544
-9.074519
-8.210855
-8.476455
-8.024759
-8.288587
-7.326588
-7.737452
-7.545637
-7.088516
-6.930878
-6.691223
-6.448063
-5.969462
-5.450059
-5.525300
-4.999761
-4.701762
-4.657829
-4.796222
-4.527518
-3.743753
-3.324658
-3.813812
-3.424553
-2.476625
-2.454779
-2.182190
-1.626160
-1.115989
-1.312832
-1.197177
-0.547644
-0.674482
0.413740
