-0.055232
0.979609
1.377766
0.856619
1.424892
1.608055
2.163557
2.150919
3.141863
3.063490
3.362659
3.824934
3.519734
4.198564
4.360317
5.156065
4.753501
5.254739
5.806474
5.643217
6.125180
6.148374
6.211952
6.684538
7.108007
7.047805
7.907893
7.306090
8.241863
7.712553
8.628706
8.341448
9.046696
8.456178
9.215819
8.640535
8.933113
9.513608
9.528258
9.592242
9.524643
9.416378
9.601829
9.668030
10.129641
10.129431
10.292312
9.592093
9.580956
9.646213
9.548797
9.593872
9.988613
9.463174
10.267375
9.868123
9.447821
9.815770
9.765899
9.177577
9.381796
9.475711
9.092601
9.061084
8.795684
8.574830
9.037801
8.750913
8.108312
7.887765
7.569760
7.703252
7.266756
7.446709
7.044702
6.360183
6.971957
6.041283
6.109420
5.389179
5.751970
4.928681
4.725103
4.814949
4.687241
4.210599
3.853659
3.966516
3.068379
3.064691
3.040078
2.958059
2.581265
2.020223
1.905491
1.281343
0.647086
0.509192
0.399609
-0.135398
-0.197195
-0.454512
-1.383717
-1.557036
-1.924331
-2.267474
-2.383011
-2.974154
-3.122173
-3.258078
-3.032940
-4.080489
-3.517262
-4.435103
-4.141534
-4.343701
-5.211484
-5.291326
-5.362701
-5.454620
-6.095827
-6.525193
-6.263206
-7.232385
-7.352706
-7.457973
-7.791114
-7.817014
-7.953322
-8.527272
-8.018960
-8.580971
-8.941734
-8.836053
-8.575814
-9.292856
-8.793571
-9.747036
-9.886201
-9.525395
-9.426286
-9.385342
-10.195300
-9.744312
-9.695956
-10.227502
-10.287614
-10.202958
-9.764457
-10.313250
-9.605693
-9.912705
-10.367710
-10.334021
-9.771185
-9.586536
-9.755163
-9.484360
-9.593172
-9.020797
-9.381942
-9.498195
-9.114672
-8.639537
-9.108178
-9.028291
-8.779926
-8.274992
-7.900095
-8.497758
-7.523894
-7.429288
-7.102921
-7.528567
-7.482601
-7.012973
-6.562218
-5.976971
-6.078105
-5.998453
-5.402035
-5.223648
-5.313808
-4.659630
-4.539446
-3.889984
-3.928703
-3.794363
-2.950819
-3.461546
-2.743035
-2.950176
-2.492891
-2.314037
-1.828555
-0.975448
-1.008095
-0.148984
-0.767872
-0.216611
