0.782183
0.537260
1.285094
0.764839
1.135835
1.784547
2.157809
2.693247
2.425123
3.064848
3.725683
3.480875
3.909812
4.520950
4.503286
4.772440
5.266721
5.655831
5.712648
5.900234
6.218845
6.480719
7.089561
6.577950
6.756009
6.983411
7.486379
7.250371
7.456001
7.648167
8.469615
8.443693
8.455389
8.975499
8.766379
8.906665
8.920851
9.036310
9.758431
9.263669
10.082352
9.548038
9.583246
9.654987
10.171634
10.173074
9.511499
9.965092
10.247130
9.812408
9.895789
9.855838
9.510084
10.136601
10.079050
9.727968
9.534220
10.108053
9.190635
9.335172
9.535157
9.620153
9.353693
9.373696
9.118562
8.943155
8.568766
8.452906
8.600757
7.907508
8.171652
7.733700
7.856086
7.009583
7.149277
7.104028
6.542307
6.643456
5.640068
6.151369
5.302847
5.296852
4.603834
4.927347
4.342592
3.763288
4.275192
3.790502
2.980258
3.512120
3.245551
2.572182
1.720702
2.303248
1.951005
1.577294
1.328448
0.517961
-0.135182
-0.007534
-0.632472
-0.619006
-0.532534
-1.009024
-1.293971
-1.788269
-2.466703
-2.847769
-3.038709
-2.596292
-3.604930
-4.035174
-4.244770
-4.707727
-4.908428
-4.581866
-5.086932
-4.956821
-5.234245
-5.411471
-5.959204
-6.429347
-6.137775
-7.213310
-6.859393
-7.182670
-7.625501
-7.436223
-8.084333
-8.583418
-8.202316
-8.194370
-8.649586
-8.821017
-9.287000
-8.617539
-9.595431
-8.973346
-9.738874
-9.825227
-9.572023
-9.280757
-9.594239
-9.882128
-9.583813
-10.289195
-10.215651
-10.150260
-10.125778
-10.293094
-9.509388
-10.024342
-9.958798
-10.176503
-9.688387
-9.924507
-9.591970
-9.214348
-9.124626
-9.851477
-9.285298
-9.709664
-8.952562
-8.996813
-9.009218
-8.947519
-8.857050
-8.618270
-8.763853
-7.633683
-7.574702
-7.635639
-7.067309
-7.290935
-7.530009
-6.486937
-7.016497
-6.452664
-6.447856
-5.692267
-5.903168
-4.880083
-4.710330
-4.719430
-4.798977
-4.403460
-3.623576
-4.099658
-3.532083
-3.246872
-3.238279
-2.743837
-2.275208
-1.712257
-1.994662
-1.046550
-1.253334
-0.996738
-0.284962
0.066076
