0.289088
0.302460
0.787244
1.258433
1.489494
2.041326
2.127018
2.091807
3.198847
3.432245
3.765633
4.087964
3.579763
4.505310
4.732216
4.611091
5.202380
5.089096
5.632102
5.641404
6.175242
6.129002
6.619368
6.687136
6.960425
7.389704
7.507034
7.601038
8.270242
8.138189
8.624784
8.432620
8.727107
8.658992
9.206441
9.108236
8.772521
9.336593
9.092967
9.228045
9.334469
9.929674
9.549199
10.318228
9.850173
9.583083
10.232528
9.791153
10.213159
9.748807
10.204783
10.223499
9.526932
9.844143
9.519849
9.877411
9.869334
9.671104
9.680602
9.052879
9.452829
9.752504
8.832778
8.672760
8.923021
9.026551
8.672864
8.618180
8.655180
7.901096
7.667779
7.641442
8.000349
7.514400
6.931349
7.190506
6.489622
6.105075
5.898517
5.753919
5.273578
5.400076
5.167203
4.331761
4.958540
3.958893
3.739087
3.911594
3.657862
2.950332
2.652345
2.780192
2.462846
1.789843
1.537328
1.473467
0.966085
0.924530
0.506582
0.076541
-0.761132
-0.377298
-1.361692
-1.277658
-1.503327
-1.859262
-2.392043
-2.844063
-3.250935
-3.341088
-3.750580
-3.824315
-3.825700
-4.683710
-4.451879
-4.660789
-5.434335
-5.735218
-5.270660
-5.661538
-6.122534
-6.315666
-7.072350
-7.218644
-6.613873
-7.719019
-7.004131
-7.724207
-7.571962
-7.988611
-7.946832
-8.116565
-8.489648
-8.412521
-8.528385
-8.655640
-9.081376
-9.632603
-9.625830
-9.183338
-10.056267
-9.430250
-9.338055
-9.961505
-9.615916
-10.315339
-10.241309
-10.388927
-10.260980
-9.736705
-10.338144
-9.920050
-9.898074
-9.965897
-9.466497
-10.093619
-9.750583
-9.542181
-10.040245
-9.559765
-9.651366
-9.110304
-9.323876
-8.932653
-9.014468
-8.778670
-9.103720
-8.744832
-8.072646
-8.521043
-7.567221
-8.088436
-7.825442
-7.782088
-7.292328
-6.725667
-6.160612
-6.590711
-6.518909
-5.919557
-5.782081
-5.607485
-4.905008
-5.193324
-4.947396
-4.553698
-3.533137
-3.442562
-3.626776
-3.301073
-3.183872
-2.908464
-2.372968
-1.692322
-1.939349
-1.313461
-0.642845
-0.924234
0.147735
0.132041
