0.554482
0.930802
0.982475
1.144294
1.531385
1.829107
2.041471
2.515990
2.945737
2.842542
3.525807
3.964917
3.775672
4.433146
4.940177
5.293939
4.885662
5.331301
5.363060
6.084524
5.863463
6.856067
6.326359
6.827523
6.758087
7.326967
7.657878
7.725006
7.408983
7.799988
8.032502
8.395308
8.472866
8.373621
8.790653
8.745413
9.515488
9.399901
9.867789
9.625583
9.674693
9.973701
9.547901
9.806389
9.535035
9.993046
9.845823
9.762899
10.065390
9.697581
9.714127
9.583154
9.607922
9.681494
9.701105
9.508496
9.378535
9.329870
9.891242
9.438182
9.394866
9.772574
9.178968
9.321205
8.641468
9.015871
9.014677
8.739931
8.447282
7.694656
7.996941
8.069882
7.455336
7.202829
6.831433
6.611285
6.525817
6.082125
5.679681
6.065276
5.478541
5.534524
4.809955
4.424647
4.449110
4.442362
4.314850
4.151450
3.693603
3.224541
2.721957
2.468371
1.794241
2.017319
1.244414
1.121696
1.359375
0.369333
0.231757
0.066895
-0.235632
-0.653304
-1.237029
-1.087950
-1.763144
-1.742108
-2.411408
-2.492949
-3.101987
-3.166320
-3.809480
-3.994864
-3.881274
-4.100954
-4.480425
-4.976533
-4.717191
-5.124049
-6.098272
-6.137860
-6.454119
-6.792423
-6.309958
-6.521517
-7.506668
-7.348281
-7.847161
-7.953912
-8.252720
-7.827645
-8.698978
-8.310082
-8.554728
-8.980549
-8.591429
-9.494297
-9.590070
-9.238114
-9.230948
-9.847078
-9.904273
-9.712020
-9.510411
-10.049492
-9.687615
-9.790125
-10.109039
-10.284043
-10.479614
-9.522824
-9.890567
-9.781189
-9.662715
-9.778436
-9.736243
-9.651670
-10.017205
-10.074474
-9.369895
-9.904147
-9.649422
-9.620227
-8.897676
-9.120359
-8.896816
-9.158191
-8.151343
-8.627538
-8.661709
-8.548886
-7.497760
-7.267864
-7.041672
-7.757805
-7.313453
-6.584924
-6.971753
-6.391875
-5.857539
-5.386867
-6.051132
-5.848215
-4.614380
-5.125731
-4.092750
-3.971349
-3.608362
-3.440071
-3.360098
-3.196517
-2.663505
-2.629427
-2.333837
-1.993776
-1.437947
-1.578128
-1.111423
-0.224740
-0.387990
-0.118510
