-0.047692
1.121860
0.902651
1.153650
1.166385
1.475233
1.817036
2.602789
2.809287
3.094329
3.369977
3.330828
4.440235
4.736888
4.775863
5.059463
4.629492
5.082597
5.199833
6.184789
6.550787
5.910906
7.094614
6.868095
7.350398
7.622411
7.094898
7.281495
8.301834
8.206339
8.583423
8.937940
8.972592
8.813302
9.107516
8.864286
9.333881
8.977678
9.588869
9.223210
9.923419
9.525851
9.572788
9.913500
10.114380
10.003094
10.020550
10.267042
9.650851
9.836690
10.110038
10.413007
9.864505
10.040945
9.929676
9.970359
10.125575
9.675844
9.781439
9.824449
9.482926
9.503183
9.034831
9.336957
9.103468
8.456731
8.296661
8.686683
8.026690
7.936748
8.076929
8.059565
7.392998
7.239476
6.660251
6.835509
6.551023
6.133063
6.588243
5.860523
5.227335
5.650503
5.049138
4.362331
4.778298
4.048202
3.585660
4.129203
3.802766
3.143111
2.594323
2.600736
2.344553
2.351490
1.478109
1.528976
0.907284
0.788773
0.602090
0.401929
-0.039959
-0.241024
-0.586735
-0.778610
-2.011639
-1.410281
-1.744847
-2.696613
-3.004843
-3.506608
-3.847294
-3.512205
-4.320871
-4.041301
-4.841378
-4.629862
-4.601146
-5.637827
-5.458810
-6.099034
-6.545080
-6.626339
-6.910667
-6.707002
-7.143130
-7.653511
-7.795821
-8.139607
-7.865727
-8.447776
-8.333787
-8.182252
-8.474435
-8.566689
-9.395078
-8.843447
-9.399354
-9.485037
-9.110399
-9.684853
-9.946907
-9.224694
-9.270996
-9.796823
-9.837366
-10.147459
-9.488829
-9.579987
-9.880288
-9.887447
-9.550176
-9.816034
-10.359708
-10.360156
-9.973601
-9.868937
-9.681216
-9.750438
-9.428524
-9.923600
-9.435257
-9.444618
-9.386861
-8.826405
-8.476755
-9.244249
-8.921997
-8.090853
-8.053863
-7.684573
-7.518421
-8.029363
-7.856094
-7.113587
-7.039392
-7.252089
-6.267377
-5.941101
-5.718773
-5.849756
-5.487003
-5.428147
-4.590415
-5.289810
-4.099347
-4.390544
-3.575313
-3.548354
-3.772889
-2.727099
-2.502704
-2.678865
-1.765476
-2.367997
-1.909217
-1.394763
-0.822233
-0.151407
0.016801
0.067743
