0.013738
1.014679
1.342750
1.487457
1.480933
2.199459
2.305477
2.975828
2.999960
2.611634
3.846160
3.428713
3.999623
4.751573
4.363836
4.806069
4.893114
5.436285
6.024375
6.304705
5.636266
6.226791
6.261003
6.441259
7.127357
7.761280
7.952853
7.275404
8.017747
7.819856
7.794308
8.116073
8.200843
9.137104
9.105862
9.333281
8.730720
9.655315
9.782609
9.581275
9.704023
9.580248
9.675362
10.169047
10.318528
9.916721
10.441867
9.998222
9.665561
10.160592
9.585583
10.010219
9.494787
10.406220
9.533128
9.877891
9.328082
9.702876
9.488835
9.491142
9.500885
9.400375
9.231184
8.801286
9.384747
8.368956
8.887993
8.577696
7.932936
8.572031
8.182901
7.691585
7.306729
6.856595
7.126455
6.377250
6.531665
6.128209
5.659529
5.878276
5.900082
5.304060
5.359272
5.010703
4.621881
4.608752
4.391098
4.003292
3.355690
3.339467
2.635404
2.895068
2.505173
2.359055
1.343626
1.241088
0.654178
0.449293
-0.034698
0.021031
-0.086976
-0.241454
-1.011462
-0.781095
-1.981358
-2.246549
-2.110056
-2.963326
-3.133765
-3.444760
-3.170097
-3.785438
-4.041708
-3.871938
-4.253895
-5.030975
-4.953031
-5.600472
-5.997946
-5.411098
-5.679835
-6.647138
-6.670448
-7.080016
-7.079900
-6.967034
-7.166942
-7.623754
-7.927426
-7.829046
-8.562478
-8.869396
-8.248080
-8.488242
-9.337407
-9.302431
-9.336582
-8.881390
-9.741001
-9.345933
-9.652050
-9.986746
-10.005517
-10.033030
-9.740747
-9.911186
-9.684160
-9.713459
-9.550028
-9.782140
-10.189499
-9.976913
-9.512082
-10.210605
-9.593863
-10.148847
-10.040978
-9.983498
-9.614865
-10.000141
-9.000652
-9.350715
-8.734384
-9.411460
-9.384030
-8.902967
-8.876800
-8.452541
-7.853784
-7.937362
-8.357018
-7.302566
-7.054313
-7.455539
-6.757866
-7.286152
-6.832410
-6.765048
-5.797714
-5.825717
-5.779004
-5.168306
-5.308637
-4.552185
-4.050475
-4.231485
-3.708910
-3.774753
-3.293055
-3.314993
-2.373688
-2.976975
-2.065887
-1.556101
-1.252811
-0.932137
-1.143557
-0.235564
0.051786
-0.446280
