0.671922
0.282788
0.615698
0.862289
2.040673
1.465411
2.365741
2.336056
2.332938
3.122739
2.936130
3.310963
3.847101
3.918139
4.521035
4.729487
5.189780
5.566674
6.046290
5.505396
6.606729
6.286635
6.129295
6.549516
6.650097
7.729020
7.948943
7.482267
8.126352
8.420093
8.044905
8.465056
8.317146
8.735698
9.168719
8.610084
9.027797
9.381895
9.594858
9.892941
9.323209
9.383247
9.908529
10.145432
9.559374
9.930587
9.852387
9.838073
9.522386
9.580382
9.808203
9.904460
10.029179
9.809009
9.777426
9.614706
9.978626
9.409535
9.634948
9.951987
9.412543
8.843748
9.400490
9.138445
8.482794
8.613162
8.107590
8.453567
7.871605
8.137653
7.871903
7.277929
7.322370
7.650255
7.376265
6.435748
6.276924
6.795313
5.975388
5.587750
5.406923
5.108265
5.179235
4.684624
4.655135
3.902103
4.199241
3.558909
3.048015
3.333984
2.547831
2.705324
2.268186
1.543542
1.925663
0.887231
1.417793
0.623400
0.332099
-0.048669
0.069988
-0.340729
-1.228080
-1.738673
-1.180987
-1.804594
-2.671018
-2.986238
-2.565647
-3.040748
-3.502715
-3.298536
-4.407653
-4.299824
-4.074238
-4.706593
-5.441837
-5.617285
-6.035716
-5.847980
-6.527184
-6.199398
-6.288057
-6.922482
-7.269595
-7.703778
-7.343408
-8.133322
-7.846095
-8.543465
-7.998956
-8.743660
-8.963982
-9.200998
-8.826574
-9.183040
-9.418581
-9.052435
-9.056315
-9.763563
-9.940760
-9.955464
-9.671908
-9.342332
-9.944076
-10.214505
-10.325980
-10.434134
-10.053170
-10.000912
-9.996925
-9.542037
-10.107883
-9.975019
-9.874455
-10.298104
-10.113104
-9.826953
-9.327903
-9.423199
-9.731568
-9.419512
-9.087008
-9.298051
-8.695242
-8.334961
-8.475189
-8.748736
-8.263244
-8.321296
-8.110806
-8.156699
-7.133735
-7.168533
-7.351587
-6.693887
-6.454474
-6.657164
-5.956580
-6.336800
-5.436194
-5.051882
-5.193680
-4.937331
-4.130227
-3.906311
-4.433433
-3.663367
-3.661537
-2.720532
-3.040661
-2.555891
-2.045445
-1.911091
-1.218768
-1.392741
-0.488125
-0.640349
-0.274068
0.026611
