0.632196
0.280840
0.631091
1.412493
1.602538
1.428017
2.190190
2.248940
3.050196
2.779023
3.106710
3.828308
4.147275
4.138608
4.627705
5.016042
4.650774
5.735679
6.010866
5.642956
6.018882
6.804681
7.039855
6.665423
6.635146
7.057937
7.738832
7.805483
8.330528
8.417380
7.901543
8.268114
8.470279
9.022535
9.171428
9.434561
8.998449
8.818877
9.228886
9.489489
9.574409
9.321051
9.594575
9.625648
9.569027
10.170427
10.376205
10.462414
9.504945
10.437832
9.524838
10.170313
9.932517
10.099742
9.445602
9.482108
9.428692
9.903256
9.171709
9.808602
8.911247
8.827088
9.312643
9.442011
9.143139
8.689284
8.861872
8.841987
8.224281
8.456236
7.742472
7.306141
7.466442
6.806880
6.665797
7.338479
6.146939
6.602588
5.837553
6.336006
5.957688
4.999614
5.552736
4.595871
4.894404
3.896925
3.771338
3.454720
2.924816
3.176860
2.930269
2.079082
1.737219
1.402100
1.115053
0.845507
1.270368
1.001351
0.360163
0.388379
0.119712
-0.518907
-1.342951
-1.546849
-1.198319
-1.796951
-2.440670
-2.543868
-3.119421
-3.438769
-3.638448
-3.768736
-3.649668
-4.235861
-4.953705
-4.347430
-5.073081
-5.424336
-5.416947
-6.358918
-6.304119
-6.145146
-6.814734
-6.455483
-7.473226
-7.069613
-7.276006
-8.072602
-7.473486
-8.518390
-8.066873
-8.350122
-9.086562
-8.663310
-9.106072
-9.478077
-8.752402
-9.047398
-9.544561
-9.529906
-9.656015
-9.413940
-10.213249
-9.804398
-9.738165
-10.191359
-10.164707
-10.212711
-10.011229
-9.579638
-10.212843
-10.039921
-9.752524
-9.690986
-10.281462
-9.339486
-9.941437
-9.352567
-10.028314
-9.155009
-9.238363
-8.944200
-9.444831
-8.829148
-8.836899
-9.174355
-8.920363
-8.146836
-8.439024
-7.891612
-8.024329
-8.065660
-7.153058
-7.757888
-7.501006
-7.033732
-7.100884
-6.044585
-6.278997
-5.581204
-5.348615
-4.894064
-4.668056
-5.293695
-4.044557
-4.583195
-4.083064
-4.140074
-3.653069
-2.816126
-2.679197
-2.230215
-1.828913
-1.684983
-1.149133
-1.656870
-1.085304
-0.837354
-0.402836
0.348202
