0.070551
0.760857
0.972748
1.606338
1.233498
1.561631
2.557011
2.282276
3.072096
3.367671
3.496890
3.278500
3.910472
4.350408
4.056267
4.609289
5.518464
5.265360
5.693936
5.591893
5.659781
6.826905
6.961519
7.116838
6.907050
6.963026
7.393060
7.411009
8.044997
8.135435
7.871402
8.617015
8.853974
8.533810
9.354429
9.480867
9.373783
9.365461
9.729318
9.331559
9.448288
9.720989
9.820881
9.492045
10.053435
9.963018
10.288811
9.665563
10.217054
9.942438
9.842655
10.193263
9.944420
9.471260
9.477187
10.132677
10.157168
9.914044
9.228621
9.169035
9.846798
9.120390
9.623192
8.931279
9.375387
8.636289
8.825756
7.970862
8.220460
8.244979
7.629927
7.361276
7.936789
7.063945
7.372516
7.152946
6.254089
6.722853
6.080581
5.712262
5.141269
4.941102
4.799267
4.977920
4.321628
4.705204
4.214354
3.509166
3.288378
2.983357
3.070954
2.730973
1.839145
1.673064
1.944696
1.017681
0.923298
0.864333
0.396224
-0.383078
-0.491682
-0.555355
-0.564671
-1.051773
-1.599955
-1.736320
-2.384952
-2.224482
-3.269680
-2.722784
-3.593515
-3.575091
-4.405284
-4.300194
-4.539349
-4.458915
-4.700556
-4.905199
-5.424031
-5.822219
-5.968780
-6.664266
-7.017808
-7.098171
-7.299407
-7.736192
-7.497011
-7.728580
-7.579796
-8.172968
-8.418807
-8.466008
-9.080529
-9.246247
-8.755677
-9.325437
-9.003849
-8.882333
-9.530763
-9.746496
-10.080225
-9.223058
-10.087360
-9.568635
-9.939532
-9.636753
-9.766231
-9.647137
-10.033236
-9.770573
-9.705739
-9.493886
-10.008619
-9.659668
-9.519334
-9.625936
-9.984156
-9.639916
-9.671415
-9.045375
-9.213084
-9.421391
-9.078977
-8.554466
-8.941380
-8.710850
-8.250650
-8.768203
-8.405174
-8.319037
-7.809071
-7.367452
-7.188196
-7.066902
-7.561281
-6.662463
-6.985702
-6.516708
-5.833768
-5.417537
-5.584987
-5.608673
-5.353861
-4.907293
-4.451632
-4.682850
-4.023502
-3.867237
-3.350743
-3.513391
-3.165530
-2.737660
-1.969231
-1.533238
-1.871384
-1.041027
-1.419294
-0.632329
-0.781078
-0.121777
