0.378556
0.910937
0.550997
1.367638
1.715935
1.540480
2.221662
2.894036
3.168513
2.836409
2.972766
3.734793
4.466437
4.616505
4.842997
4.981604
5.281635
5.755106
5.235849
5.782753
6.576914
6.127269
7.093467
7.029633
6.906179
7.346494
7.364609
7.917387
8.071314
8.259393
8.637649
8.537384
8.994745
8.664593
8.832863
9.469259
8.972649
9.528151
9.202858
9.793893
9.178577
10.092992
9.627865
10.167425
10.257156
10.258366
10.131539
10.441189
9.573323
9.915516
10.147035
10.085919
9.779274
9.833297
10.108702
10.314394
9.617592
9.707509
9.559258
9.989115
9.868761
9.587222
8.853646
8.895190
8.636683
8.570561
8.697646
8.817725
8.264658
7.924682
8.344096
7.692603
7.773188
7.593698
7.110027
6.850216
6.878230
6.545093
6.523325
5.749369
5.331055
4.875819
5.570766
4.589510
4.837799
4.291112
4.075041
3.185719
3.565331
3.505848
2.421544
2.777968
1.810138
1.866447
1.292270
1.701009
0.792150
0.965852
0.537615
-0.423857
-0.029253
-0.875682
-1.432547
-1.182941
-1.084820
-1.550507
-1.827340
-2.134204
-3.271029
-2.927354
-3.666991
-3.249008
-3.993368
-4.567061
-4.996097
-4.500644
-5.272542
-5.509296
-5.223950
-5.598123
-6.492441
-6.822071
-6.570376
-7.076767
-7.028474
-7.088135
-7.054691
-7.621200
-8.164346
-8.459942
-8.110619
-8.630638
-8.565903
-8.722200
-9.157963
-9.382800
-9.596990
-9.211801
-9.399961
-9.496404
-9.228959
-10.070805
-9.942296
-9.613630
-9.918594
-10.285608
-9.643774
-10.156765
-9.963749
-9.747312
-9.895995
-10.467460
-10.449619
-9.791054
-9.839472
-10.031803
-9.710267
-9.797041
-9.447004
-9.847280
-9.121235
-9.549921
-9.087487
-9.335420
-8.471610
-8.509169
-9.096176
-8.167108
-8.115290
-7.681290
-7.754276
-7.339235
-7.667192
-7.092619
-7.338126
-6.768700
-6.422176
-6.547372
-5.950826
-5.909214
-5.201657
-5.697404
-5.560244
-4.320952
-4.158125
-4.417390
-3.541042
-3.199913
-3.029828
-2.710256
-2.802646
-2.963868
-2.525625
-2.201721
-1.161809
-1.578821
-1.226936
-0.636651
-0.022232
-0.284880
