0.493908
0.472615
1.264394
1.049445
1.658879
1.547152
2.040960
2.663180
2.465815
2.933585
3.060797
3.690579
4.228495
4.615542
4.559125
4.776826
5.289288
5.223580
5.736341
5.965301
5.844857
6.675380
6.663556
6.652383
7.288309
7.547784
7.746102
7.839316
7.921664
7.645711
8.547421
8.800638
8.577056
9.021417
9.393330
8.847341
9.657722
8.966852
9.771900
9.113832
9.170978
9.869438
9.989803
10.297618
9.612296
10.243574
10.020305
9.759685
9.642168
10.076534
9.982435
10.433587
10.281855
9.465747
9.846527
9.487467
9.758026
9.430924
9.433766
9.296950
9.052149
9.202804
9.227404
8.616825
8.627509
8.338334
9.057895
8.516257
7.841532
7.802420
7.758554
8.073862
7.654505
7.505720
7.021078
6.556538
6.349291
6.183524
6.177859
5.722538
5.545623
5.469563
5.184939
4.324866
4.878896
3.990558
4.092735
3.741739
3.425580
3.204998
3.167569
2.975158
1.813858
1.628979
1.694528
1.119642
0.634122
1.099915
0.106336
0.276747
-0.637878
-1.117133
-0.609855
-0.807721
-1.096750
-2.353210
-2.483837
-2.050152
-3.169008
-3.566962
-3.519230
-3.726576
-4.009601
-4.460248
-5.018218
-4.336220
-5.385314
-5.788327
-5.739700
-5.613747
-5.663681
-6.336650
-6.914757
-6.863045
-7.482888
-7.057383
-7.026591
-7.312439
-7.458141
-8.579198
-8.269708
-8.553883
-9.085028
-8.357225
-8.968498
-9.168933
-9.439170
-9.067893
-9.796816
-9.636839
-9.258698
-9.609126
-9.540692
-10.222127
-10.330704
-9.730465
-9.600332
-9.532451
-9.507833
-10.000573
-9.986807
-10.280825
-10.162466
-9.455522
-10.103482
-9.660304
-9.606713
-9.596554
-9.169508
-9.447628
-9.537068
-8.855017
-9.302326
-9.291736
-9.266435
-9.107999
-8.519292
-7.950519
-8.578039
-8.463209
-8.391830
-7.703630
-7.350850
-6.942009
-6.632061
-7.109206
-6.572751
-6.866294
-6.321856
-6.208332
-6.005444
-4.934364
-5.541455
-4.788321
-4.583899
-4.541137
-4.084078
-3.320817
-3.848745
-2.822741
-2.961985
-2.399657
-2.671471
-2.198972
-1.720833
-1.152763
-0.646254
-1.126647
-0.653418
0.175064
