0.004106
0.965423
1.246595
1.550950
1.763408
1.708899
2.195791
2.873847
2.982566
2.863685
2.998017
4.173443
4.308456
3.801666
4.749817
4.754809
5.025217
5.098792
6.082753
6.044268
5.806635
6.414369
6.755418
7.219788
7.044281
7.480162
7.658928
7.670518
7.588886
8.437723
8.269954
8.527096
8.605646
8.295101
8.786763
8.689443
9.463997
9.333434
9.560971
9.074877
10.076181
9.251986
9.596141
10.248389
9.922269
10.164303
9.543180
10.044308
9.658105
10.164039
9.950796
10.077785
9.705330
9.660331
9.747147
9.643951
10.017722
9.340241
9.911102
9.132968
9.524272
9.600419
9.608441
9.516731
8.852189
9.224205
8.490630
8.389895
8.407109
8.180432
7.848167
7.305866
7.286741
7.315247
7.303129
6.476475
6.776927
6.268761
6.354314
5.446367
5.122221
5.166696
4.926112
5.124644
4.724519
4.246181
3.968071
3.209589
3.627636
3.285983
2.694355
2.604347
1.739675
1.380389
1.796702
1.163738
1.139140
0.168845
0.073908
-0.328828
-0.496289
-0.602956
-0.649223
-1.094138
-1.248109
-2.099760
-2.157308
-2.020405
-2.416981
-3.135669
-3.276963
-3.255504
-3.772970
-4.505615
-4.793497
-4.574594
-4.750390
-5.636879
-6.102667
-5.959330
-5.798522
-6.565299
-6.898940
-6.828214
-6.669030
-6.952518
-7.830305
-7.630633
-7.923460
-8.149437
-7.915070
-8.824865
-9.106408
-8.630236
-8.725464
-8.923603
-9.651758
-9.265807
-9.138722
-9.533012
-9.384851
-9.297743
-9.329481
-9.947349
-9.396450
-10.092104
-10.286854
-9.865511
-10.214394
-10.360700
-9.741078
-10.419880
-9.672960
-9.597337
-10.047908
-9.889993
-9.648704
-10.117294
-9.213359
-9.478568
-9.704395
-9.598696
-9.392730
-9.222990
-8.852165
-9.079489
-8.758025
-8.314345
-8.161373
-7.920814
-7.536076
-8.024273
-7.895876
-7.470017
-6.943349
-7.310673
-6.282030
-5.898125
-5.876579
-6.279217
-5.499966
-5.545322
-5.144088
-5.237278
-4.218035
-4.209958
-4.139327
-4.017007
-2.911750
-3.557780
-2.339564
-2.111502
-2.134269
-1.481088
-1.253641
-1.615109
-1.157025
-0.994140
-0.067237
0.427149
