0.476351
0.592394
0.899929
1.339587
1.829416
2.072966
2.322315
2.320771
3.154904
2.907444
3.716858
3.540219
3.568157
4.492608
4.256997
4.864993
4.813443
5.675928
5.736886
5.922043
6.093313
6.181857
7.058234
6.804561
6.723582
7.397807
7.461429
7.703780
7.837107
7.859202
8.400172
8.796715
8.192327
9.012951
9.173084
9.402518
9.425355
9.597780
9.665369
9.132093
9.630613
9.858069
10.255644
10.150735
10.099774
9.598310
10.455042
10.188864
9.699904
9.525721
9.615457
10.447348
9.458250
10.210504
9.805133
10.006621
9.785837
9.359864
9.171351
9.928377
9.781192
9.299754
8.726852
9.252738
8.460292
8.385900
8.939868
8.335617
8.243477
8.429935
7.535558
7.566018
7.458340
6.959551
6.944135
7.145448
6.287987
6.480592
6.079870
6.371901
5.212119
5.829251
4.670735
5.170325
4.478423
4.582064
3.746822
3.472357
3.244341
2.836784
2.477870
2.263922
1.728946
2.130783
1.652988
0.832700
0.924713
0.817894
0.121227
0.001131
-0.203541
-0.626424
-0.673519
-0.779103
-1.324942
-2.106273
-2.429658
-2.203489
-2.450031
-2.822839
-3.520683
-3.665458
-4.024404
-4.708794
-5.039192
-4.390423
-5.322462
-5.489581
-5.510664
-5.402401
-6.051377
-6.329514
-6.643903
-6.777077
-6.774124
-7.528416
-7.315447
-7.905565
-7.701993
-8.356287
-7.809512
-8.239803
-8.923667
-8.287495
-8.469797
-8.661831
-9.521378
-9.342701
-9.561421
-9.710057
-10.058350
-9.719748
-10.081324
-9.798689
-9.662459
-10.061717
-10.151414
-9.558398
-10.490513
-9.793378
-9.966417
-10.434103
-10.183908
-10.405548
-10.267490
-9.864032
-9.459888
-9.207107
-9.569695
-9.625208
-9.022734
-9.166329
-9.060885
-8.810702
-9.020203
-9.182373
-8.923906
-8.519521
-8.208440
-8.484745
-7.918919
-7.735332
-7.249557
-7.030407
-7.136819
-7.087888
-6.827726
-6.377309
-5.940918
-5.838930
-5.297840
-5.334046
-4.650036
-5.185146
-4.754763
-4.708134
-4.120643
-3.991060
-3.526584
-3.427332
-3.052866
-2.652284
-2.145515
-1.820691
-1.998009
-1.089035
-1.052462
-0.860284
0.027702
0.271854
