0.504750
0.732232
0.526280
0.845778
2.043256
1.796833
2.641643
2.760037
2.808596
2.916192
3.497177
4.138419
4.388434
4.703331
4.437310
4.929112
4.832380
5.151591
6.051496
5.616140
6.499320
6.309735
6.452518
6.430003
6.763031
6.928671
7.992691
7.421066
7.810437
7.983711
7.941995
7.952738
8.862111
8.387631
8.445482
9.546616
9.239150
9.684241
9.617293
9.451511
9.165335
9.256129
9.308772
10.030580
10.286252
9.685878
9.481321
10.114446
9.720748
9.977383
10.472395
9.553951
10.277861
10.232536
9.772109
9.781698
9.812154
9.874712
9.799598
9.137486
9.143698
9.341375
9.051191
8.880251
8.931721
9.096771
9.005874
8.590251
8.395844
7.687854
8.244553
7.242152
7.359187
7.134562
6.717741
7.243688
6.176297
6.415749
6.607345
5.384826
5.976948
5.800730
4.877534
5.240990
4.617022
4.013922
3.993629
4.138962
3.549470
3.212247
3.280703
2.211065
1.811544
1.382865
1.678991
1.312838
0.475050
0.896356
0.486166
0.488114
-0.053767
-0.889435
-0.895859
-0.830757
-1.681432
-1.587669
-2.528867
-2.865955
-2.871307
-3.202588
-3.479835
-3.609109
-4.072362
-3.934697
-4.739217
-4.953193
-5.526609
-5.397692
-5.610498
-6.013803
-6.348280
-6.136207
-6.651123
-7.337356
-7.425463
-7.433895
-7.385665
-7.939790
-8.015295
-7.874841
-8.391853
-8.407092
-8.585105
-8.742623
-9.347759
-9.215083
-9.204271
-9.747665
-9.511348
-9.818851
-9.232880
-10.068371
-9.355271
-10.119265
-9.495867
-9.983276
-9.754409
-10.046698
-10.450644
-10.159372
-10.003560
-9.849861
-9.896847
-9.614567
-10.276895
-9.558858
-9.996316
-10.019675
-9.790950
-9.291998
-9.566133
-8.802845
-9.431330
-8.709339
-8.473985
-9.009291
-9.063835
-8.808200
-8.433973
-8.553730
-7.885148
-7.328222
-7.627334
-7.735045
-7.277436
-7.327975
-6.530818
-6.303925
-5.956149
-6.218568
-5.776397
-5.192961
-4.866128
-4.689648
-4.727697
-4.319008
-3.486353
-4.058617
-3.284624
-2.655781
-3.264064
-2.414763
-2.607543
-1.656253
-1.168506
-1.324115
-0.463905
-0.423816
-0.001669
0.499991
