0.678568
0.781570
1.389771
1.216838
1.600541
1.765591
2.566624
2.074434
2.420151
2.992648
3.877405
3.627477
4.220644
4.353805
4.351337
4.399598
5.106573
5.012214
5.666701
5.510449
6.019881
6.379391
6.361149
7.299183
7.151665
7.735631
7.141318
7.325784
7.736969
7.954316
8.443499
8.755027
8.796981
9.093437
8.810962
9.398206
8.893624
9.061369
8.952928
9.623315
9.471684
9.765248
10.143975
9.603373
9.501531
9.888281
10.298245
10.172929
9.530460
9.907528
9.906571
10.023941
9.569425
9.945557
9.752052
9.341355
9.274415
9.550064
9.440977
9.747131
9.760223
9.738999
8.702486
8.705678
9.384917
9.114779
8.385652
8.401568
8.137883
8.129323
8.303197
7.313163
7.514921
7.371338
6.735748
7.247711
6.797564
5.998708
5.849820
5.639683
6.070294
5.385106
5.526707
4.650725
4.494985
4.575989
4.206723
3.569724
3.264911
2.975654
2.842164
2.447425
2.272505
2.033808
1.501887
0.865112
0.569669
0.663463
-0.113096
0.404222
-0.431124
-0.215857
-0.780432
-0.800735
-1.082149
-2.200494
-2.445863
-2.318271
-3.081067
-2.618542
-3.255482
-4.037420
-4.464498
-4.144046
-4.788278
-5.228206
-4.900344
-5.281335
-5.270514
-5.973273
-6.240806
-6.852191
-6.580325
-6.832160
-6.626047
-6.903177
-7.547320
-7.232793
-8.274101
-8.551360
-8.244875
-8.054105
-8.964565
-8.909700
-8.802355
-8.902432
-9.574982
-9.099103
-9.294681
-9.897444
-9.462744
-9.801546
-9.396434
-10.312651
-9.974576
-10.339478
-10.143463
-9.840370
-9.504826
-9.938763
-10.397840
-10.180815
-9.863550
-9.784373
-9.702821
-9.824261
-9.271187
-9.387439
-10.034224
-9.041509
-9.516346
-9.204049
-9.542818
-8.782782
-8.649783
-9.032460
-8.212831
-8.296669
-8.479685
-8.429943
-7.664996
-7.731822
-7.114879
-7.352472
-7.214174
-6.668270
-7.002667
-6.401240
-6.212811
-6.159344
-5.635328
-5.296429
-4.764012
-4.538092
-4.387188
-4.737753
-3.704020
-3.468024
-3.308084
-3.235506
-2.901776
-2.737587
-1.842544
-2.202133
-1.309447
-1.359093
-1.093380
-0.250258
-0.614588
-0.459654
