-0.115317
0.481583
1.345171
1.267416
1.634297
1.915742
2.009233
2.390774
3.279722
3.292361
3.424503
3.188562
4.293296
4.097845
4.103636
5.315332
5.572832
5.063056
5.824766
5.775072
6.378613
6.345991
6.277607
6.861895
7.407803
7.696815
7.956005
7.329878
7.842798
7.611511
8.563996
8.382377
9.105149
8.510013
8.483288
9.236111
9.212481
9.669341
8.947632
9.087676
9.319110
9.611504
9.792109
9.369346
9.827666
9.614873
10.276168
9.798943
9.641507
9.840117
9.622700
9.963685
9.622488
9.523080
9.750092
9.921771
9.670266
10.047617
9.452360
9.636337
9.468281
9.047160
9.327002
8.811431
8.595798
9.119749
8.534403
8.140543
7.839591
8.022496
8.105221
7.978233
7.248158
6.951937
6.779475
6.698134
6.783892
6.513342
6.540705
6.090211
5.684558
4.912931
4.973484
5.094055
4.073057
4.171101
3.989928
3.747111
3.575738
2.667550
2.641505
2.923583
2.079599
1.969474
1.227043
1.451738
1.179173
0.834640
0.637411
-0.330336
-0.676023
-0.561890
-1.417126
-0.802126
-1.639926
-1.447109
-2.117139
-2.375349
-2.665984
-2.647781
-2.991389
-3.907154
-4.026747
-4.610008
-4.134955
-4.917444
-5.244037
-5.246636
-5.754541
-5.916430
-6.323439
-6.641368
-6.588785
-6.549291
-6.640367
-7.595679
-7.636328
-7.978394
-7.806170
-8.502587
-7.773181
-8.824128
-9.066856
-9.204160
-9.260756
-8.813157
-9.248269
-9.243172
-9.067509
-9.069063
-9.930957
-9.796085
-9.814861
-9.833729
-9.986929
-9.992266
-9.523373
-10.131734
-10.417522
-9.844775
-9.565201
-10.195134
-9.568710
-9.782375
-9.782250
-9.727315
-9.499864
-10.093932
-9.457495
-9.892864
-9.087112
-9.162732
-8.775259
-9.208020
-8.501751
-9.138527
-8.118229
-8.278747
-8.474186
-7.667952
-8.023035
-7.630922
-7.857205
-6.799302
-7.205170
-6.409765
-6.338636
-6.321968
-6.067813
-5.763563
-5.705113
-5.842310
-5.053683
-4.698858
-4.266361
-4.154216
-3.825184
-3.311764
-3.002128
-3.094813
-2.361808
-2.346220
-1.833257
-2.238441
-1.876792
-1.408144
-0.771855
-1.001878
-0.572332
-0.177215
