0.616759
0.416850
0.525479
1.305600
2.033103
1.963496
2.519385
1.988611
3.174743
2.687214
3.261761
3.834268
4.193717
3.984173
4.256577
4.397948
5.133116
5.050773
6.004214
6.229483
6.452457
6.376539
6.746319
6.879221
6.681300
7.462147
7.599224
7.530683
8.071605
8.209610
7.995086
8.206577
8.990565
8.388241
9.184013
8.549664
9.016352
9.236478
9.469252
9.796155
9.104792
9.925089
9.982027
10.263395
10.090810
9.531831
10.295967
10.112762
10.353525
9.963608
9.593845
9.883670
9.489783
9.615950
10.271316
9.521914
9.421701
9.576605
9.723220
9.728078
9.224456
9.751516
9.459853
9.222458
9.144258
8.967334
8.247008
8.098671
8.638084
8.135206
8.196603
7.943051
7.683102
7.000353
7.556248
6.363916
6.538618
6.563164
6.358505
5.742123
5.894774
4.972360
4.968676
4.493447
4.758493
4.573502
4.438634
3.679627
3.055841
2.829442
2.905361
2.653693
2.598377
2.151688
1.826924
1.743490
0.554987
0.311571
0.394074
-0.102004
0.096335
-1.106298
-0.516449
-1.672737
-1.948562
-2.011342
-1.784458
-2.866822
-2.380063
-3.258962
-2.930242
-3.319055
-4.333949
-4.246153
-4.718485
-4.431117
-4.603145
-5.015665
-5.393726
-5.642228
-6.413910
-6.637806
-6.483150
-6.606636
-6.987936
-6.995367
-7.275481
-7.243944
-7.755255
-8.528672
-8.543435
-8.075853
-8.923031
-8.450797
-9.108230
-9.074794
-8.964647
-9.391175
-9.639753
-9.344342
-9.240095
-9.591419
-10.029777
-9.524024
-10.270797
-9.654708
-9.640748
-10.158053
-9.721226
-9.748567
-10.419610
-9.733790
-9.526953
-10.256062
-10.009536
-9.782212
-9.445008
-9.364819
-9.710489
-9.172618
-9.003297
-9.790105
-9.044099
-9.413430
-9.322225
-9.076241
-9.001391
-8.739476
-8.209408
-8.206723
-7.557739
-7.615514
-7.158418
-7.119402
-7.118735
-7.251028
-7.090775
-6.568549
-5.821456
-6.097923
-5.568194
-4.858667
-5.420586
-5.315885
-4.435919
-3.826293
-3.713605
-4.169424
-3.771530
-3.484013
-2.841125
-2.248845
-1.970909
-1.718377
-1.512497
-1.081296
-0.688952
-0.667612
-0.475458
0.301116
