-0.136471
0.925555
0.686283
1.173022
1.798451
2.316374
1.821282
1.987652
2.508353
3.215551
2.954523
3.922526
3.841317
4.353200
4.567867
5.134542
5.064468
5.223066
5.847587
5.819607
6.335222
6.862903
6.315757
6.462226
6.857054
7.655567
7.705597
7.848760
7.961774
8.178154
8.577422
8.619494
8.992000
8.456864
9.380428
9.162462
9.129525
9.579556
9.339959
9.323092
9.383473
10.042313
9.780405
10.282847
10.241725
9.495285
9.833729
10.211534
10.421310
10.294334
9.845985
10.113165
9.554651
9.617835
10.258456
9.409253
9.924348
9.728622
9.837025
9.990328
9.439779
9.415870
8.680875
8.663334
8.804761
8.948810
8.308842
8.010454
8.324508
7.817137
8.027721
7.717245
7.473153
7.102998
6.796475
7.080016
6.212609
6.281887
5.735988
5.505197
5.734688
5.266801
5.091731
5.044124
5.028857
3.762309
4.449591
3.230721
3.720231
3.363779
2.304857
1.991026
2.275700
2.093611
1.792990
1.356180
0.792124
0.790105
0.748464
-0.337137
-0.600077
-0.270785
-0.853730
-1.511401
-1.465622
-2.082817
-2.673626
-2.444865
-2.785212
-3.089274
-3.204786
-3.324781
-4.138544
-3.873793
-4.430524
-4.421888
-4.991464
-5.735412
-5.818662
-6.207001
-5.764802
-5.928360
-6.194355
-7.232060
-7.536295
-7.226875
-7.032656
-8.004328
-7.445916
-7.608622
-8.184531
-8.575568
-8.280849
-8.350872
-9.091330
-9.325312
-9.293026
-9.004113
-9.294858
-9.910435
-9.709560
-9.979504
-9.558222
-9.989525
-9.814608
-9.512078
-10.409493
-10.279310
-10.382921
-9.842902
-10.140303
-10.081230
-9.778837
-9.421348
-10.277229
-9.421487
-9.859782
-9.287803
-9.637773
-9.975437
-9.238484
-9.299327
-9.582075
-8.640207
-8.674531
-8.910579
-8.247383
-8.747244
-8.743624
-8.589612
-8.000952
-8.023230
-7.840293
-7.557368
-7.162443
-6.355991
-6.827534
-6.331417
-5.996131
-6.247741
-5.272125
-5.220481
-4.875698
-4.936992
-4.644987
-3.910881
-3.631475
-4.074784
-2.913936
-2.886424
-3.052346
-2.473221
-2.439688
-2.342734
-1.430496
-1.727952
-0.994934
-0.245841
-0.291225
0.461679
