0.710292
0.325704
1.024185
1.317545
1.465896
2.086573
2.336494
2.542876
3.275438
2.974810
3.663360
3.517096
4.400204
4.729336
4.081163
4.491091
5.141928
5.216999
5.808624
5.690865
5.656614
6.833557
6.621139
7.338645
6.848877
7.726198
7.750970
7.748693
7.881426
8.585065
8.682146
8.700034
8.668047
9.255083
9.226563
8.956419
8.752591
9.330342
9.058037
9.904970
10.060530
9.278400
9.996273
9.668080
9.733973
10.346378
9.829593
10.265690
10.149725
10.057940
10.377327
10.008020
9.667149
10.009059
9.486016
9.956709
9.898845
9.753654
10.041458
9.589107
9.378510
9.148723
9.567575
9.094258
9.310218
9.223286
8.984483
8.209910
8.151292
8.576591
7.978732
7.353405
7.834039
7.663918
6.733326
6.698637
6.765771
6.743710
6.019712
5.735846
5.246749
5.706676
4.919126
4.726775
4.144721
4.210273
3.931608
3.215381
3.648907
2.705664
2.768740
2.178404
2.363645
2.244611
1.695954
1.189270
1.050879
0.441839
-0.022576
-0.443106
-0.386489
-1.032866
-1.012033
-1.062488
-2.054363
-1.908334
-2.327113
-2.419420
-2.352149
-3.401347
-3.656749
-3.535418
-3.528463
-4.149084
-4.443104
-5.215993
-4.858645
-5.331965
-6.044219
-6.355864
-5.992576
-6.071966
-6.675878
-7.020441
-7.001308
-7.070994
-7.114333
-7.928598
-8.308832
-8.550768
-8.296124
-8.425082
-8.632283
-8.666585
-9.228029
-9.523969
-9.587224
-8.944032
-8.924680
-9.720342
-9.523638
-9.624893
-9.937300
-9.642803
-10.271304
-9.492431
-10.210826
-10.169408
-10.283939
-9.728721
-10.417155
-10.331123
-9.655451
-10.280837
-9.447948
-9.397490
-9.335423
-9.753113
-9.399141
-9.124151
-9.269724
-9.544761
-9.252320
-9.049382
-9.308149
-8.293525
-8.645496
-8.812342
-8.639026
-8.391885
-8.190470
-7.207475
-7.130288
-7.669385
-6.984010
-6.549837
-7.010386
-6.559266
-6.124041
-6.087124
-5.177334
-5.549120
-4.923457
-4.790591
-4.266929
-4.531537
-3.763206
-4.017156
-3.089185
-3.405140
-3.146062
-2.539744
-2.115845
-2.070902
-1.687530
-1.400468
-0.505735
-0.183527
-0.445972
-0.251759
