0.021448
1.080802
1.115745
1.203768
1.527177
1.682341
2.486650
2.360393
2.581991
3.380090
2.917387
3.957745
3.662237
3.856396
4.675807
4.629796
5.140550
5.075644
5.600404
5.953615
5.719755
6.458875
6.773780
6.504166
7.552437
7.231101
7.595783
7.937373
8.009392
8.455572
8.494960
8.855951
8.939963
8.595541
8.595158
9.432664
9.100354
9.035609
9.174452
9.816953
9.811093
10.046056
9.952003
9.671707
10.366401
9.552079
10.067142
9.668612
10.105907
10.496303
10.196325
10.158230
10.205260
10.000907
9.481676
9.913385
9.855630
10.117062
9.763519
9.637473
9.500722
9.034035
9.584533
8.810691
9.407541
8.510091
8.170088
8.227582
7.911410
8.511299
8.186510
8.083007
7.217555
7.403054
7.235343
7.306076
6.810855
6.123610
6.533915
6.058096
5.800511
5.181716
5.396003
5.169007
5.032680
3.791780
3.809319
3.839400
3.548843
3.326754
3.220394
2.751063
1.911458
1.631289
1.440845
0.964263
0.660386
0.826948
0.560425
0.336371
-0.267790
-1.004772
-1.385938
-1.026304
-1.556441
-1.472069
-2.198600
-2.678974
-2.579983
-2.948491
-3.367005
-4.112456
-3.748139
-4.495524
-4.589228
-5.284527
-4.902503
-5.752424
-5.984711
-5.984720
-6.373120
-6.818993
-6.166610
-7.344398
-7.267921
-6.941418
-7.811252
-7.829683
-8.334752
-7.787390
-8.401710
-8.356293
-8.181770
-8.567914
-8.993734
-9.278260
-9.162372
-8.798698
-9.887963
-9.504421
-9.239892
-9.919290
-9.928881
-10.141072
-9.747772
-10.308744
-10.158290
-9.947598
-9.517498
-10.069085
-10.245280
-10.313511
-10.363505
-9.637496
-9.484984
-9.570434
-9.706355
-9.419923
-9.567248
-9.894320
-9.486530
-9.338768
-8.867120
-9.202069
-9.220075
-9.149980
-8.517028
-8.777335
-7.885393
-7.826769
-7.954167
-8.099218
-7.465571
-7.263510
-6.576213
-6.549070
-6.510423
-6.406637
-5.809896
-5.665846
-5.248558
-5.725591
-5.575361
-5.063312
-4.835888
-4.525103
-4.218830
-3.363415
-2.920455
-3.066288
-2.449033
-2.062306
-2.669396
-1.709671
-1.355637
-0.949691
-1.302539
-0.348201
-0.087073
-0.141339
