0.175042
0.190027
0.810391
1.015674
1.946649
1.469345
2.264542
2.271683
3.067297
3.553926
2.973179
3.486888
3.584860
4.038902
4.518049
4.812752
5.158169
5.446431
5.166063
5.956521
6.164886
6.453296
6.269015
6.886958
7.341545
6.853309
7.428313
7.950709
7.664205
7.694652
8.600781
8.118727
8.935686
8.517350
8.716126
9.317765
8.802848
9.149393
8.924622
9.330201
9.111859
9.345513
10.125658
9.970632
10.014728
9.915457
10.160530
9.828208
10.327373
9.999296
9.787786
9.667087
9.689286
9.964159
10.187694
10.047117
9.710685
9.264779
9.193572
9.958414
9.891575
9.497542
8.781001
9.373494
8.442055
8.631514
8.712328
8.478417
7.783196
8.114769
8.176607
7.924052
7.328020
6.859625
7.149962
6.517654
6.134603
6.835074
5.762206
5.408245
5.959872
5.665315
4.590982
5.290252
4.912475
4.317040
3.796987
3.780714
3.015849
2.957883
2.447467
2.360683
2.599890
2.063387
1.064604
1.527293
1.072523
0.374233
0.183872
0.381889
-0.118079
-0.474759
-0.967305
-0.921026
-1.773656
-1.747129
-1.710979
-2.069338
-2.867293
-2.674743
-3.305394
-3.512258
-3.852206
-4.416361
-4.251199
-4.775111
-5.097152
-5.515324
-5.484499
-6.047496
-5.734060
-6.643679
-6.621715
-6.353010
-7.486965
-7.423347
-7.868071
-7.600941
-8.066548
-8.123256
-8.074903
-7.964423
-9.027514
-8.625024
-8.750996
-8.587417
-9.145445
-9.118099
-9.807333
-9.477559
-9.166851
-9.441900
-9.284539
-10.313103
-9.775123
-10.268744
-9.897138
-10.318115
-10.358631
-10.098433
-9.791294
-9.880806
-10.428780
-10.263357
-9.444701
-10.161353
-9.959822
-9.553714
-9.220090
-9.931933
-9.553788
-9.724232
-9.106408
-9.059482
-8.412260
-8.864179
-8.942563
-8.600322
-8.732406
-8.583586
-7.603373
-7.952859
-7.920469
-7.188156
-6.723687
-6.430213
-7.060022
-6.673461
-6.044943
-6.048554
-5.688585
-5.002671
-4.988934
-5.132306
-4.540315
-4.585057
-3.722860
-3.247316
-3.461881
-2.976846
-2.681801
-2.908568
-2.347123
-1.701010
-1.417634
-1.183944
-1.028068
-0.778489
-0.375793
0.326572
