0.356924
0.426017
0.865055
0.980573
1.653955
2.349342
1.831900
2.712206
3.114498
3.142457
3.118715
3.682636
3.806519
4.336835
4.664890
4.838045
5.036251
5.478007
5.370073
5.913985
6.005016
6.860721
6.898637
7.239902
7.134754
6.873171
7.082534
7.722506
7.569839
8.076439
8.731783
8.211290
8.632420
8.649378
8.711272
9.140214
8.833129
9.407631
9.451528
9.610345
9.965696
9.562431
9.853108
9.389046
9.613641
9.498512
10.359317
9.864998
9.556592
9.673824
9.761259
10.200805
9.911407
9.524391
10.007125
10.229585
9.745840
9.325723
9.200001
9.331261
9.062141
9.243102
9.172602
8.660184
8.685822
8.503456
9.047516
8.908934
7.910027
7.657568
8.076727
8.021108
7.188639
7.576555
7.056657
6.822239
6.755034
6.198560
6.414300
5.915138
5.479179
5.478760
5.457709
4.404150
4.892870
4.549944
3.793137
3.216882
3.323215
3.303227
2.614778
2.627962
2.542998
1.996877
1.640786
1.104531
0.530374
0.316412
0.444507
0.044261
-0.807602
-1.091110
-0.949514
-1.132193
-1.638658
-2.038273
-1.793137
-2.017639
-2.409864
-3.501752
-3.202069
-3.959962
-4.155765
-3.769837
-5.038136
-5.077895
-4.609775
-5.571045
-5.124640
-6.047807
-6.589646
-6.382459
-6.924651
-6.414351
-7.461612
-7.720132
-7.671693
-7.549078
-7.841758
-8.554427
-8.554007
-8.104658
-8.261383
-8.699306
-9.081508
-9.026790
-9.219241
-9.159738
-9.466573
-9.403742
-9.960928
-9.555046
-10.114207
-9.866450
-10.366920
-10.074691
-9.783646
-10.293479
-10.446556
-10.262269
-10.377118
-9.592974
-10.048789
-9.531182
-10.310514
-9.490627
-9.547702
-9.574737
-9.144502
-9.619380
-9.676790
-9.107596
-9.030587
-9.362602
-9.389807
-9.126376
-8.914193
-8.216829
-8.250275
-8.063378
-8.161672
-7.588042
-7.521656
-6.888439
-7.532957
-7.042859
-6.144096
-6.292867
-6.152383
-5.534195
-5.283869
-4.971607
-4.858056
-5.049461
-4.125433
-4.017143
-3.568633
-4.032959
-2.888662
-2.901460
-2.595989
-2.128270
-2.007510
-1.686765
-1.376440
-1.438367
-0.621538
-0.317700
0.039238
0.264453
