0.124389
0.152410
0.483386
1.176867
1.871832
2.101930
2.036915
2.626578
2.412499
2.622760
3.613669
3.284676
3.954064
3.777907
4.300437
5.274222
4.897251
5.480117
5.224408
6.120574
6.567219
6.687032
6.987336
7.144840
7.211672
7.583197
7.530719
7.799484
8.351794
8.333519
8.067958
8.506477
8.503508
8.334591
8.857210
8.628827
9.604098
9.793256
9.852663
9.969971
9.129288
10.134539
9.515896
9.556949
9.383826
9.546991
9.647952
9.878118
9.647788
9.753334
9.928328
10.151980
9.663388
10.000497
10.028320
9.636180
10.145754
9.572463
9.144757
9.034219
9.257273
9.141691
8.925314
9.374283
8.817058
8.438258
8.578653
8.001104
8.648037
8.236515
7.461160
7.325549
7.003451
7.292009
6.709777
6.691290
6.546976
6.775652
6.052577
5.420369
5.933022
4.964558
4.915014
5.277789
4.452328
4.325165
3.805830
3.365129
2.954765
3.273980
2.656721
2.466808
2.239578
2.304663
1.592267
1.034390
1.115673
1.067373
0.638916
0.420327
0.113246
-0.182231
-0.954294
-1.683546
-1.836889
-1.488481
-2.587866
-2.837330
-2.495108
-3.205040
-3.293698
-3.876535
-4.162311
-4.431132
-4.885939
-5.181555
-5.402564
-5.416627
-5.662580
-5.570553
-5.729145
-5.930687
-7.030320
-7.054039
-6.845997
-7.104438
-7.702907
-7.414712
-7.806644
-7.692791
-8.062061
-8.546616
-8.403819
-8.655099
-8.993439
-9.027700
-9.670481
-9.193488
-9.198289
-9.492378
-10.056039
-10.129252
-10.070389
-9.417636
-9.701622
-9.475382
-9.676594
-9.940538
-9.518145
-9.819697
-9.566711
-10.395223
-10.418090
-9.562842
-10.305303
-9.698149
-9.335532
-9.312956
-9.335622
-9.603805
-9.014697
-9.775498
-9.431308
-8.881313
-8.713026
-8.429099
-8.723128
-8.646739
-7.841441
-7.592513
-8.323189
-7.381760
-7.560142
-6.877901
-7.249516
-7.062813
-6.654882
-6.361077
-6.563661
-6.067255
-5.132662
-5.381426
-4.593165
-5.256140
-4.903974
-4.282996
-3.928490
-3.620889
-3.695059
-2.762913
-2.470825
-2.056001
-2.435866
-1.677969
-1.802868
-1.260646
-0.708610
-0.845841
-0.304849
0.398165
