-0.141144
0.259312
0.693488
0.912493
1.435910
2.271563
1.793945
2.169314
3.019830
3.126653
2.960758
3.659411
4.390811
4.407367
4.925704
5.020759
5.244143
5.006729
6.093933
6.195376
6.082424
6.729064
6.975607
6.813019
7.041806
7.639973
7.073002
7.294337
8.213707
8.455815
8.485317
8.653750
8.951318
9.125947
8.569576
8.936279
8.980541
9.048221
9.086964
9.726667
9.238919
9.628071
9.981422
9.416957
9.641286
10.253627
9.519627
10.433354
10.047049
10.448330
10.205799
10.198155
9.723807
9.705097
9.972131
10.085481
10.039952
9.822851
9.872359
9.136400
9.416190
9.552806
9.352668
9.484216
9.011803
8.387323
8.484859
8.861535
7.946699
7.685900
7.746543
7.339843
7.015298
7.008301
6.927495
6.466870
7.055539
6.421829
6.498055
6.237822
5.502642
5.200485
4.963043
5.054813
4.146633
4.465227
4.093677
3.744068
2.917602
2.895072
2.459580
2.320713
1.953017
1.581444
1.766121
1.618413
1.324417
0.543247
-0.104507
-0.212996
-0.270261
-0.533399
-0.804260
-0.766147
-1.958679
-1.514948
-2.490979
-2.936299
-3.002866
-2.845668
-3.434703
-4.012485
-3.652299
-4.475807
-4.728300
-5.190463
-5.135073
-5.593204
-5.236652
-6.270455
-6.415429
-6.700949
-6.681193
-7.136962
-6.829039
-7.556267
-7.265571
-7.591948
-7.701871
-8.230098
-8.202352
-7.972972
-8.528440
-8.536133
-8.563480
-9.121365
-9.451733
-9.276524
-9.454438
-9.204814
-9.650803
-9.476905
-9.816936
-10.018408
-9.695276
-9.577724
-9.608946
-10.351072
-10.247354
-10.080936
-9.763504
-10.126055
-10.308891
-9.723023
-9.632361
-10.120226
-9.501500
-9.857133
-10.018577
-9.666994
-9.786601
-9.626148
-9.099288
-8.948075
-8.596560
-9.023089
-9.002269
-8.304349
-8.491165
-7.598944
-7.527027
-7.648107
-7.835462
-7.661757
-6.650735
-6.894591
-7.033131
-5.908474
-5.647437
-5.920364
-6.097923
-4.862686
-4.710615
-4.994681
-4.250967
-4.043034
-3.487966
-3.903526
-3.506562
-3.302911
-2.816425
-2.573989
-2.390028
-2.292107
-1.145372
-1.482086
-1.149828
-0.787572
-0.800568
0.092218
