0.578113
0.706937
0.847311
0.782204
1.322767
2.169480
2.628275
2.482884
3.042304
2.700678
3.624592
4.176114
3.878088
3.956195
4.145603
5.063339
4.751478
5.479312
6.071233
6.023465
5.839120
5.877096
6.231679
6.591092
7.412966
6.948354
7.908928
8.201423
8.012413
8.170522
8.094591
8.007906
8.767254
9.206191
8.917502
9.447679
9.302968
8.967672
9.003411
9.063227
9.838090
9.563297
9.316298
10.262285
10.376171
10.165975
9.459520
10.043601
9.906519
9.942226
9.570142
9.544467
9.842182
9.959190
10.140881
9.499914
9.343457
9.434647
9.520493
9.919886
9.259899
9.575652
8.734542
9.426878
8.863122
8.783768
8.322979
8.310992
8.425772
7.847593
7.546901
7.757860
7.882610
6.945518
7.504565
7.106130
6.481181
6.129899
6.341184
5.697640
5.370120
5.808739
4.819219
4.530443
4.701125
4.687505
4.071124
3.307763
3.377957
2.615424
2.719220
2.768680
1.832099
2.092390
1.322623
1.469681
0.783948
0.605251
0.479977
0.187618
-0.684970
-0.308236
-1.111476
-0.993027
-1.981835
-2.109630
-2.083205
-2.063979
-2.632586
-2.996804
-3.143677
-3.493200
-4.056072
-4.677114
-4.062229
-4.402414
-4.612336
-4.997505
-5.547862
-5.973661
-5.909765
-6.177044
-6.616310
-7.207595
-6.638417
-7.058142
-7.440086
-7.647159
-8.281944
-7.851887
-8.360071
-8.007120
-8.830763
-8.303328
-9.076097
-9.094041
-9.335541
-9.170306
-9.758579
-9.406308
-9.562653
-10.156864
-9.665744
-10.123025
-9.729319
-9.601667
-9.620938
-9.730481
-10.403583
-10.253981
-10.407083
-9.666335
-9.623882
-9.472923
-9.451998
-9.579961
-9.744289
-9.860106
-9.434029
-9.948971
-9.065060
-8.866597
-9.141740
-8.916654
-9.033769
-8.890592
-8.347188
-8.242444
-8.292517
-7.767339
-8.308477
-7.369391
-7.943876
-7.023698
-6.627824
-6.886750
-6.131603
-6.245269
-5.814299
-6.220293
-5.778990
-5.802303
-5.501402
-4.441845
-4.643526
-4.501124
-4.157383
-3.207661
-3.263653
-3.094607
-2.809817
-2.044919
-2.463918
-2.105812
-1.441870
-1.270654
-0.972004
-0.338677
0.023377
-0.134033
