0.683074
1.100487
0.601800
1.034102
1.882533
1.989503
2.679014
2.871326
3.106026
3.266719
2.980280
4.051337
3.601932
3.895430
4.870624
5.306652
5.141526
5.695582
5.823924
5.673597
5.798920
5.929986
6.273284
6.999159
7.180283
6.980887
7.868344
7.228311
8.247600
8.512861
7.817352
8.284787
8.133964
8.969891
9.143218
9.478149
9.384326
9.542572
9.622026
9.631867
9.870550
9.253010
9.616760
9.778625
9.440611
9.947553
9.706972
9.642587
10.416458
10.407522
10.092841
9.744718
10.444157
10.203500
10.214573
9.814042
10.079484
10.132186
9.563256
9.110286
8.980206
9.314742
9.561298
8.889706
9.233357
8.650712
8.289660
8.213395
8.323840
8.113519
7.468996
8.121118
7.529790
7.318929
7.208009
7.273934
6.264447
6.369743
5.781422
5.982017
5.629778
5.844060
4.704331
4.341612
4.568815
4.707887
3.567782
4.108467
3.501747
3.554072
3.041673
1.987454
1.958334
1.757175
1.262497
1.579434
0.940578
0.440356
-0.136440
-0.462607
-0.146825
-0.535547
-0.517178
-0.903737
-2.033645
-1.667888
-1.957566
-2.192940
-3.109868
-3.356374
-3.110130
-3.366644
-4.103366
-4.751022
-4.316204
-4.960110
-4.701150
-5.441480
-6.111750
-5.603736
-5.632357
-6.732666
-6.360915
-6.841512
-7.265088
-6.813130
-7.160619
-8.151864
-7.511545
-8.571965
-8.352666
-8.601344
-8.349319
-9.157724
-8.593425
-8.570123
-9.253751
-8.990519
-9.721608
-9.026833
-9.303620
-9.718053
-9.514820
-9.519415
-9.839410
-9.509923
-9.520694
-10.051706
-10.225846
-9.986610
-9.968619
-10.137372
-9.805203
-9.745103
-10.028938
-9.780494
-9.324529
-9.751472
-9.671234
-9.840042
-9.899050
-8.819727
-9.228418
-9.314422
-8.591194
-9.039339
-8.899652
-8.850222
-8.341980
-8.191483
-7.410621
-7.515703
-7.393736
-7.659693
-7.433868
-6.566251
-6.809233
-6.142067
-6.089082
-5.655679
-5.340822
-5.134247
-4.899753
-4.379399
-4.757754
-4.293025
-4.117396
-3.573206
-3.468364
-3.135784
-2.820104
-2.022286
-2.461181
-2.067355
-1.323881
-1.005070
-1.274793
-1.006189
-0.662358
0.073126
