0.492735
0.963071
1.210019
1.437722
2.018178
1.859660
1.692452
2.355939
3.050914
3.532541
3.388297
4.136888
4.295251
4.678820
4.318355
4.695730
5.050682
5.429764
5.486493
5.482023
5.766999
6.023877
6.275013
7.232339
7.294313
7.117616
7.677710
7.377354
7.917006
7.707412
7.882628
8.479485
8.765588
8.696817
8.932651
8.730009
8.684740
9.443990
9.293827
9.470932
9.125853
9.693697
9.607665
9.524316
9.823201
9.798874
9.843437
9.967316
9.748739
9.748937
9.811627
10.341290
10.167993
9.473417
10.025160
10.119383
9.785640
9.283522
9.416153
9.279856
9.793280
9.314217
9.485699
8.726849
8.829116
8.685399
8.357030
8.373700
7.877279
7.619013
7.635775
7.210689
7.530339
7.480045
7.346496
6.985614
6.795429
6.128933
5.828055
5.438606
5.167424
5.488446
4.761989
5.139611
4.690975
3.774995
3.848682
3.789979
3.885957
2.890431
2.588802
2.971536
2.355638
1.655225
1.767910
1.622307
1.140455
0.929131
-0.144950
0.172970
-0.223107
-1.117621
-0.689445
-0.957440
-1.216190
-1.697298
-2.566635
-2.291320
-3.190415
-2.645501
-3.113929
-3.445273
-3.888313
-3.808531
-4.227667
-5.300362
-5.036671
-5.416503
-5.699886
-5.864910
-6.391719
-6.615822
-6.187714
-7.062597
-7.105334
-7.142628
-7.613820
-8.059326
-7.823339
-8.045566
-7.939306
-8.363236
-9.052741
-8.304925
-8.495134
-9.460380
-8.806976
-9.304508
-9.364126
-9.370631
-9.662156
-9.849795
-10.029342
-9.862036
-9.764941
-10.349558
-10.111142
-9.964126
-10.012579
-9.596627
-10.302391
-10.358897
-9.793391
-9.681410
-9.409581
-10.313649
-9.462963
-9.196997
-9.233371
-9.516146
-9.164264
-9.062258
-8.679768
-8.977436
-8.803772
-8.773207
-8.428263
-8.797222
-8.320879
-8.335508
-7.553253
-7.768813
-7.960598
-6.841191
-6.785705
-6.928447
-6.121958
-6.422013
-6.118496
-6.351830
-5.702763
-5.600070
-4.900049
-4.384728
-4.600734
-4.040451
-4.092915
-3.937046
-3.513352
-2.962667
-2.575067
-2.741703
-2.557218
-1.731594
-1.899743
-1.736662
-1.119770
-0.694385
-0.119004
-0.381517
