0.084571
1.021920
0.995943
1.324129
1.752896
1.824299
2.423228
2.442678
2.991520
3.319981
3.629914
3.409958
3.534099
4.600396
4.881657
5.198498
5.041000
5.795392
5.530146
5.819152
5.857933
6.356395
6.701362
6.567229
7.283638
7.011024
7.070331
7.645596
8.200409
7.616354
8.613676
8.579281
8.938789
9.028552
8.452983
8.651351
9.058700
9.678241
9.351294
9.208387
9.634687
10.088734
9.772531
9.974564
9.663503
9.683249
9.954958
10.402407
9.732336
10.131805
9.902000
10.326226
10.178422
10.291029
10.271019
9.899616
9.854780
9.332525
9.117860
9.107760
9.339825
8.872408
8.950915
9.455683
8.976356
8.448006
9.053893
8.912750
7.808337
8.198805
7.867519
7.806995
7.557557
7.135417
7.533024
6.905211
6.190161
6.409674
5.983503
6.203647
5.775742
4.923577
4.877642
4.723864
4.403672
4.597420
4.396769
3.777214
2.962026
3.538543
3.132322
2.235281
2.070268
2.099786
1.549358
0.810057
0.472852
0.193982
0.669630
0.057754
-0.785288
-0.831234
-1.354762
-1.335241
-1.378106
-2.361828
-2.083249
-2.202073
-2.458555
-2.739924
-3.800321
-3.413284
-4.318098
-4.059226
-4.236703
-4.754309
-5.340845
-5.163452
-5.341543
-5.839790
-6.026101
-5.896099
-6.411673
-7.166641
-7.481906
-7.268428
-7.206385
-7.578649
-7.481044
-8.258173
-7.821213
-8.415995
-8.235144
-8.687123
-8.565712
-9.050058
-9.388295
-9.188091
-8.954186
-9.867689
-9.444382
-9.430506
-9.902068
-9.850576
-9.842712
-9.461408
-9.890493
-9.493989
-10.388171
-10.165530
-10.350320
-9.855671
-9.824790
-9.770460
-9.722501
-10.186381
-10.029244
-9.442889
-9.698803
-9.611051
-9.019165
-9.461208
-9.593654
-8.569420
-8.882144
-9.254364
-8.283631
-8.408801
-8.694359
-8.317143
-8.036752
-8.140566
-7.938319
-7.719152
-7.374058
-6.933948
-6.293750
-6.426209
-6.040242
-5.583415
-5.512950
-4.941883
-5.478058
-4.996949
-4.047832
-3.839265
-3.490936
-3.947902
-3.271108
-3.537810
-2.462736
-2.976419
-1.884409
-1.823833
-1.207436
-1.234113
-1.290221
-0.182108
-0.694141
0.374680
