0.024094
1.062691
1.132805
1.197974
1.146690
2.238028
2.233446
2.954702
2.830067
3.249471
3.848353
3.183319
3.885674
4.198210
4.594628
4.428202
4.806544
5.555113
5.645261
5.951822
6.393556
6.797017
6.869889
7.167840
6.852881
6.883686
7.025229
7.541028
8.353816
8.463097
8.190877
8.471765
8.137276
8.418964
8.483283
9.371656
9.391712
9.776400
9.306342
9.613709
9.125945
9.757257
10.101155
9.888852
10.257058
9.528546
9.537207
10.084767
9.908614
10.253560
9.523039
9.992913
10.020566
9.997265
9.883143
10.241264
9.756217
9.654508
9.114400
9.754217
9.588373
9.637495
8.749150
9.005193
8.463009
8.325921
8.488948
8.839969
8.536340
7.603224
7.879388
7.511138
7.806152
7.634101
7.069352
7.261703
6.953087
6.137201
6.400997
5.413984
5.245816
5.568583
5.035396
4.618894
4.930205
3.774984
4.388146
3.205526
3.360067
3.055504
2.625802
2.531777
2.019521
1.406951
1.723694
1.147389
0.628585
1.095099
0.342807
-0.060103
-0.397619
-0.713569
-1.420905
-0.988909
-1.388069
-2.260722
-2.145762
-2.951350
-2.677030
-3.033152
-3.817646
-3.271861
-3.965689
-4.158569
-4.288007
-5.018602
-5.428066
-4.888181
-5.152178
-6.011197
-6.138969
-6.047524
-6.231116
-6.482370
-6.788465
-7.421449
-7.475089
-7.746286
-7.899977
-8.176054
-8.113956
-8.134771
-8.820399
-8.495498
-8.602863
-9.007114
-9.299625
-9.608503
-9.062039
-9.108384
-9.268115
-9.448914
-10.078171
-9.857436
-9.858807
-9.995857
-10.192377
-10.145454
-10.344978
-9.604633
-10.249013
-10.004331
-10.346239
-9.491470
-9.480679
-9.969457
-9.467882
-9.224727
-9.295311
-9.878364
-9.295929
-8.974565
-9.116574
-9.458465
-8.866686
-8.311341
-8.864352
-8.862676
-8.310945
-7.943806
-7.442620
-8.148746
-7.900085
-7.224694
-6.791376
-6.860294
-6.511814
-6.501644
-5.660453
-6.318872
-5.590234
-5.771232
-5.181383
-5.113462
-4.804313
-4.576535
-4.123580
-3.601648
-3.168366
-3.130827
-2.479779
-2.714946
-2.269907
-2.049015
-1.705612
-1.372805
-0.988612
-0.427936
-0.481365
0.389975
