0.592501
0.768127
1.158754
1.389406
2.000393
1.797205
1.783439
2.912243
2.625593
3.197860
3.641454
3.862809
4.407874
3.898447
4.809454
5.038806
4.817064
5.559227
5.599334
5.740186
5.672143
6.684741
6.912280
6.600348
6.961392
7.135184
7.494031
7.259168
7.764502
8.580862
8.450181
8.643436
8.524919
9.106649
9.147166
9.224158
9.658445
9.568854
8.935476
9.796422
9.848033
9.917381
9.274541
9.408081
10.277172
10.356642
10.453575
9.987009
9.987076
9.720196
10.422375
9.888860
10.180233
10.291272
10.035788
9.933782
9.369756
10.076493
9.263427
9.361504
9.135187
9.503925
8.833531
8.728763
9.125435
8.288367
8.658014
8.518588
8.635821
8.478554
7.731599
8.043929
7.185730
7.487569
6.708466
6.849747
6.237062
6.768643
5.799240
5.562323
5.126625
5.284155
4.697102
4.394980
4.806024
4.591658
3.579109
3.422515
3.830908
2.676969
2.803714
2.010433
2.169865
1.376704
1.858486
1.088845
0.726841
0.547267
0.280360
-0.412709
-0.512117
-1.012188
-0.456160
-1.036744
-1.906568
-1.871761
-2.280090
-2.011912
-2.817599
-2.789962
-3.533628
-3.805767
-4.083441
-4.141295
-4.677698
-4.675505
-4.673150
-5.287979
-5.490176
-5.478894
-6.184274
-6.502237
-6.226512
-7.180171
-7.475702
-6.969476
-7.952204
-7.942971
-8.217402
-8.157767
-8.494422
-8.327912
-8.456471
-9.104828
-9.188773
-8.638321
-8.749126
-9.613324
-9.789163
-9.655484
-9.850300
-9.554730
-9.640309
-9.731136
-9.460297
-9.968435
-9.846683
-10.287155
-9.649707
-9.950216
-9.673823
-10.175810
-10.250320
-10.206806
-10.085261
-9.355241
-9.756979
-9.200712
-9.465570
-9.021689
-9.846973
-9.637258
-8.713041
-8.732304
-8.999755
-8.787903
-8.524257
-8.347641
-8.694580
-8.172845
-7.510259
-7.287050
-7.111179
-7.287828
-7.345358
-6.605855
-6.542714
-6.664650
-5.801915
-5.671166
-6.020477
-5.030916
-5.425616
-4.325522
-4.573824
-4.405649
-3.813393
-3.688871
-3.015855
-2.768636
-2.310514
-2.835915
-2.102470
-1.407698
-1.741843
-1.413008
-1.245893
-0.988988
-0.579582
0.217612
