0.541679
1.016418
1.387972
1.488709
1.072204
1.517563
1.990822
2.059484
3.164069
2.716837
3.169216
3.629019
4.122072
3.899802
4.666238
4.899088
5.280153
5.550461
5.240063
6.247928
6.053609
6.793400
6.284051
6.984763
7.227798
7.719497
7.274799
7.707745
8.319299
8.418700
8.239515
8.271167
8.690157
8.764761
9.355934
8.808265
9.448372
9.531485
9.885077
9.574490
9.401712
9.769419
9.473857
10.148369
9.666362
9.746838
9.521597
9.553938
10.391287
10.250900
9.714407
9.483263
9.641538
10.272105
9.394998
10.306001
9.850061
9.646645
9.357945
9.321713
9.437911
9.269667
9.094783
9.099770
9.266587
9.214981
8.339744
8.835682
8.686371
8.553304
7.917420
7.757860
7.010543
7.083270
7.014654
7.046563
6.475854
6.111890
6.305874
5.671323
5.585076
5.840010
4.778385
4.713407
4.800758
4.555738
3.853737
4.129010
3.240377
3.278629
2.746030
2.835872
1.923683
1.883565
1.507897
0.755130
1.365730
0.920125
0.658715
0.180423
-0.133933
-0.946369
-0.778266
-1.279302
-1.869689
-1.745081
-1.719859
-2.230856
-3.225533
-2.835064
-3.252961
-3.578635
-3.967881
-4.285389
-4.162141
-4.549943
-4.784097
-5.096340
-5.273382
-5.887915
-5.789309
-6.602262
-6.718006
-6.390169
-7.095439
-7.357958
-7.416684
-7.479408
-7.990057
-7.823195
-7.978698
-8.116640
-9.084966
-8.503592
-8.421271
-8.929634
-9.616961
-9.759112
-9.791629
-9.802296
-9.357377
-9.362051
-9.388041
-10.236815
-9.980517
-9.740221
-9.734609
-10.441000
-9.703266
-10.372962
-9.820185
-9.999608
-10.147906
-9.429065
-10.056186
-9.334412
-9.282906
-9.499722
-10.049018
-9.963244
-9.023714
-9.718223
-9.587406
-9.098301
-8.501968
-9.019128
-8.251586
-8.120881
-8.596650
-8.141389
-7.748783
-8.133009
-7.360349
-7.339091
-7.065141
-6.959568
-6.345826
-6.265750
-5.908498
-5.970070
-5.829633
-5.626665
-5.252672
-4.496843
-4.163125
-4.020273
-3.679484
-4.000586
-3.787451
-3.308199
-2.891037
-2.573336
-1.793704
-1.777478
-1.760008
-0.777713
-0.591047
-0.712838
-0.467444
0.116676
