-0.026453
0.340771
0.569592
1.586405
1.420695
1.829462
1.707715
2.038689
3.256940
2.851279
3.480603
3.666851
3.517341
4.205407
4.291309
4.356737
5.194461
4.867761
5.755298
6.016197
6.081706
6.826550
6.592362
6.504447
7.339836
7.310759
7.271437
7.767333
8.012063
8.291290
8.574955
8.035558
9.078264
9.012585
9.153084
8.955902
9.669070
9.521103
9.852341
9.061239
9.111313
9.892931
9.331715
10.121890
10.322319
9.575045
10.255453
10.376488
10.443443
10.479605
9.979272
10.051474
9.501033
9.762711
9.768486
9.641448
9.919244
9.567449
9.795363
9.072438
9.537346
9.117432
8.948892
9.309471
8.675436
8.607064
8.816164
7.971737
8.175361
7.645526
7.767887
7.475804
7.104894
7.434200
6.980102
6.665406
6.729410
6.233269
6.409720
5.955018
6.079168
5.505404
5.380030
5.190545
4.952432
4.376014
3.579380
3.612283
2.982291
3.484999
2.618009
2.025870
2.064553
2.300156
1.390957
1.119395
0.826666
0.402585
0.658535
-0.245741
0.097057
-1.097123
-0.958923
-0.925400
-1.510432
-1.934747
-2.639426
-2.488633
-2.784475
-3.468562
-3.320623
-3.970733
-4.247582
-4.059339
-4.283204
-4.624200
-4.897538
-5.329650
-5.326783
-5.917953
-6.477794
-6.223800
-6.314418
-6.761107
-6.637262
-7.125528
-7.615060
-7.633500
-8.218224
-8.162675
-8.577201
-8.436829
-8.513182
-8.356132
-9.311945
-8.661902
-9.524543
-9.384002
-9.783504
-9.634310
-9.744001
-10.179197
-9.761934
-9.569326
-9.479212
-10.200458
-10.318699
-10.337332
-10.360841
-10.234329
-10.445182
-9.843458
-9.766246
-10.061958
-9.820946
-9.515455
-9.506619
-9.396165
-10.084939
-9.675576
-9.508915
-9.517307
-9.530678
-8.879706
-9.296951
-9.078472
-8.682794
-8.405906
-8.058238
-8.417456
-8.354855
-7.480423
-7.937815
-7.625027
-6.975233
-7.308324
-6.562711
-5.963767
-6.445777
-6.244373
-5.470086
-4.933754
-4.743420
-5.104105
-4.687731
-3.966973
-4.109838
-3.317887
-3.206635
-2.831683
-2.544729
-2.503041
-1.913625
-2.192449
-1.261274
-1.252861
-1.197109
-0.982415
0.116305
-0.385992
