0.089192
0.350968
0.617046
1.410324
1.393567
1.741493
2.031246
2.567971
3.238961
3.296540
3.218484
3.923402
3.530312
4.226088
4.591029
4.992311
5.081436
5.539911
5.329714
5.946825
6.027961
6.113549
6.285208
7.004985
7.138277
6.974334
7.073399
7.577789
8.374266
8.485160
7.875216
8.854010
8.694383
9.105467
8.708333
9.327777
9.597709
9.316176
9.703796
9.666328
9.604791
9.517332
9.507764
10.088606
9.730281
9.680398
9.832310
9.634159
10.348499
10.016861
9.647431
9.713357
9.474380
10.220852
10.043465
9.868570
9.870193
9.477676
9.555538
9.514165
9.429232
9.059760
9.235135
8.743240
9.085942
8.797939
8.839104
8.873333
7.867173
7.754706
8.158152
7.487451
7.530068
7.037298
6.573168
7.201307
6.326229
6.314887
6.427966
5.407368
5.230798
4.974712
4.627036
5.070217
4.441312
3.955970
3.643706
3.832566
3.417357
3.293854
3.198208
2.153242
2.335427
1.605464
1.964120
1.409792
0.544590
1.054688
-0.175706
-0.113649
-0.170951
-0.913956
-1.184956
-1.086766
-1.594689
-1.782878
-2.011418
-2.230347
-2.322717
-2.742266
-3.531248
-4.140809
-3.544788
-4.473755
-4.914557
-5.183531
-4.955768
-5.231720
-5.457688
-5.862514
-6.486468
-6.776813
-6.731556
-6.916033
-6.708798
-7.688225
-7.951925
-7.305507
-7.437901
-8.473979
-7.948059
-8.852945
-8.335865
-9.078832
-8.909546
-9.444548
-9.631527
-9.436167
-9.193683
-9.796188
-10.073111
-10.058810
-9.693973
-9.784359
-10.257174
-9.511378
-9.933085
-9.954547
-10.354598
-10.176239
-10.400337
-10.463870
-10.279553
-10.345627
-9.865730
-9.543739
-9.627224
-9.561983
-9.650805
-9.692933
-9.374869
-9.167779
-9.327654
-9.352135
-8.561415
-8.627736
-8.317353
-8.203336
-8.209826
-7.884230
-7.542042
-8.025306
-7.836683
-7.309351
-7.444292
-7.028453
-6.371231
-6.795465
-6.303960
-5.622300
-5.488353
-5.590657
-5.387079
-4.641481
-4.520536
-3.764749
-4.215598
-4.172386
-3.184505
-3.288316
-2.332301
-2.271771
-1.936868
-1.482445
-1.122802
-0.989595
-0.913359
-0.476106
-0.193186
0.282160
