0.655743
0.489266
0.580084
1.573409
1.639606
2.253598
1.865376
2.415226
2.521993
2.715190
3.826651
3.761697
3.943164
4.300306
4.408210
4.525989
5.018174
5.156631
5.663617
6.206038
6.082929
6.500426
6.540907
6.784908
7.222448
7.617711
7.752729
7.477585
7.642458
7.883229
7.810958
8.245920
8.294098
8.514682
8.613257
9.243818
8.813837
9.688401
9.389021
9.080903
9.878061
9.745337
10.030068
10.269072
9.790868
9.479758
9.516263
9.803664
9.516500
10.313272
10.099145
9.762994
9.887747
9.981792
9.525122
9.680592
9.538438
9.771713
9.154338
9.803651
9.691648
9.751561
9.266666
8.954685
8.513258
8.288493
8.894471
8.353973
8.424512
7.624381
7.412053
8.016972
7.628240
7.281678
6.894442
6.595410
7.068149
6.175314
6.380784
6.177235
5.724614
5.215343
4.964206
5.228332
4.829936
4.063013
4.078311
3.895228
3.564935
3.116826
2.630753
2.156607
2.530804
1.665195
1.389331
1.718492
1.151549
0.410559
0.022295
-0.022371
-0.091517
-0.566967
-0.492372
-1.317553
-1.374821
-1.407129
-2.036601
-2.261373
-2.903457
-3.529705
-3.397288
-4.132231
-3.890071
-4.411817
-4.654514
-4.913095
-4.873358
-4.913788
-6.055123
-5.757851
-5.730176
-6.743569
-6.368017
-6.584499
-7.011792
-7.767239
-7.123645
-8.041544
-7.762523
-7.967202
-8.338810
-8.280360
-8.809966
-8.677675
-8.893874
-9.296158
-8.858123
-8.970200
-9.543089
-9.592628
-9.989430
-9.643451
-10.073129
-9.869860
-10.308259
-9.621784
-9.751636
-9.494165
-9.751409
-10.497659
-10.148311
-10.093388
-9.510245
-10.250923
-10.151492
-10.202549
-9.871256
-9.264726
-9.948960
-9.493303
-9.242059
-9.632116
-9.200488
-8.663562
-8.526338
-9.001607
-8.923595
-8.061466
-7.877881
-8.281595
-8.165899
-7.583117
-7.158010
-7.151668
-7.172251
-6.668152
-6.154606
-6.784099
-6.445590
-6.203644
-5.218684
-5.134632
-4.717662
-4.830170
-4.882013
-4.406129
-4.433024
-4.144445
-3.134536
-3.259723
-3.072048
-2.782390
-2.411512
-1.895896
-1.674778
-1.338793
-1.142212
-0.613323
-0.317132
-0.394564
