-0.100480
0.470821
0.914728
0.821320
1.387546
1.490504
2.404870
2.924234
2.508893
3.377782
3.083642
3.506033
3.826966
4.104311
4.343103
4.437941
4.868029
5.716665
5.514605
6.252917
6.251157
6.453768
6.623947
7.190025
6.658404
7.556789
7.544443
7.407659
8.337558
7.968763
8.190413
8.117912
8.959153
9.034806
8.550034
9.373547
9.337507
9.055652
9.295736
9.579909
9.350484
9.321917
9.347832
9.655546
9.892730
9.624536
9.960964
9.798105
9.497989
10.367801
10.460337
9.693971
9.681375
9.538200
9.509056
10.140736
9.614059
9.244812
9.442518
9.162725
8.952467
8.938781
9.300004
9.198763
8.511461
8.778326
8.780164
8.096145
8.615557
7.601775
7.434148
7.699506
7.162551
6.911240
6.991319
7.266589
6.298914
6.455671
6.601915
5.834992
5.996047
5.646753
5.501590
4.501841
4.742890
4.617963
3.909327
3.847577
3.774821
3.406141
3.150427
2.192225
2.473961
2.149642
1.925761
1.662946
0.449745
0.938836
0.484708
-0.412996
-0.223586
-0.979040
-0.529336
-1.259492
-1.958469
-1.825068
-2.348100
-2.723848
-2.802506
-3.316725
-3.709339
-3.489550
-4.219396
-3.995761
-4.234281
-5.157471
-5.164614
-5.770914
-5.778345
-6.320270
-6.538626
-6.169781
-6.744716
-7.232904
-7.506232
-6.992181
-7.502467
-8.135326
-7.855115
-7.687480
-8.375089
-8.867989
-8.947771
-9.034782
-9.062903
-9.102826
-9.001082
-9.062174
-9.000474
-9.547612
-9.253239
-9.673285
-9.533072
-9.339988
-10.111263
-9.595731
-9.771452
-10.009035
-10.173457
-9.815157
-9.726181
-9.517002
-10.181869
-9.907743
-9.853050
-10.210499
-10.102134
-9.186376
-9.306850
-9.462033
-8.998608
-8.851829
-8.843309
-9.029561
-9.378649
-8.756461
-8.456427
-8.220857
-8.681784
-8.157238
-8.028963
-7.383813
-7.404401
-6.885654
-7.394083
-7.067708
-6.861330
-6.137567
-6.328908
-5.925033
-5.925447
-5.418002
-5.134603
-4.716758
-4.924352
-4.128012
-4.172952
-3.344233
-3.722823
-3.481461
-3.044306
-2.529694
-2.096489
-1.739290
-1.668238
-1.679563
-0.579100
-0.315342
-0.747146
0.060148
