0.473089
0.967925
1.172527
1.615709
2.044876
2.123424
2.161159
2.308338
2.614047
3.263995
3.789422
3.785999
4.205733
3.933632
4.905552
4.411185
5.442760
5.038818
6.004261
5.641321
5.851299
6.174290
6.115873
6.401672
7.402760
7.233867
7.430024
7.366327
8.026575
7.724079
8.729732
8.714804
9.005092
8.442034
9.347352
9.446162
9.126175
9.334552
9.238062
9.759362
9.966160
10.052850
9.525964
9.969141
9.847391
10.122895
9.910236
10.037136
10.364675
9.726519
9.657529
9.962924
10.005585
9.877515
9.486339
10.045230
9.747735
9.754880
9.466245
9.767621
9.278396
9.184846
8.920859
9.342986
8.866469
8.940102
8.391084
8.292547
8.252837
8.046119
7.701250
8.120250
7.504435
6.843328
6.755568
6.826850
6.133041
6.808353
5.771135
5.636373
5.815851
5.281872
4.804975
4.416770
4.921092
4.149932
3.932497
3.967907
3.741146
3.268098
2.932185
2.265971
2.074073
1.414452
1.069589
1.321955
0.695071
0.425227
0.314715
0.025088
-0.238800
-0.693702
-1.246870
-0.780180
-1.361558
-2.082873
-1.824233
-2.646272
-3.072291
-2.773984
-3.771864
-3.313093
-3.674579
-4.020910
-4.754304
-4.320722
-4.926898
-5.190905
-5.347601
-5.467705
-6.403928
-6.805374
-7.099898
-6.998753
-6.677681
-6.924251
-7.630138
-7.261144
-7.885801
-7.867053
-8.690163
-8.335345
-8.654609
-8.514520
-8.803637
-9.337827
-9.052468
-9.197733
-8.915522
-9.517156
-9.184693
-9.525053
-9.832010
-9.999078
-10.275849
-9.795722
-9.506293
-9.738564
-10.353407
-9.609727
-10.120517
-9.802127
-9.699605
-10.252401
-10.213148
-9.690763
-9.854638
-9.879607
-9.341335
-9.891786
-9.172925
-8.826324
-9.363466
-8.737727
-8.604411
-8.703934
-8.181465
-8.059504
-8.380038
-8.139165
-8.221045
-8.089160
-7.213296
-6.844793
-6.700312
-7.230436
-6.641909
-6.642335
-6.567698
-6.042721
-5.368779
-5.822933
-4.858658
-5.180266
-4.389102
-4.396568
-3.935522
-3.347860
-3.834623
-2.943586
-3.038423
-2.623761
-2.670852
-2.020738
-1.680626
-1.308080
-0.503497
-0.670153
0.038256
0.241413
