-0.067402
0.441277
0.688366
1.317246
1.792310
2.110654
1.873148
2.272147
2.300891
2.951661
3.643748
3.467925
4.089830
4.696866
4.855610
4.663925
4.888899
5.344806
5.322338
5.761741
5.987921
6.656956
7.067270
6.758776
6.862632
7.307608
7.461950
7.850481
7.928558
8.018916
8.018233
8.192743
8.901023
8.915188
8.932456
9.409389
8.946827
9.785073
9.422765
9.378939
10.010388
9.362104
9.987632
10.205704
9.956218
10.095602
10.353252
9.963817
9.695646
9.842087
9.762684
10.464464
9.865653
10.059595
9.467838
10.180314
9.276738
9.542707
9.749261
9.090116
9.356872
9.244527
9.319348
9.110026
9.215959
9.137848
8.753613
8.275070
8.241001
8.386484
7.991590
7.709671
7.306522
7.052014
7.119776
6.456160
6.756109
6.606627
6.424367
5.525360
5.538473
5.684862
4.679132
5.263442
4.853547
3.985440
4.426670
3.346132
3.720088
3.457365
2.670236
2.208573
1.753608
1.796492
1.735946
1.549424
0.698903
0.357001
-0.111407
-0.031310
-0.216642
-0.375342
-1.231111
-0.811430
-1.927989
-1.997507
-2.052704
-2.827437
-2.953065
-2.923913
-3.361046
-4.000967
-4.023490
-3.786619
-4.931909
-5.084569
-5.580634
-5.480306
-5.617766
-5.592770
-5.970288
-6.271361
-6.975326
-6.741657
-7.506875
-7.740380
-7.166600
-7.214848
-8.238788
-7.713764
-7.963050
-8.481920
-9.092811
-8.971710
-8.495267
-9.161199
-9.390736
-9.377464
-9.479378
-9.065206
-9.437962
-10.056763
-9.497251
-10.063931
-10.027789
-9.496271
-9.617644
-9.828909
-9.520044
-9.660786
-10.269684
-9.616631
-10.137213
-10.206528
-9.576865
-10.304109
-10.227222
-9.752266
-9.930646
-9.102416
-9.449787
-8.910414
-8.863811
-8.789070
-9.279471
-8.950727
-9.081554
-8.560726
-8.408362
-7.611920
-7.634755
-7.481657
-7.567132
-7.271368
-6.662866
-7.291080
-6.772397
-6.099231
-6.379011
-5.705351
-5.491987
-5.822200
-5.380175
-5.088048
-4.740427
-4.456063
-3.669551
-3.510119
-3.283894
-2.798927
-2.476673
-2.400556
-2.024058
-1.944155
-1.771932
-1.265307
-0.873772
-1.027558
0.166246
0.066930
