0.639034
0.793084
0.641844
1.455453
1.944262
1.590949
1.930469
2.339351
2.394619
3.270584
3.493187
3.536482
3.602894
4.294286
4.261786
4.789450
4.919425
5.284267
5.421629
5.752820
6.381250
6.824816
6.196139
6.936856
6.735523
6.823899
7.074648
7.813716
7.576941
8.030159
8.353386
8.189889
8.790379
8.465801
8.799576
8.768439
9.356917
9.508874
9.775695
9.139010
9.992731
9.239170
9.676889
10.225286
9.672745
10.093707
10.148007
10.095347
10.370770
9.982267
10.147823
9.529382
10.284629
10.181130
9.591118
9.463576
9.967163
9.429770
9.827736
9.978660
9.414400
9.432105
8.955595
9.348970
8.502071
9.082254
8.969399
8.190952
8.421533
7.730975
8.264424
7.486195
7.868102
7.321293
7.357734
7.288416
6.993254
6.048224
6.183630
5.444161
5.123070
5.755576
5.332560
4.433570
4.653832
4.613555
4.406286
3.917447
3.697620
3.576915
2.456086
2.861155
1.891469
1.434596
1.497414
1.071228
1.023275
0.590414
0.171562
0.426268
-0.652111
-0.517087
-0.781405
-1.418179
-1.588477
-1.707981
-1.832370
-2.920775
-2.584403
-3.191057
-3.698301
-3.946188
-3.484572
-4.506766
-5.030970
-5.237344
-4.810490
-5.013405
-5.578128
-6.091042
-6.020684
-6.384619
-6.571391
-7.285795
-6.586997
-7.783081
-7.532029
-7.270607
-8.340972
-7.915785
-8.740464
-7.981248
-8.140482
-8.755474
-9.086334
-8.915519
-9.072994
-9.294224
-9.378648
-9.113646
-9.912401
-9.978649
-10.178755
-9.804331
-9.689935
-9.660547
-10.092559
-10.432910
-10.384902
-10.169375
-10.093620
-10.162983
-10.448237
-10.030165
-9.717541
-9.625708
-9.892028
-9.379690
-10.074827
-9.082434
-9.617829
-9.003942
-9.434939
-9.250906
-8.499847
-8.434921
-8.644671
-8.478221
-7.962551
-8.225055
-7.450474
-7.836780
-7.552673
-7.015826
-7.466532
-6.980563
-6.530415
-6.465674
-6.095111
-5.510774
-5.886866
-5.517158
-4.857202
-5.093533
-4.131032
-4.476247
-4.348683
-3.300056
-3.349837
-2.840714
-3.234783
-2.950441
-2.580585
-1.919589
-1.218760
-1.686009
-0.635565
-0.867257
-0.265309
0.002260
