-0.063298
0.504577
0.666517
1.055347
1.907728
2.259123
2.220134
2.205330
2.752218
3.568689
3.115341
3.819185
4.290931
4.292854
4.946418
5.123307
4.700284
5.404843
5.147405
5.949938
6.011426
6.584891
6.698047
7.146944
6.972987
7.535130
7.606211
8.066900
8.293629
8.519852
7.841845
8.021013
8.488406
9.051417
9.317281
9.112627
9.340040
9.370725
9.413698
9.227448
10.009756
10.029888
10.064458
9.373906
10.151224
10.314217
10.239082
10.045121
10.354076
10.298749
10.086528
10.267641
9.484016
9.799754
9.758709
10.263519
10.164975
9.685088
9.802268
9.086259
9.108471
9.399162
8.928402
8.822332
8.911166
8.616948
8.920953
8.295425
7.953450
7.995803
8.046826
7.344156
7.284081
7.630488
7.101086
6.420740
6.866126
6.152812
6.567868
5.783638
5.484532
4.978788
5.423992
4.564577
4.725562
4.145828
3.751744
3.305875
3.619813
3.024552
2.799825
2.605682
1.932150
1.855194
1.361355
1.577331
0.806816
0.269921
0.336216
0.108052
-0.447892
-0.145201
-1.243899
-1.187311
-1.518923
-2.137270
-1.923448
-2.928648
-2.789192
-3.157749
-3.493813
-3.356520
-3.525891
-4.510970
-4.672235
-5.311724
-4.914931
-5.374364
-5.297421
-5.545675
-6.366780
-5.908151
-6.942436
-7.292370
-7.570256
-7.025212
-7.291624
-7.728111
-8.176912
-8.292484
-8.364310
-8.719024
-8.284791
-8.453853
-9.220116
-8.619607
-8.977613
-9.179471
-9.363760
-9.573956
-9.853598
-9.935672
-10.144666
-9.901332
-9.479543
-10.344234
-10.150047
-10.276950
-9.966937
-10.032498
-10.042265
-9.531056
-10.179252
-10.154188
-9.571414
-9.618216
-9.570622
-10.180420
-9.192720
-9.990569
-9.668039
-8.881330
-8.910623
-8.803747
-8.801718
-8.554301
-8.731340
-7.999341
-8.658687
-7.632153
-7.952196
-8.181083
-7.002666
-7.758304
-7.410696
-6.747054
-6.814636
-6.504495
-6.281959
-5.894496
-5.511313
-5.627583
-5.501468
-5.051043
-4.444428
-4.338459
-3.584388
-3.492480
-3.069111
-2.943337
-3.006618
-2.032468
-2.402348
-2.293058
-1.583929
-1.121942
-0.449025
-0.518334
-0.595402
-0.001980
