0.441007
0.180346
0.756925
1.566857
1.617710
1.782766
1.922059
2.254588
2.615750
2.745526
3.594761
3.731451
4.062281
3.908270
4.371001
4.710779
5.085236
5.677429
5.960225
5.740043
6.342677
5.891005
6.893569
6.819562
7.326147
7.174324
7.791812
7.973828
7.634864
8.183115
7.802933
8.046817
8.898928
8.785111
9.023126
8.713230
9.436106
8.803401
9.553765
9.603692
9.746981
9.634971
9.668448
10.152680
9.972055
10.106685
10.202985
9.490719
9.813741
9.877360
9.983303
9.918836
9.490865
10.147509
9.621241
9.877414
9.334593
9.448967
9.123790
9.900171
8.940286
9.072812
8.897878
9.196513
9.051701
8.344190
8.589530
8.771655
8.177869
7.718153
7.824621
7.284393
7.553097
7.399414
6.983330
6.629566
6.477171
6.463526
6.266835
5.818487
5.511602
5.519017
5.134491
4.679313
4.813228
4.530398
3.911941
3.374881
3.423124
3.383033
2.324923
2.559679
2.626486
2.025942
1.389725
1.101673
0.573412
0.355637
0.455190
-0.459350
0.172728
-0.277886
-0.775206
-1.736512
-1.185213
-1.632940
-2.135609
-2.377544
-2.734129
-2.871235
-3.038519
-3.405370
-4.263973
-3.911184
-4.915421
-4.895109
-4.995605
-5.685840
-5.178351
-6.236613
-6.147431
-5.887834
-7.016719
-6.956709
-6.955880
-7.676352
-7.235686
-8.138168
-8.390917
-7.702369
-7.976752
-8.557938
-8.225868
-8.725708
-8.755202
-9.437905
-8.927897
-9.077743
-9.343971
-9.969584
-9.289298
-9.509410
-9.940020
-10.249800
-9.408966
-9.553684
-10.081989
-9.666777
-10.367080
-9.885514
-10.110581
-9.628134
-9.562697
-10.160114
-9.740007
-10.001259
-9.922996
-9.854830
-9.386277
-9.054303
-9.499727
-9.434967
-9.361671
-8.591740
-8.627041
-8.960897
-8.815439
-7.971967
-8.155562
-7.590697
-7.783304
-7.687033
-7.775672
-7.780425
-7.245449
-7.283577
-6.203681
-6.192303
-6.350074
-6.252480
-5.317064
-5.428285
-5.129042
-5.286349
-4.408143
-3.870634
-3.760894
-3.472132
-3.189625
-3.330852
-2.455041
-2.168673
-2.494016
-2.255686
-2.043158
-1.665606
-0.687890
-0.734726
-0.318862
-0.284011
