0.456847
0.706390
1.378783
1.028706
1.343145
1.481925
1.959335
2.874676
2.351486
3.088647
3.222932
3.627589
4.188540
4.736518
4.159228
4.631618
5.395895
5.358793
5.153008
5.645272
6.402522
6.084712
6.141401
7.198311
7.348665
7.434842
7.492832
7.784399
8.005893
8.228789
8.111071
8.109790
8.777380
8.675292
8.639188
9.237021
9.017685
9.095989
8.975168
9.361905
9.566251
10.008537
10.113063
9.947281
9.519233
10.048107
9.526467
10.033039
10.257883
9.801078
10.428805
10.047466
10.135673
10.022223
10.253049
10.158573
9.700369
9.783045
9.328094
9.461983
9.438433
9.334655
8.869386
9.006618
8.417424
8.737744
8.413279
8.436078
7.838323
7.851190
7.512995
7.205539
7.481584
7.133048
7.136148
6.709188
6.477147
6.521304
6.415682
5.976522
5.976400
5.272795
4.655514
4.757124
4.759633
3.849547
4.316945
3.873046
3.482158
3.560801
2.990098
2.851324
1.764052
1.867410
1.161908
0.800995
0.569477
0.619777
0.622653
-0.349013
-0.091687
-0.524731
-0.650754
-1.414846
-1.710233
-1.755089
-1.926728
-2.135132
-2.422150
-3.010600
-3.588495
-3.781772
-3.695078
-4.477255
-4.960676
-4.755537
-4.612160
-5.097542
-5.933851
-5.488666
-5.994599
-6.341752
-6.814765
-6.612423
-7.391496
-6.992152
-7.937015
-7.814691
-8.169675
-7.855950
-8.580195
-8.507062
-8.367319
-8.764400
-9.393293
-9.090342
-8.833800
-8.887219
-9.787340
-9.159748
-9.490814
-9.441416
-10.126323
-10.150290
-9.693340
-9.846072
-9.567943
-10.102503
-10.118030
-9.555604
-10.487273
-9.667414
-10.268545
-9.653676
-10.090940
-9.605884
-10.055808
-9.351249
-10.086500
-9.892827
-9.562181
-9.734825
-9.292039
-8.675636
-9.214284
-8.329412
-8.380127
-8.498357
-7.906157
-8.322422
-8.322020
-7.368755
-7.225827
-7.061065
-7.076499
-7.207601
-6.796811
-6.230315
-6.077440
-5.962452
-5.368730
-5.024314
-5.257390
-4.738071
-4.130569
-4.320855
-3.662475
-4.078822
-3.093121
-2.713307
-2.587079
-2.405426
-1.721072
-1.374574
-1.921211
-1.602540
-1.065290
-0.571346
-0.314533
-0.251196
