0.678848
0.284748
1.284164
1.345704
1.449523
2.084933
1.823306
2.215472
2.418585
3.399925
3.309190
3.959381
4.396552
4.540859
4.600500
4.750296
5.244019
5.325836
5.970763
5.451901
5.760001
6.650185
7.012766
7.088173
6.619309
7.144094
7.462140
7.247398
7.969969
7.770530
8.704931
8.536204
8.386548
8.999536
8.592970
8.817123
9.122902
9.695284
9.575178
9.115882
9.314477
9.566151
9.931653
9.867074
9.619679
9.647727
10.432458
9.630332
9.789939
9.980172
9.560073
9.849317
10.348198
9.641354
9.736777
9.414284
9.920819
9.814228
9.995016
9.363075
9.208300
8.866718
9.078021
8.832629
8.736763
8.680417
8.558258
7.959343
7.771327
8.094615
7.634637
7.242819
7.995927
7.535547
6.787059
6.653220
6.936019
5.969129
5.943914
5.618117
5.796574
5.739570
4.901207
5.244577
4.612571
4.222602
4.034767
3.517000
3.349695
3.472815
2.883839
2.476763
1.719137
1.886353
1.736368
1.740411
1.180660
0.242914
-0.059823
-0.023338
0.034039
-1.046509
-0.529557
-1.668705
-1.322282
-1.491871
-2.243667
-2.307013
-2.358042
-3.207791
-3.472075
-3.488656
-3.700564
-4.536318
-4.376027
-4.977007
-4.773144
-4.963052
-6.040401
-6.310230
-6.156610
-6.122545
-7.087616
-7.009514
-6.770019
-6.925011
-7.226883
-7.940414
-8.058035
-8.385344
-7.828111
-8.432949
-8.477021
-8.661679
-8.485665
-9.444501
-8.981278
-9.621714
-9.280625
-9.906176
-9.312345
-9.918093
-9.847627
-10.185168
-9.862970
-10.375460
-9.809473
-10.283786
-10.191453
-10.121930
-9.725132
-10.096785
-10.426102
-9.743372
-10.246444
-9.496786
-9.839874
-9.788758
-9.631089
-9.244201
-9.162815
-9.191896
-9.567850
-9.195530
-9.359633
-9.232626
-8.477782
-8.612695
-8.638878
-8.100618
-7.816590
-7.426931
-7.309915
-7.207496
-7.199089
-7.080978
-7.111016
-5.894080
-6.217833
-6.141785
-6.052307
-5.324508
-5.526567
-5.147821
-4.179857
-3.837337
-4.009458
-3.896470
-3.333264
-2.812748
-2.682608
-2.523160
-2.664465
-1.803430
-1.563781
-1.419115
-0.477658
-1.067438
-0.164251
0.056309
