0.419821
0.501332
1.364758
1.650108
1.417771
1.752889
1.904024
2.502363
2.393048
3.052513
3.027033
3.213085
3.529466
4.474521
4.372300
4.521850
5.252291
4.986616
6.035335
5.539077
6.539152
6.017189
6.486392
6.469681
7.181105
7.556715
7.242328
8.202477
8.357638
8.045326
8.386726
8.384847
8.588228
9.072013
8.763791
8.603257
9.068592
9.473420
9.499547
9.057676
10.040685
9.413074
9.381909
9.398314
9.406941
9.811037
10.057533
9.980221
9.964357
10.028913
10.053552
10.329172
10.346246
9.443072
9.520426
9.937447
9.489497
9.589110
9.824015
9.893303
9.046338
9.018183
8.952583
9.239009
9.192176
8.935827
8.988949
8.528962
8.009595
8.555952
8.040830
7.715182
7.152690
7.441564
6.897999
6.346824
6.798549
6.623427
6.433349
6.049397
5.134116
5.021090
5.516155
4.732941
4.522292
4.388580
4.421552
4.098505
2.963120
2.698689
2.719612
2.629008
2.185796
1.859644
1.668586
0.785450
1.069196
1.056931
0.710656
0.477612
-0.444048
-0.183261
-0.474595
-1.197757
-1.129375
-1.874163
-2.194044
-2.837974
-2.497963
-3.082128
-3.036417
-3.705542
-3.560501
-4.579329
-4.098416
-4.927578
-5.072681
-5.823830
-5.862546
-6.121054
-6.041181
-6.386204
-6.774322
-7.183668
-7.244550
-6.926447
-7.913827
-7.794960
-7.684929
-8.304301
-8.666280
-8.443729
-8.620980
-9.243079
-8.986297
-9.418104
-9.542653
-9.077837
-9.605371
-9.236014
-10.068573
-9.562171
-9.816053
-9.660101
-9.418650
-9.445840
-9.678023
-10.148676
-9.613436
-10.147632
-9.753706
-10.199323
-10.384618
-10.376341
-10.229832
-9.971214
-9.769131
-9.632231
-9.680394
-9.681425
-9.684892
-9.196848
-8.958251
-8.779919
-9.389107
-8.506622
-8.582702
-8.705538
-7.948178
-8.307638
-8.391419
-7.305232
-7.376305
-6.997328
-6.646788
-7.045890
-6.683199
-6.519328
-5.785509
-5.936852
-6.078399
-5.671014
-5.499765
-5.023938
-4.201204
-4.513940
-3.980399
-3.496216
-2.986747
-2.717642
-2.876673
-2.842091
-2.296807
-2.330912
-1.198159
-1.407630
-1.021292
-0.671374
-0.760418
0.438788
