0.418503
0.280348
0.929512
1.590114
1.300533
1.915482
1.804597
2.804390
3.057000
3.006931
3.766960
3.185306
4.249774
4.238207
4.185521
5.093610
5.102620
4.978972
5.999600
5.886981
5.916620
6.686852
6.876614
6.506696
6.721355
7.063360
7.236257
7.834354
8.222785
8.203408
7.873452
8.323181
8.414943
9.019071
9.119466
8.793633
9.510232
8.873899
8.951568
9.036130
9.601939
9.707810
10.019739
9.838888
10.064305
10.418092
9.555079
9.669825
9.762773
10.230761
9.983831
10.289473
9.458036
10.187627
10.136494
9.861573
9.960114
9.791743
9.663216
9.019531
9.587125
9.148148
9.199602
8.930979
9.077401
8.701482
8.807955
8.605071
8.698783
8.040818
8.033594
7.714618
7.277251
7.475718
6.807509
7.003634
6.916678
6.445195
6.233535
5.954257
5.881286
5.166739
4.685969
4.978549
4.162528
4.515207
4.300326
3.627287
3.320804
3.372844
2.494106
2.338973
1.783047
2.052629
2.014660
1.114053
0.932758
0.249382
0.559421
0.035806
-0.660725
-0.586643
-1.121286
-1.461482
-1.267212
-1.541729
-2.583054
-2.828546
-2.628090
-3.248101
-3.481374
-3.352350
-4.041964
-3.929611
-4.669088
-5.001937
-4.636879
-5.373318
-5.555143
-5.546735
-6.457736
-5.887705
-6.821170
-7.142987
-6.632356
-7.753271
-7.377833
-7.858256
-8.215472
-7.627344
-8.000676
-8.316567
-8.413570
-8.451841
-9.246253
-9.512543
-8.926210
-9.070763
-9.223568
-9.689463
-9.911592
-9.316249
-9.736803
-9.705561
-9.704785
-9.666918
-10.156186
-10.268421
-9.910145
-9.640933
-10.260457
-9.620989
-9.539693
-10.391869
-10.144180
-9.815913
-10.227619
-9.808432
-9.922635
-9.322842
-9.609893
-9.685925
-8.933713
-9.479234
-9.182154
-8.635447
-8.375410
-8.842322
-8.017280
-8.214272
-8.320727
-8.113074
-7.496254
-7.096765
-7.061953
-6.876759
-6.705725
-6.240885
-6.042903
-6.219869
-5.138157
-5.241965
-4.664774
-4.354358
-4.454445
-4.474481
-4.156117
-4.087768
-3.645521
-3.336063
-2.624692
-2.426502
-2.182455
-1.495135
-1.739806
-1.390956
-1.227465
-0.257619
-0.619039
-0.017848
