0.192393
0.633294
0.953150
1.131793
2.057154
1.823138
2.556292
2.284364
3.260424
2.975270
3.843316
3.850637
3.801873
4.266328
4.190702
4.911286
5.006182
5.088039
5.367959
6.059023
5.983572
6.436204
6.247863
6.861646
6.715987
7.732019
7.493966
8.044144
8.337077
8.542405
8.174187
8.166464
8.450750
8.575552
8.901812
8.713067
8.704889
9.387818
9.715747
9.820057
9.986187
10.119334
9.622460
9.805841
9.682915
10.230145
10.264356
9.633829
10.292237
9.759239
9.833536
10.047265
9.896076
10.395536
10.188566
9.432182
9.338627
10.054802
9.442396
9.656857
9.254654
9.768902
9.350139
8.927523
8.447044
9.247053
8.158182
8.876496
7.787936
7.643114
7.734889
7.370533
7.957023
7.570553
7.148342
7.218428
6.235828
6.196451
5.882959
6.361445
5.757528
5.000303
4.999005
5.186644
4.570155
4.015481
4.088379
3.472120
3.532881
3.510365
3.229975
2.225308
2.473373
2.312516
1.077228
0.814183
1.293728
0.926699
0.436230
-0.193536
-0.702201
-0.938241
-1.055813
-0.878514
-1.658836
-1.434656
-2.277964
-2.880595
-2.868455
-2.803399
-3.125074
-3.963498
-4.304925
-4.548776
-4.385804
-5.226262
-4.600294
-5.555015
-5.956727
-6.317615
-6.394164
-5.958882
-6.296803
-6.750927
-7.355052
-7.100161
-7.885652
-8.177748
-7.544873
-7.723261
-8.159975
-8.585212
-8.368259
-8.382467
-8.989725
-8.685650
-9.602172
-9.366587
-9.075165
-9.856560
-9.929612
-10.092884
-9.897895
-9.590485
-9.770201
-9.608955
-10.421280
-9.586316
-9.684228
-10.332733
-10.445938
-10.042382
-9.744520
-10.271021
-9.451051
-9.581653
-9.541067
-9.252016
-9.808530
-9.433308
-9.241619
-8.870731
-9.287468
-9.441283
-9.192076
-9.052315
-8.248051
-8.343567
-8.439936
-7.850222
-7.521483
-7.238890
-7.575123
-7.646100
-6.614643
-6.511951
-6.684373
-6.571530
-6.306352
-5.913598
-6.024986
-5.429984
-4.664431
-4.604435
-4.083402
-4.095648
-3.593597
-3.976085
-3.256707
-3.013511
-2.338699
-2.598644
-2.604656
-2.123108
-1.652280
-0.941196
-1.060174
-0.577502
0.029020
-0.304624
