-0.032078
1.089700
1.317338
1.241962
1.471421
1.500389
2.606858
1.992480
2.476299
2.914231
2.937566
3.325782
4.200848
4.240073
4.377970
4.554304
5.041277
5.043719
5.445089
5.641824
6.459148
6.570600
6.446656
6.925704
6.858906
7.053657
7.261012
7.882212
7.921377
7.666924
7.826651
8.202008
8.547348
8.547356
9.088833
9.497850
9.451501
9.433904
9.662389
9.757382
9.688968
9.958888
9.651656
9.928163
9.624316
9.711349
9.474952
9.827577
9.636861
9.911535
9.648134
10.309276
10.194819
9.520017
10.197516
9.549984
9.366109
9.848608
10.057513
9.825130
9.532060
9.126034
8.954914
8.982647
8.760361
9.140826
8.113575
8.639728
8.108869
7.895154
8.049651
8.126279
7.894184
7.786866
6.643952
6.475090
7.094687
5.964482
6.315229
6.306817
5.262650
5.742684
4.610176
4.660223
4.278211
4.742357
4.318077
3.975757
3.787657
3.370275
3.126422
2.307992
2.424178
2.038307
1.353528
1.090705
1.349720
0.160156
0.510465
-0.291230
0.010042
-0.909673
-1.341441
-1.133827
-1.960530
-1.574751
-1.778507
-2.674386
-3.008322
-3.583388
-3.391508
-3.192763
-3.733538
-4.447073
-4.439497
-4.535857
-5.478881
-5.278939
-5.250463
-5.688076
-6.386100
-6.531518
-6.567679
-7.277898
-7.160619
-7.552175
-7.512137
-7.399066
-8.023702
-8.072192
-8.676208
-8.034184
-8.899790
-8.881002
-8.749785
-8.789897
-9.504477
-9.280385
-8.913470
-9.302956
-10.022370
-10.142524
-9.768012
-9.876276
-9.890085
-10.255256
-10.094963
-9.599545
-9.750713
-10.083229
-9.587711
-10.385960
-10.274293
-9.474560
-10.276034
-9.934834
-9.969943
-10.112745
-9.908329
-9.593080
-9.615881
-9.095626
-9.437833
-8.588788
-9.104603
-9.108151
-8.551912
-8.152736
-8.326933
-7.594351
-7.964963
-7.900691
-7.754600
-6.828861
-7.348187
-6.949862
-6.888594
-6.604215
-6.210629
-5.380117
-5.209803
-5.307841
-4.994078
-5.238392
-4.463269
-3.859621
-4.008168
-3.782849
-3.782918
-2.937934
-2.298211
-2.308826
-2.252955
-1.719012
-1.475599
-1.008277
-0.800213
-0.624229
0.123934
0.105344
