0.527055
0.994407
0.467781
1.360579
1.767369
2.346515
2.606895
2.139803
2.544887
2.705302
3.201945
4.156264
3.621021
3.974017
4.877208
4.902815
5.371435
5.729788
5.517539
5.795260
6.325576
6.776042
6.220728
7.216288
7.050970
6.855443
7.185283
8.143505
8.098624
8.298700
8.411270
8.626988
8.469776
9.170900
8.859315
9.234217
9.169146
9.720317
9.596321
9.380660
9.226922
9.592436
9.516637
9.376012
9.815465
9.845497
9.816232
10.297124
9.651138
9.566187
9.999034
10.265065
10.188745
10.064519
10.290408
9.968389
9.815144
10.001683
9.355420
9.769084
9.044188
9.057890
9.380302
8.816608
8.554046
9.039642
8.568100
8.860876
7.802159
7.635983
7.940245
7.307377
7.806083
7.375170
6.951459
7.300236
6.382083
6.523515
6.477504
6.008182
5.802863
5.262321
5.012603
5.025098
4.222781
4.240712
4.076849
3.343761
3.653819
3.181441
2.468141
2.465651
2.078100
1.883019
1.850971
1.455589
0.528034
0.474677
0.557590
0.186595
0.154364
-1.048193
-1.162370
-1.176183
-1.607253
-1.959689
-2.409711
-2.445998
-2.409622
-2.623618
-3.080142
-4.100623
-3.813269
-4.754089
-5.006650
-5.113946
-5.250078
-5.658052
-5.880815
-6.269228
-5.920297
-6.052066
-6.954560
-6.899391
-7.324286
-7.415252
-7.985295
-7.940077
-7.813692
-8.395020
-8.751597
-8.401869
-8.509743
-9.136556
-8.494443
-9.164697
-9.492978
-8.910654
-9.383957
-9.835185
-9.318721
-9.547258
-10.057584
-9.502977
-9.671677
-9.546730
-9.636892
-10.325306
-9.946694
-10.179533
-10.381492
-9.779174
-9.897380
-10.062240
-9.654384
-9.632911
-9.293122
-9.849807
-9.784590
-9.659143
-9.531686
-9.536227
-8.953163
-8.823621
-9.240662
-9.028794
-8.643332
-8.420290
-8.251072
-8.114522
-7.606486
-7.461750
-7.722285
-7.034365
-6.869644
-6.813733
-6.599774
-6.108146
-6.083177
-5.815599
-5.692084
-5.681129
-5.319388
-4.931814
-4.347145
-4.038835
-4.238339
-3.627011
-3.716828
-2.901412
-2.480207
-2.406976
-1.789789
-1.447024
-1.792287
-0.946492
-1.090750
-1.002815
-0.271857
-0.206145
