-0.179998
0.726507
1.248192
1.590157
2.033355
2.088644
2.517821
2.643487
2.961813
2.880426
3.227455
4.050260
4.175506
4.045804
4.503790
5.219613
4.604137
5.039150
5.649797
5.907442
6.401071
6.113642
6.701857
6.430070
6.994226
7.037475
7.191060
7.247721
8.347043
8.149885
7.937690
8.685375
8.785938
8.711128
9.197657
8.557168
8.984864
9.173972
9.646863
9.060210
9.259044
9.286900
9.898461
10.233507
9.453130
9.564450
9.517867
9.630411
9.850510
9.776742
10.161093
10.262207
10.430623
10.083678
10.300399
10.092840
10.111155
10.166832
9.472557
9.562473
9.451044
9.202651
9.016658
9.415702
8.690819
8.536821
9.060998
8.336245
7.874221
7.602255
7.680440
8.151580
7.091545
7.256139
7.065986
6.921728
6.458495
6.594394
5.793625
5.619681
6.038221
5.363723
5.336705
5.036178
4.935417
3.974089
3.497812
3.661776
3.778981
2.955726
2.904127
2.420652
1.978210
1.948042
1.873715
1.158143
1.241514
0.548289
0.097475
-0.360360
-0.035714
-0.514626
-0.985165
-1.620290
-1.974332
-1.912602
-2.604185
-2.816129
-2.821891
-2.636235
-3.106099
-3.883460
-3.620593
-4.545156
-4.753230
-4.444081
-5.398607
-5.363403
-5.652781
-5.611915
-6.365258
-6.120534
-6.153570
-7.304916
-6.724209
-7.401037
-7.739194
-7.679144
-8.260675
-8.518975
-8.249526
-8.464032
-8.546663
-8.439162
-8.611079
-8.974063
-9.552785
-8.930818
-9.560891
-9.684116
-10.072405
-9.639473
-10.235627
-10.080473
-9.672792
-9.473475
-9.579303
-10.336701
-10.183911
-9.881761
-9.686759
-10.466249
-10.300333
-9.888611
-10.094731
-10.026447
-10.098656
-10.044750
-9.242802
-9.846044
-9.859560
-8.883255
-9.550854
-8.822973
-8.746538
-8.759119
-9.047107
-7.967026
-8.536713
-8.565596
-7.874915
-7.771250
-7.736664
-6.894333
-7.326803
-6.638334
-6.693611
-6.251981
-6.441101
-5.426661
-5.797897
-5.583589
-5.088270
-5.113224
-4.904791
-4.527853
-4.062330
-3.620791
-3.068757
-3.230760
-2.651293
-2.921525
-1.810664
-2.196345
-1.314640
-1.011931
-1.341001
-0.220046
-0.757515
-0.379887
