0.250753
0.313287
0.738791
1.147421
1.902808
1.738988
2.115598
2.464525
2.512138
2.636949
3.229677
3.725415
4.350364
4.215963
4.614424
5.034235
5.394913
5.759088
6.117335
5.603755
6.382742
6.028946
6.297067
7.118820
6.637432
7.270134
7.622010
7.436765
7.501225
8.182624
8.602728
8.859516
8.553013
8.892335
8.700699
8.818818
9.381118
9.374699
9.157682
9.279937
9.562510
9.616385
9.622218
9.988528
10.065313
9.728039
9.516929
10.446043
10.272507
9.950841
10.361636
9.579104
9.762337
9.723704
9.701766
9.700405
9.269148
9.294613
9.867661
9.895413
9.137117
9.210066
9.565881
9.477177
8.600788
9.066914
8.506095
8.921462
8.134386
7.701534
8.114968
7.497021
7.096317
7.453886
7.569435
7.127925
6.322543
6.610459
5.835875
5.852427
5.623613
5.499851
5.508312
4.576570
4.217146
4.756136
4.137030
3.992877
3.850375
3.244154
2.355522
2.566798
2.190849
2.350244
1.945265
1.204902
1.200656
0.130178
0.731015
-0.407496
-0.228772
-0.197573
-0.869916
-0.988669
-1.293285
-1.994212
-2.247003
-2.307480
-2.786512
-3.015213
-2.949485
-3.561036
-4.287843
-3.812954
-4.499805
-5.015835
-5.580138
-5.663146
-5.798405
-5.959792
-6.553052
-5.931317
-6.757029
-7.145956
-6.875241
-7.184552
-7.154293
-7.622249
-8.232181
-7.618364
-8.712626
-8.733952
-8.386743
-8.951285
-9.394496
-8.640961
-8.747419
-9.168880
-9.670763
-9.632500
-9.616349
-9.849817
-9.660354
-9.630555
-10.312529
-9.641398
-10.290979
-9.930300
-10.085253
-9.854584
-9.988544
-10.404166
-10.446781
-9.859879
-9.571117
-9.692358
-9.298632
-9.692699
-9.160394
-9.191544
-9.299508
-9.649754
-9.440303
-9.049529
-9.054619
-8.415296
-8.158045
-8.918246
-8.493660
-8.220184
-7.750825
-7.916249
-7.804416
-7.578370
-6.630651
-6.915333
-6.625996
-6.759540
-5.775032
-6.098521
-5.979932
-5.115598
-5.459687
-4.435551
-4.249194
-4.037947
-4.137183
-3.728698
-3.735930
-2.878999
-2.427760
-2.091280
-2.405926
-1.945298
-1.099208
-1.363676
-0.813768
-0.344898
-0.606979
0.474224
