0.449884
0.626271
0.524813
1.241594
2.044672
2.071199
1.724087
2.948175
2.977132
2.632218
3.072606
4.179640
4.459736
4.105236
4.199777
5.281994
5.366747
5.636044
5.864053
5.634984
5.698259
6.812342
6.671732
7.229931
7.260386
7.200545
7.486802
7.473047
8.031157
8.090090
8.715344
8.849679
8.230755
8.660257
9.054124
8.757555
9.323492
9.794828
9.022014
9.057699
9.835645
9.497558
9.864495
10.052343
9.902540
10.385648
10.162089
10.165035
10.384637
9.668722
10.437748
9.846177
10.271217
9.464548
9.451813
10.253109
9.690459
9.851869
10.058936
9.424890
9.838604
8.816424
9.017394
9.201799
8.936992
8.906148
9.064000
8.343224
8.264979
7.999897
8.118823
7.503883
7.591723
7.582293
7.170174
7.218289
7.039217
6.525398
6.251301
6.107859
6.109977
5.168395
5.095964
4.935046
4.209041
4.423192
4.080512
3.963752
3.339904
3.350605
2.636506
2.294163
2.481688
2.163473
1.967316
1.231603
1.112614
0.228051
0.618265
-0.484427
-0.111451
-0.255497
-0.662978
-1.406672
-1.647367
-1.447349
-2.313463
-2.303096
-2.352651
-3.274409
-3.248731
-3.744444
-4.343297
-4.475725
-4.530617
-4.869917
-4.912246
-5.799298
-5.658449
-6.251900
-6.363505
-6.703527
-7.006347
-6.410082
-7.487614
-6.904526
-7.089436
-7.598160
-8.049815
-7.904870
-8.401935
-8.147859
-8.301538
-9.187083
-8.928671
-8.948014
-8.908789
-9.669504
-8.928857
-9.890086
-9.656993
-9.351395
-9.434888
-10.123533
-9.451779
-9.962471
-9.596164
-9.901966
-10.284236
-10.082731
-9.967563
-10.227124
-9.563617
-9.625605
-9.441483
-9.628854
-10.133379
-10.176314
-9.895042
-9.812072
-9.583580
-8.909446
-8.812553
-8.563214
-8.942911
-9.176424
-8.403434
-8.897223
-8.182300
-8.434946
-8.117065
-7.944105
-7.020673
-7.235306
-7.363783
-6.808993
-6.404133
-6.662976
-6.628338
-6.319822
-5.558201
-4.972393
-5.541150
-4.950437
-4.949042
-4.590144
-4.301325
-3.936370
-3.206948
-2.994663
-2.642745
-2.561452
-2.346953
-1.955357
-1.697522
-1.181766
-0.570518
-0.369209
-0.429592
-0.282363
