0.486282
0.426307
0.794547
1.708091
1.541604
2.123146
2.376056
2.313828
3.265833
2.615435
3.243966
3.915772
3.535242
4.420495
4.444923
4.851877
4.940735
5.701196
6.101565
5.995278
5.892390
6.855687
6.994616
7.121352
6.792043
6.837715
7.005777
7.921895
8.386547
8.071993
8.495513
8.765329
8.672897
8.359743
9.002414
9.095175
9.207202
9.009521
9.051960
9.332456
9.283652
10.162656
10.158366
10.318282
9.957211
9.580181
9.747244
9.778591
9.796812
10.417843
10.241691
9.508785
9.490073
10.303753
9.664781
10.248598
9.617707
10.105830
9.698040
9.313930
9.590348
8.842266
8.768463
9.227478
9.319367
8.734452
8.461114
8.162830
8.140477
7.595440
8.108298
7.750657
7.261061
6.868810
7.529984
7.024081
6.905207
6.528254
5.791412
5.456844
5.358265
5.381054
4.744703
4.445263
5.001840
4.074876
3.605390
3.979816
3.685867
2.747859
2.910817
2.954814
2.035123
1.711316
1.803430
0.829227
0.778683
0.959896
0.755463
-0.214213
-0.441578
-1.119233
-1.304550
-1.109679
-2.000480
-1.566463
-2.505070
-2.233855
-2.985076
-3.087504
-3.030737
-3.690346
-3.928404
-3.962705
-4.844243
-4.549528
-4.658537
-5.368643
-5.562088
-5.427504
-6.012857
-6.037095
-7.025449
-6.745071
-7.096303
-7.245737
-7.302460
-8.151080
-8.175088
-7.692921
-8.475641
-8.008446
-8.736027
-8.880152
-9.239283
-9.536735
-8.794741
-9.442463
-9.777386
-9.289482
-9.676606
-9.216330
-9.941496
-9.570934
-10.187664
-9.575788
-9.738326
-9.924993
-10.225362
-10.477767
-9.512715
-10.418106
-9.795867
-9.679364
-9.746024
-9.491643
-10.087382
-9.624250
-9.638652
-9.331243
-9.623624
-9.685086
-9.075791
-9.283463
-9.342886
-8.504544
-8.279187
-8.219615
-8.508181
-8.187071
-8.337693
-8.194087
-7.714651
-7.535337
-7.062275
-6.469658
-6.502902
-6.746615
-6.508844
-6.370002
-5.978685
-4.886767
-4.836505
-4.893793
-4.855282
-4.162615
-3.684213
-3.807996
-2.985354
-2.912195
-2.309093
-2.275200
-2.139959
-2.240878
-2.038755
-1.301060
-0.917785
-0.635383
-0.760256
0.065783
