0.262506
0.973857
0.733526
1.653419
1.158300
1.724872
1.767618
2.514506
2.580669
2.681420
3.018210
4.125235
3.649366
4.718778
4.613321
4.610676
4.697401
5.415597
5.975852
6.062272
5.695447
6.271123
6.803965
7.253115
7.535642
7.563009
7.793179
7.946528
7.597846
8.120855
8.260769
8.003896
8.570151
8.400411
8.744695
9.378877
9.134128
8.883923
9.192853
9.121559
9.342695
9.639052
9.369970
9.550749
9.581248
9.726664
9.865439
10.439873
10.253159
10.081678
9.956291
9.748728
10.452417
10.033097
10.071979
9.470651
9.846472
9.219329
9.818057
9.947926
9.609587
9.147138
9.609414
9.055888
9.320948
9.005298
8.862179
8.689943
8.623509
8.378387
7.660103
7.717844
7.810213
7.649898
6.895837
6.673613
6.604077
6.426799
6.101651
5.396506
6.059674
4.888206
5.508774
5.011718
4.196961
4.373391
4.242679
3.288216
3.572520
2.916580
2.872967
2.085003
2.215855
1.574665
1.200588
0.851642
0.491538
0.239877
0.760186
-0.031189
0.126356
-0.239805
-1.080304
-1.477367
-1.659551
-2.227892
-2.643915
-2.448543
-2.467594
-2.867232
-3.509303
-3.322495
-3.712332
-4.722210
-4.189564
-5.198493
-5.546715
-5.190149
-6.087648
-5.750401
-6.190702
-6.271766
-6.846559
-6.827347
-7.389663
-7.584992
-7.213789
-7.645827
-7.475091
-8.547107
-8.189924
-8.238195
-8.748136
-8.593102
-9.376564
-8.670538
-9.346101
-9.790265
-9.294876
-9.938132
-10.045849
-10.003093
-9.418019
-9.990538
-9.961080
-9.905482
-10.169829
-10.352397
-10.103317
-9.923429
-9.768710
-9.888637
-10.123957
-9.628395
-9.398007
-9.923856
-9.400409
-9.569509
-9.316095
-9.586875
-9.518140
-9.448922
-8.824875
-8.760402
-8.825604
-8.883630
-8.492576
-8.087582
-8.742683
-7.994015
-8.386917
-7.838568
-7.154207
-7.665491
-7.289304
-7.167112
-6.510203
-6.582904
-5.956074
-5.990592
-5.786660
-5.084879
-4.886416
-5.303334
-4.738300
-4.258062
-3.699095
-4.089648
-3.019673
-2.694032
-2.442112
-2.387453
-1.803651
-1.886600
-1.811091
-0.826646
-1.194344
-0.140441
-0.362681
-0.051237
