0.632671
0.885390
1.307955
1.734121
1.654379
1.991360
1.704181
2.824089
2.307605
3.317923
3.675218
3.627232
3.523563
4.743611
4.408378
4.683379
4.637573
5.217666
6.114502
6.366017
5.720209
6.640651
6.532791
6.529507
6.753501
7.587288
7.082870
7.714826
8.183645
8.043735
7.885257
8.446947
8.473988
8.372704
9.221665
9.407439
9.440336
9.296579
9.558079
10.001410
9.581176
10.082871
10.228311
9.707609
9.413230
9.707894
9.919522
9.560414
10.423940
9.955586
9.519072
9.749285
9.668848
10.146116
9.538461
10.274669
9.330762
9.946638
9.489589
10.001911
9.460515
9.019198
9.147823
9.201826
9.077020
8.709340
8.929074
8.714836
8.749261
7.741732
7.546960
7.639785
7.452858
7.124155
7.290575
6.396940
6.701845
6.347786
6.182219
6.224999
5.473166
5.080391
4.764124
4.714227
4.878180
4.605023
4.258289
3.888033
3.144498
3.030054
3.138661
2.323213
2.608297
1.535043
1.727204
1.095844
0.751973
0.975808
0.300312
0.227110
-0.072159
-0.992843
-1.374581
-1.672657
-1.232241
-2.156328
-1.738793
-2.438528
-2.429520
-3.330822
-2.927024
-4.062736
-3.906646
-4.747057
-4.874351
-4.640798
-4.901044
-5.636624
-5.865052
-6.286889
-5.744590
-6.531261
-6.564373
-7.206924
-7.321333
-7.788759
-7.959275
-7.902891
-7.520082
-7.925888
-8.137140
-8.132871
-8.572693
-8.958090
-9.382497
-9.031164
-9.133947
-9.261605
-9.122567
-9.084572
-9.159889
-9.401459
-9.999594
-9.675591
-9.388317
-9.996518
-9.647657
-10.148089
-9.988502
-9.654017
-9.600650
-9.973183
-10.098779
-9.530824
-9.798453
-10.176095
-9.966945
-9.859692
-9.957288
-9.233161
-9.440831
-9.146701
-8.819549
-9.045350
-8.977384
-8.275700
-8.775280
-8.351416
-8.448526
-8.287545
-8.366467
-7.487623
-7.200214
-6.925811
-7.546302
-7.227675
-6.886942
-6.776812
-6.254531
-6.169121
-5.252917
-5.232284
-4.864563
-4.808550
-4.340503
-3.793859
-3.474542
-3.375247
-3.749037
-2.652292
-2.339312
-2.125379
-2.453801
-2.020974
-1.868394
-1.621643
-0.927269
-0.509196
-0.683496
0.042718
