0.670304
0.219507
0.909071
0.842776
1.191649
2.292253
1.914628
2.824091
2.671543
2.852025
3.277657
4.158162
4.416506
4.175007
4.864869
5.245917
5.131640
5.663317
5.168966
5.930418
6.093378
6.788220
6.550918
7.248144
6.587384
7.447059
7.535902
8.033854
8.293409
7.975394
8.623814
8.912877
9.075564
8.935681
8.857128
8.562810
9.349606
9.057555
9.403910
9.157081
9.547507
9.268651
10.220177
9.684436
9.766165
9.533863
9.468916
10.335831
10.379455
10.035606
10.126639
10.077152
10.321516
9.975674
10.045275
9.424646
9.629620
9.995948
9.348923
9.554393
9.619931
8.874339
9.105563
9.468414
8.944378
8.744581
8.277576
8.763412
8.105466
8.406884
8.031386
8.064871
7.326739
7.066489
6.694169
6.562031
6.468724
6.717101
5.681139
5.987506
5.442899
5.140725
4.788482
4.994732
4.102871
4.230664
3.628935
3.733368
3.847042
3.398176
3.259569
2.375907
2.047221
1.904759
1.460451
0.907810
0.798648
1.124441
0.275069
-0.067335
-0.403454
-0.512263
-0.862300
-1.114950
-1.867849
-1.664323
-2.336318
-2.333007
-3.111535
-2.757919
-2.924923
-3.357787
-3.683786
-3.990648
-4.803171
-4.490891
-4.870991
-5.823562
-5.326558
-5.961345
-6.560236
-5.915934
-6.173967
-7.312840
-6.800588
-6.903200
-7.768037
-7.930042
-7.702683
-8.301502
-8.011127
-8.189050
-8.273246
-8.272365
-8.657750
-8.816186
-9.043699
-9.433941
-9.192692
-9.975250
-10.094534
-9.520753
-9.869768
-10.240086
-9.823584
-10.410530
-9.490841
-9.796795
-10.168512
-10.306722
-9.780166
-10.053784
-10.137004
-9.557982
-9.588162
-9.580511
-9.638266
-9.712403
-10.024090
-9.836155
-9.182637
-9.775510
-9.662376
-9.328396
-9.273560
-8.861721
-8.872611
-8.368718
-7.875820
-8.404147
-8.068939
-7.748918
-7.732053
-6.855336
-6.588094
-7.342650
-6.804928
-6.450262
-6.614365
-6.344622
-5.249347
-5.039536
-5.055254
-5.108985
-4.311890
-4.217621
-3.536597
-3.237124
-3.556570
-2.592415
-2.563242
-2.400232
-2.370607
-1.559399
-1.068863
-1.670041
-1.430476
-0.330533
-0.634664
-0.178120
