0.475913
0.132680
1.133142
1.531720
1.639372
2.290591
2.626496
2.345023
2.855379
2.780562
3.028308
3.747344
4.466824
4.707635
4.583356
5.133990
5.168759
5.635006
5.767947
6.027643
6.602153
6.663969
6.801897
6.432928
7.212849
7.741638
7.522828
8.150183
7.665680
8.520696
8.699542
8.439200
9.077995
9.078448
8.947405
8.552894
9.125520
9.060969
9.546803
9.099306
9.351032
9.397580
10.095503
10.262440
9.831636
10.402845
9.960110
10.289287
9.892650
9.901196
10.224106
9.497287
9.734200
9.838073
9.739059
9.335130
9.652225
9.189430
9.126361
9.618282
9.643911
9.024501
9.615319
9.529737
9.229150
8.361023
8.562711
8.649086
8.704677
8.465521
7.410064
8.156621
7.061949
7.538613
7.450513
7.174654
7.062521
6.102246
6.597454
5.791483
5.847709
5.105214
5.232137
5.277713
4.546085
4.370942
3.877042
3.833581
3.444195
2.954120
2.993796
2.119063
1.816112
2.168808
1.135830
0.865836
0.498237
0.282576
0.727001
0.210784
-0.158662
-0.529150
-0.694283
-1.136315
-1.502460
-2.221651
-2.231661
-2.315940
-3.277460
-2.787052
-3.327060
-3.751832
-4.153794
-4.359164
-4.511096
-4.503961
-4.922342
-5.228448
-5.519597
-5.933173
-6.552508
-6.135366
-6.709292
-6.874701
-6.605627
-7.778483
-7.591042
-7.214863
-7.890015
-8.191568
-8.148260
-8.919672
-8.504759
-8.819502
-9.143462
-9.410462
-8.686238
-9.302911
-9.038779
-9.061577
-9.945582
-9.743125
-9.677472
-9.573051
-9.806264
-10.136439
-9.702901
-9.873751
-10.165009
-9.632671
-9.602554
-9.608806
-9.619771
-9.804623
-9.449368
-9.757939
-9.641892
-9.609492
-9.951680
-9.014446
-9.589364
-9.065994
-8.867344
-8.803725
-8.555907
-8.997830
-8.340990
-8.083137
-7.798209
-8.286681
-7.839485
-8.046963
-7.244722
-7.426518
-6.893354
-6.947225
-6.691735
-6.861915
-6.363528
-5.672656
-6.011262
-5.581108
-5.132574
-4.377390
-4.926863
-4.152653
-4.329809
-3.778501
-3.839446
-3.461705
-2.916854
-2.742051
-2.446708
-1.846927
-1.136833
-1.118540
-0.859731
-0.850322
-0.495320
-0.254014
