0.227061
0.167063
1.304467
1.620669
1.673159
1.833318
2.542707
2.845204
2.801540
3.102751
2.967950
3.389460
4.396086
3.999253
4.390684
4.343531
5.504688
5.449520
5.174886
6.009578
6.126669
6.178683
6.337412
6.460643
6.682631
7.470807
7.943111
8.123357
8.270040
8.271614
8.573286
8.874826
8.553749
9.013012
8.977312
9.466458
9.213192
8.966340
9.293908
9.315641
9.894062
9.189741
10.128124
9.993344
9.913682
9.975725
10.214666
9.931177
10.359445
9.802175
10.383127
10.089934
10.008886
10.293111
10.212598
10.298432
9.720180
10.070382
9.392251
9.855616
9.183072
9.025373
9.132517
9.476724
8.679144
8.951808
8.712885
8.547562
8.243475
8.218014
7.536697
7.482099
7.686927
7.107130
6.996810
6.916648
6.806360
6.754108
5.960362
5.827460
5.400668
4.991741
5.100459
5.153898
4.347933
4.180546
3.864556
3.208382
3.611056
3.132000
2.954794
2.333334
2.479437
2.105456
1.412058
1.390810
0.938681
0.474835
-0.064025
-0.116732
-0.473470
-1.065330
-0.505713
-1.182973
-1.285078
-1.656890
-2.637969
-2.186902
-2.943189
-2.973780
-3.103901
-4.179990
-4.215447
-4.321373
-4.169529
-5.294086
-4.696272
-5.696572
-5.794686
-5.671057
-5.889065
-6.688412
-6.572240
-7.186980
-6.858274
-7.176238
-7.309755
-7.871720
-7.947197
-7.910793
-8.748624
-8.468584
-8.322938
-9.244032
-9.211016
-8.741052
-8.945636
-9.222415
-9.199801
-9.043292
-9.719479
-9.755999
-9.944755
-9.710065
-9.664881
-10.290614
-9.573027
-10.132824
-9.660630
-10.499586
-10.146299
-10.455914
-9.954514
-9.511392
-9.741125
-9.834325
-9.392655
-9.895548
-10.052048
-9.643229
-9.640120
-9.506149
-9.590308
-8.759558
-9.056722
-9.130655
-8.257761
-8.195853
-8.353676
-8.403389
-7.910774
-7.678631
-7.693419
-6.800249
-6.689102
-6.972032
-6.864491
-6.633241
-5.635603
-6.141100
-5.756590
-5.705552
-5.134471
-4.575952
-4.568224
-4.232530
-3.475199
-4.103481
-3.591682
-2.739845
-2.832006
-2.401848
-2.216960
-1.840244
-1.812468
-0.951296
-1.210971
-0.480931
0.078085
0.011897
