0.665502
0.144989
1.417263
1.089061
1.785588
1.648645
2.578102
2.714975
3.156559
3.563051
2.963584
3.824134
3.770411
4.439468
4.654742
5.065982
4.764607
5.840699
5.230744
5.814458
5.645172
6.460418
6.277291
6.989664
7.238533
6.874889
7.507173
8.196946
7.925550
8.062424
8.086843
8.942619
8.573280
8.870163
9.159261
9.022382
9.199104
8.983025
9.468313
9.393445
9.544836
9.628125
9.583470
9.893616
9.464883
9.859004
9.591964
10.012635
9.920751
9.556330
9.850975
9.913557
10.151902
9.514802
10.236151
9.810400
9.442069
10.070239
9.991571
9.496087
8.959834
9.697436
9.407254
8.779849
8.911753
9.258275
9.101479
8.571308
8.201571
8.105077
8.347407
7.494343
7.541120
7.709074
6.764781
7.274253
7.079500
6.795598
5.771011
5.558044
5.237728
5.284695
5.407574
4.594287
4.733496
4.437779
4.271980
3.643371
3.776391
2.683686
2.701354
2.746408
2.015559
1.477346
1.119332
1.658386
1.054393
0.949859
0.189124
-0.040660
-0.146682
-0.191320
-0.680322
-1.002210
-1.615095
-1.465939
-2.320882
-2.646674
-2.875904
-2.661460
-3.384744
-3.187457
-4.080772
-4.562791
-5.029559
-5.274194
-5.123876
-5.284312
-5.553578
-6.122595
-6.225153
-5.996772
-6.237592
-6.827670
-7.262496
-7.227797
-7.513346
-7.777971
-7.993514
-7.597130
-8.490329
-8.196501
-8.394903
-8.732851
-9.133468
-9.380116
-9.541538
-8.895261
-9.290930
-9.805570
-9.296951
-9.349397
-9.304581
-9.527458
-10.177934
-9.595135
-10.128384
-10.006205
-10.407348
-9.685708
-10.385921
-9.938916
-9.682608
-10.276860
-10.059883
-9.782564
-10.035793
-9.926056
-9.878855
-9.088458
-9.403387
-8.921960
-9.676367
-9.193712
-8.579709
-8.781465
-8.952115
-8.691813
-8.075366
-8.148323
-7.408861
-7.272087
-7.349516
-7.119700
-6.674972
-7.031930
-6.982808
-6.864042
-5.871070
-6.287833
-5.417396
-5.251869
-5.531811
-4.481746
-4.954584
-4.276687
-4.454013
-4.050721
-3.333287
-3.033200
-3.064274
-2.940519
-2.099735
-1.387698
-1.190302
-0.939821
-0.781580
-0.626322
-0.209552
-0.003220
