0.430537
0.272212
1.071516
1.070992
2.062862
1.486007
2.617592
2.622449
3.254932
3.168340
3.347004
3.389602
3.841648
4.320858
4.730599
4.452323
5.233100
5.634072
5.546366
6.301055
6.432541
5.965674
7.015836
6.658582
7.053292
7.448376
7.462677
7.859978
7.807129
8.505547
8.420788
8.117332
8.433519
8.542901
8.623907
9.481137
8.756937
9.467235
9.684294
9.275357
9.927170
9.826238
9.388957
9.595167
9.861330
9.987243
9.761704
9.756768
10.422271
10.123064
10.157147
10.054641
10.202641
10.346613
9.594293
9.577236
10.147027
9.772721
9.502227
9.609167
9.809568
9.129598
8.935822
8.671417
9.374502
9.164858
8.314469
8.589684
8.204146
7.944817
8.367390
7.876491
7.671592
7.590543
6.695175
7.317460
6.153124
6.010885
5.833311
6.292649
5.172471
5.057307
5.183023
4.838305
4.185837
3.938394
3.945681
3.974328
2.901726
3.005728
2.483368
2.383759
1.986689
1.432491
1.754188
1.387378
0.719967
0.708583
0.389728
-0.317551
0.107178
-0.278253
-0.555096
-1.610364
-1.244017
-1.948253
-2.655240
-2.095060
-2.350917
-2.691065
-3.715435
-3.474578
-4.252096
-3.942523
-4.122162
-4.899727
-5.460047
-5.319245
-5.582037
-6.103368
-6.212700
-6.042565
-6.534207
-6.789957
-7.342855
-7.001422
-7.770546
-7.851049
-7.682858
-7.730841
-8.653120
-8.380049
-8.110822
-8.435677
-8.415200
-8.779077
-9.097170
-9.077689
-9.137665
-9.913091
-9.235388
-10.040923
-9.386665
-9.680079
-10.304267
-10.098916
-10.097073
-10.425746
-10.353248
-10.239548
-9.791132
-9.834339
-9.562832
-10.045377
-9.937195
-10.116452
-9.712348
-9.807381
-9.947045
-9.035546
-9.893763
-8.999128
-9.507890
-9.320591
-8.676542
-9.074831
-8.900224
-8.702096
-7.818970
-8.480354
-7.677124
-7.924027
-7.651175
-7.181638
-6.745532
-6.648209
-6.884842
-6.065286
-6.301680
-5.554026
-5.790980
-5.787641
-4.805109
-4.445072
-4.276864
-4.485080
-4.098463
-3.813948
-3.512569
-3.355626
-2.420557
-2.225122
-1.896381
-1.875431
-1.754135
-0.964478
-0.539906
-0.467432
-0.542961
-0.080119
