-0.138465
0.545104
0.562619
1.256112
1.725311
1.706367
1.922671
2.456742
2.722495
2.898895
3.666364
4.066941
3.768936
4.285313
4.674492
5.097852
4.694064
4.962302
5.954039
6.071059
6.012339
6.511455
6.355331
7.262088
6.731201
6.816651
7.072361
7.490417
7.874708
7.613100
8.453593
8.836040
8.181544
8.276607
8.963148
9.306365
8.985355
9.016204
9.372478
9.643181
9.447529
10.127972
10.173564
9.813750
10.079480
10.246164
9.754395
10.327200
9.649892
10.009748
10.295465
9.874426
10.241332
10.305587
9.456532
9.494599
10.241735
9.586402
9.783445
9.330706
9.604536
9.755436
9.037440
8.788991
8.433245
9.116052
8.580123
8.763075
8.610805
7.674911
7.872165
7.209000
7.543240
7.302244
7.288550
6.864628
6.614165
6.261905
6.359368
5.773559
6.041111
5.717941
5.052107
5.001528
4.402186
4.125319
4.403131
3.434210
3.581769
2.682265
2.727199
2.765955
2.391211
1.629005
1.219419
0.853024
0.849218
0.574591
0.323639
-0.349675
-0.351294
-0.154480
-1.386066
-1.587358
-1.540169
-2.005390
-1.981454
-2.031994
-2.472860
-3.552382
-3.819468
-3.692010
-4.021874
-3.789827
-4.922368
-4.720761
-5.296175
-5.723927
-5.558810
-6.122188
-6.218850
-6.273008
-6.740039
-6.859708
-6.788850
-7.768048
-7.273585
-7.286555
-7.665926
-8.321903
-8.684739
-8.458094
-8.593267
-8.300513
-8.455682
-9.351499
-9.334945
-9.254240
-9.116804
-9.516147
-9.152381
-9.916891
-10.154707
-9.420940
-9.522102
-9.835764
-9.527282
-9.748662
-9.885226
-9.996744
-9.696828
-9.791573
-9.963102
-9.485931
-10.125087
-9.364537
-9.441832
-9.803989
-9.256614
-9.390516
-9.897522
-9.127277
-8.828210
-8.781380
-8.922568
-8.754333
-8.216185
-8.536370
-7.973192
-7.689692
-7.442572
-7.460534
-7.241115
-7.361787
-7.213879
-7.294393
-7.079330
-6.542005
-6.361185
-5.750294
-5.213691
-5.336327
-4.795069
-4.338220
-4.993272
-4.329033
-3.756495
-3.666762
-2.998932
-3.252240
-3.209393
-2.323841
-2.678479
-1.438005
-1.972979
-1.706200
-0.881777
-0.709842
-0.077951
-0.197860
