-0.174850
0.155784
0.837778
1.363667
2.046394
1.903001
1.753161
2.358223
3.212392
3.125742
2.936735
3.360549
4.191466
4.092020
4.234757
4.725251
4.747802
5.816906
5.939927
6.070508
6.074958
6.788754
6.132684
7.143697
6.752749
6.897014
7.007089
7.690033
7.869237
8.058106
8.425464
8.330665
8.172717
9.214118
9.106683
9.248466
9.319790
9.658392
8.943484
9.719469
10.068657
9.857618
9.542937
10.214222
10.247848
9.931083
9.659371
10.315599
9.544446
9.718476
10.439720
9.881735
10.442011
9.866529
10.170812
9.881715
9.341904
9.412656
9.377356
9.893538
8.996076
9.493241
9.161567
9.168641
8.516017
9.084684
8.296147
8.175766
8.573846
8.435590
8.386987
7.555114
7.353627
7.276173
7.301144
6.808751
6.695870
6.139477
6.195434
6.085207
5.250934
5.627862
5.555209
4.671896
4.458734
4.139051
3.710583
3.509882
3.563849
3.321439
3.079577
2.365646
2.074746
1.763366
1.347576
1.484916
1.337317
0.736098
0.378478
0.161030
0.047816
-0.415090
-1.207094
-1.328270
-1.573617
-1.566905
-2.304955
-2.925522
-2.506246
-2.913207
-3.332075
-3.706271
-4.246941
-3.919914
-4.866971
-4.374015
-5.033909
-4.887607
-5.195089
-5.500250
-5.691580
-5.879987
-6.347897
-6.692699
-7.475172
-7.479313
-7.897848
-7.660083
-7.726484
-8.245326
-8.151218
-8.496723
-8.689346
-8.453762
-9.245281
-8.607161
-8.684623
-8.927145
-8.954160
-9.812038
-9.678937
-9.224393
-9.337349
-9.841119
-9.825443
-10.273205
-9.823665
-10.248009
-9.614094
-9.883930
-10.275326
-10.363619
-10.362183
-10.094938
-9.547045
-9.454883
-10.049487
-9.988581
-9.528829
-9.830298
-9.063448
-9.145958
-9.302579
-9.333156
-8.672005
-9.170479
-9.081857
-8.358029
-8.513760
-7.708124
-7.455264
-7.314534
-7.140851
-6.913986
-7.065915
-6.807949
-6.434735
-6.126456
-6.213255
-5.991906
-5.698641
-4.987984
-5.283379
-4.395502
-4.982183
-4.368944
-3.871244
-3.191458
-3.247299
-3.389558
-3.288073
-2.944430
-2.180709
-2.099735
-1.095493
-0.869771
-0.530094
-0.966689
0.142028
0.218442
