-0.120982
0.832447
0.956693
1.469933
1.595534
1.543959
2.004713
2.964275
2.789743
2.838932
3.854734
3.580000
3.710413
4.576464
4.198105
4.591191
4.629199
5.463282
5.545548
5.790158
6.222518
6.698971
6.786556
6.823033
6.838721
7.052960
7.673225
7.588307
7.587080
8.525798
8.438691
8.867119
8.167700
8.812787
9.102404
9.049800
9.033527
9.299666
9.208580
9.052932
9.733235
10.094475
9.976058
9.486055
10.191544
10.322345
9.898957
10.419224
9.928457
9.902275
9.984319
10.274870
9.840768
10.205641
9.475084
10.085723
9.456747
10.170377
9.227291
9.931754
9.503442
9.273686
9.600354
9.248213
8.596265
8.543593
8.246247
8.512425
7.977604
7.918247
8.353153
7.772395
7.544884
6.957925
7.144653
6.571411
7.066133
6.728546
6.273108
6.288046
5.270262
5.254066
5.388670
4.633392
4.256249
3.933622
4.224968
3.471079
3.673062
3.475600
2.955656
2.042535
2.529700
2.142550
2.038909
1.331173
1.288961
1.082264
0.226717
0.094122
-0.733903
-0.559822
-1.078966
-1.133837
-1.613966
-2.103872
-2.423192
-2.916806
-2.922186
-3.159934
-3.568669
-4.145283
-4.395438
-3.929488
-4.953380
-4.976244
-5.584792
-5.621878
-5.277659
-6.191262
-6.506195
-6.288386
-6.253990
-6.699023
-6.750482
-7.312337
-7.346294
-7.762643
-8.101160
-8.388557
-8.306990
-8.213434
-8.779602
-8.920161
-9.333937
-9.477934
-9.457943
-9.622940
-9.808997
-9.867070
-9.700402
-9.306560
-9.575635
-9.679438
-10.285124
-9.598145
-9.639674
-9.876498
-10.437543
-9.578851
-10.250468
-10.022139
-9.896854
-9.445252
-10.099773
-9.510927
-10.131869
-9.670211
-9.637263
-9.826688
-9.446723
-9.446048
-9.000720
-9.288856
-8.733029
-9.222917
-8.684467
-8.095146
-8.410379
-8.123067
-8.081783
-7.616544
-7.701378
-7.738657
-7.476315
-7.155075
-6.702342
-5.891829
-6.163433
-6.121996
-6.015650
-5.015351
-5.301678
-4.620377
-4.434744
-4.519283
-3.946375
-3.256517
-3.049236
-2.769870
-3.187057
-2.580650
-2.493906
-1.988783
-1.790405
-1.254653
-0.742403
-0.726145
0.124589
-0.003711
