0.784223
1.003792
1.330986
1.074748
2.033415
2.238748
2.680583
2.776646
2.309358
3.140556
3.063952
3.230790
3.779914
4.591380
4.712023
4.884048
4.669733
5.485859
5.987446
5.779619
5.957314
5.881634
7.009884
6.521377
7.468504
6.792527
7.844953
8.000004
7.488221
8.268251
8.565607
8.339702
8.227764
8.368277
9.391166
9.158649
8.952809
9.220426
9.196828
9.336016
9.328860
9.827691
9.511081
9.367561
10.265374
10.104391
9.942912
9.810008
10.150060
9.877036
10.188835
10.289463
9.946804
9.756953
9.512890
9.996592
9.666240
9.694065
9.334257
9.462959
9.783706
9.058446
9.055546
9.352174
9.384995
8.814157
8.644890
7.988382
8.242625
8.479879
8.188698
8.045704
7.849221
7.208583
6.692374
7.220137
6.685913
6.659767
6.056258
5.868948
5.978316
4.860385
4.680129
5.242234
4.850209
4.080266
4.365255
3.936169
3.598211
3.373637
3.029214
2.457720
2.343896
2.186872
1.441321
1.537868
1.341264
0.428096
0.157254
-0.183338
-0.474707
-1.046958
-0.974515
-1.164233
-1.823114
-1.450582
-2.469648
-2.532631
-2.347888
-2.868594
-3.166898
-3.538364
-3.633268
-4.367962
-4.112260
-4.324319
-5.449948
-5.316762
-5.575594
-5.787601
-5.664211
-6.639589
-6.916784
-7.008727
-7.548945
-7.564141
-7.598052
-8.202488
-7.459709
-7.898794
-8.155938
-8.770592
-8.541762
-8.574511
-8.717709
-9.388793
-8.766799
-9.291250
-9.784034
-9.589024
-9.679695
-10.011720
-9.597233
-9.844945
-9.961536
-9.669292
-9.810444
-9.894149
-10.387933
-10.142417
-10.232236
-10.241986
-9.509885
-10.136209
-10.307087
-10.148509
-9.629515
-9.235954
-9.175990
-9.909370
-8.964627
-9.531721
-8.991184
-8.796892
-8.560510
-8.589301
-8.231986
-8.736309
-8.610661
-7.619436
-7.766518
-7.828398
-7.684307
-6.813425
-6.898328
-7.177684
-6.879140
-6.387332
-5.953132
-5.940517
-5.880441
-5.029721
-4.692551
-4.697439
-4.212895
-4.021247
-3.992980
-3.735047
-2.957263
-2.763743
-3.048684
-2.205892
-2.042273
-2.078040
-1.925581
-0.918030
-1.073035
-0.145980
-0.751418
0.204997
