-0.110316
1.025424
0.490282
1.547351
1.308455
2.071641
2.398259
2.409850
3.156480
2.741689
2.903069
3.560571
4.018676
3.814516
4.626935
4.715825
5.398002
5.319261
6.039845
6.086427
6.236334
6.504874
6.821343
6.809501
7.499371
6.798915
7.901061
7.767462
8.034832
7.629179
8.435514
8.344349
8.969673
9.062518
9.036267
8.759603
8.786994
9.534224
9.329735
9.308364
9.512867
9.246451
10.126168
10.157052
10.197005
10.093608
9.575719
9.552699
10.398841
9.582722
10.055938
9.647784
10.311207
9.891778
9.815912
9.628050
9.326483
9.522546
9.260837
9.376878
9.130370
9.580608
8.874389
8.705269
8.859072
9.234293
9.102742
8.284931
8.046730
7.857472
8.133968
7.630370
7.416256
7.338250
7.419726
6.880173
7.063112
6.782410
6.480417
5.649349
5.338383
5.584810
4.951342
4.879266
4.063257
4.225380
3.491041
3.251600
3.426689
2.850545
3.055531
2.575336
2.603726
1.491155
1.556199
1.205854
0.823900
0.692402
0.180311
-0.338376
0.135288
-0.799071
-1.239957
-0.873801
-1.298874
-1.797130
-2.308338
-2.244497
-2.717344
-3.142601
-3.719481
-4.060839
-4.112512
-4.593008
-4.539474
-4.960451
-5.279517
-5.594651
-5.691453
-5.954916
-5.949424
-5.924466
-6.619705
-7.325074
-7.249765
-7.250361
-7.225675
-7.696662
-8.252816
-8.064840
-8.379210
-8.423802
-8.340875
-8.876418
-8.455364
-8.836067
-8.836769
-9.744105
-9.268778
-9.415938
-9.607979
-9.888894
-9.660398
-9.688882
-10.077052
-9.857225
-9.483667
-10.279221
-9.844543
-10.371875
-10.238322
-10.423112
-10.426875
-9.637093
-9.709474
-9.709034
-9.644488
-10.009803
-9.313250
-9.283800
-9.372973
-9.762429
-8.886788
-9.292158
-9.285104
-8.544966
-8.575074
-8.364793
-8.193835
-7.834722
-7.827861
-7.762906
-7.689372
-7.504036
-7.423391
-6.508480
-6.952970
-5.910336
-6.088611
-5.971719
-5.824690
-5.094322
-5.108720
-4.489626
-4.182572
-4.295279
-3.980599
-3.507860
-3.450118
-3.516887
-2.614998
-2.763928
-2.597255
-2.082536
-1.944729
-1.313623
-1.069163
-0.458244
0.030732
-0.391924
