0.715595
0.419551
1.184633
1.119332
1.183670
1.439362
1.796951
2.808240
2.445240
2.885107
3.115500
3.238685
3.924457
4.422049
4.962412
5.046716
5.059839
5.485084
5.700833
5.522606
6.553169
5.950097
6.239263
6.837723
7.175061
7.183163
7.410622
7.435329
8.375283
8.461136
8.211110
8.371145
8.535781
9.095592
8.430452
8.698268
8.831264
8.853947
9.573297
9.379061
9.819747
9.444973
10.060272
10.262760
9.765362
9.641043
10.122836
10.007506
9.751422
10.348650
10.123778
10.281906
9.565039
9.871660
9.895747
9.786186
9.753856
9.713222
9.140527
9.838885
9.676074
8.939384
9.656136
8.694228
9.368597
9.055513
8.583278
8.028793
7.999316
8.255517
8.220954
7.250893
7.637448
7.696130
7.176718
6.506618
6.685222
6.523767
5.838428
5.875684
5.717843
5.772112
5.228926
5.046289
4.170398
4.446037
4.104620
4.045334
3.067951
2.641866
3.095793
2.773100
2.086685
1.678370
1.997216
1.694517
1.381107
0.757228
-0.100083
0.124775
-0.346610
-0.586052
-0.573516
-1.173520
-1.436295
-2.031067
-2.667149
-2.616721
-2.734847
-3.550915
-3.185237
-3.264382
-4.239630
-4.235187
-4.980088
-4.734142
-5.099198
-5.402940
-5.755923
-5.571037
-6.013763
-5.978413
-6.305107
-7.203476
-7.406875
-7.543863
-7.506654
-7.293558
-8.148285
-8.015003
-8.699144
-8.150886
-9.022675
-8.313989
-9.174870
-9.154483
-9.243477
-9.706131
-9.830025
-9.911026
-9.686854
-9.806109
-9.386396
-9.725381
-9.435936
-9.457198
-9.976630
-9.741530
-9.794660
-9.788958
-9.732870
-10.032272
-10.041392
-10.034475
-9.814441
-9.729967
-10.083232
-9.424463
-9.353147
-9.369645
-9.673818
-9.147487
-9.322039
-9.170955
-8.422332
-9.208251
-8.373898
-8.071756
-7.808292
-8.104992
-7.956066
-7.261955
-7.639638
-6.895738
-6.773518
-7.166489
-6.594903
-5.915273
-5.816547
-5.980103
-5.377980
-5.119792
-4.825178
-5.209508
-4.439350
-4.471049
-3.613546
-3.612165
-3.711568
-2.770522
-2.944446
-2.567926
-1.969388
-2.080781
-1.632750
-1.028359
-0.598194
-0.243497
-0.547616
0.130334
