0.366056
0.896723
1.403994
1.609677
1.292555
1.782460
2.558666
2.356544
2.373787
3.165436
2.888986
3.618276
4.062090
3.958368
4.477981
4.451074
5.441732
5.039958
5.183486
5.538680
6.456630
6.168532
6.758889
7.248102
7.551026
7.183865
7.478894
7.483610
7.815419
7.626000
8.695585
8.716273
8.276579
8.756293
9.146452
8.934724
9.170920
9.601560
9.507842
9.457115
9.508755
9.742474
9.718818
9.908680
9.812786
9.695604
10.389396
9.578741
10.412644
10.113975
9.869841
9.635733
9.525602
10.055813
9.394605
10.141359
9.991158
10.022882
9.372599
9.860240
9.882710
8.853889
9.438632
8.846125
8.884827
8.446173
8.597382
8.667761
8.137629
8.105666
7.423542
7.683681
7.791353
7.783217
7.288497
7.000535
6.965889
6.487310
6.091808
5.480699
5.869959
5.351521
4.992441
4.319110
4.543927
4.203963
3.803554
3.845824
3.525165
3.514579
2.701217
2.331342
1.752058
1.638349
1.865921
1.706662
0.453242
0.240048
0.811183
-0.464458
-0.629610
-1.098939
-1.306045
-1.264040
-1.267757
-2.199322
-1.973130
-2.358024
-2.483202
-3.367267
-3.723885
-3.938880
-4.125085
-3.848957
-5.007979
-4.529105
-5.208972
-5.105736
-5.783428
-5.797872
-6.309400
-6.855389
-6.507453
-6.886387
-7.521067
-6.853767
-7.272579
-7.474786
-7.676608
-8.096331
-7.898997
-8.585508
-9.014249
-8.931661
-8.820080
-9.015991
-9.308010
-9.029867
-9.303612
-9.612268
-9.950766
-9.555653
-9.965572
-10.116282
-9.507865
-9.528981
-10.029662
-10.341194
-9.669008
-9.933049
-9.870172
-10.437933
-9.683729
-9.597194
-9.584701
-10.055683
-10.004995
-9.975177
-9.610117
-9.374389
-9.738396
-8.810165
-8.878492
-9.246768
-8.728848
-8.866233
-8.118658
-8.360471
-7.867998
-8.354046
-8.398063
-7.263631
-7.993150
-7.238928
-7.415633
-7.273119
-7.028304
-6.684881
-6.390782
-5.693780
-6.013985
-4.915735
-4.761875
-4.501521
-4.660642
-4.067265
-4.370841
-3.236046
-3.263715
-3.318170
-2.409789
-2.772593
-2.510149
-1.973753
-1.214765
-1.254479
-0.475906
-0.910147
-0.562620
0.147279
