0.192262
1.094665
0.693150
0.982218
1.621277
1.902777
2.100635
2.241886
2.530701
3.488834
3.226095
3.840826
3.794955
4.459288
4.775842
5.174345
5.486888
5.032020
5.984555
5.537643
5.697577
6.589347
7.059103
6.644111
6.587724
7.496658
7.677724
7.660360
7.850736
7.629494
8.047801
8.559781
8.221925
8.588739
8.524647
9.233502
8.685821
9.653681
9.576579
9.488721
10.083451
9.322761
9.938837
9.488900
9.909722
10.042718
9.957464
10.192841
10.319282
10.118909
10.222593
9.729978
10.206840
9.596312
9.959699
9.449781
9.750945
9.901163
10.001278
9.710357
9.582577
9.427323
9.309482
9.366255
9.360290
8.485517
8.197406
8.214200
8.431668
8.293540
7.542071
8.173908
7.806968
7.654760
7.019517
6.686261
6.902129
6.010563
6.266053
5.663617
5.870809
5.782805
5.154771
5.051896
4.496019
3.812660
3.965907
4.061850
3.065190
2.870403
2.432206
2.543068
2.426940
1.411414
1.939945
1.411824
0.822180
0.395905
0.180189
0.210083
-0.537921
-0.938342
-0.718975
-1.092513
-1.514326
-1.793623
-1.813516
-2.846918
-2.806452
-3.181161
-3.234874
-3.254762
-3.710091
-4.417793
-4.345947
-5.136115
-5.190947
-5.155783
-5.200722
-5.591598
-6.439800
-5.879110
-6.317464
-6.835188
-6.880571
-7.326109
-7.568848
-7.328489
-7.682373
-8.276636
-8.705160
-8.521109
-8.967651
-9.178004
-8.719483
-8.997638
-8.771077
-8.900447
-9.642642
-9.678948
-9.584819
-9.540729
-9.294292
-10.077589
-10.373759
-9.570428
-10.054460
-9.766672
-9.512056
-10.338547
-10.444102
-9.976322
-10.213065
-10.257016
-9.439689
-9.775220
-9.489062
-9.869587
-9.181120
-9.141969
-9.023516
-9.141508
-8.842695
-8.908387
-9.082991
-8.988100
-8.891053
-8.663892
-8.518035
-7.879216
-8.319440
-7.905364
-7.889937
-7.556545
-6.607369
-6.598293
-6.492038
-6.357452
-5.817741
-6.103224
-5.153455
-5.013283
-5.303951
-4.427376
-4.801206
-4.258598
-4.438689
-3.524940
-3.252521
-2.853357
-2.962991
-2.465289
-2.603814
-2.085867
-2.012541
-1.311350
-0.824785
-0.655762
-0.802624
-0.194866
