0.797780
0.498416
1.192810
1.092025
1.874035
1.627091
2.312174
2.983110
2.992439
3.357062
3.552033
3.600837
3.926653
4.513825
4.482626
5.227959
4.918402
5.246430
5.200424
5.614172
6.589939
5.883873
6.707480
7.014468
7.379124
7.777448
7.246005
8.062724
7.729356
7.841402
8.481549
8.818198
8.307695
8.339805
8.727072
8.934050
9.266126
9.253213
9.810406
9.355137
9.359388
9.914942
9.558027
9.343903
9.830922
10.063999
9.915950
10.007913
9.895777
9.518314
9.662323
10.316361
10.206941
9.446908
10.268523
10.291189
10.099526
9.367735
10.023473
9.057282
9.628422
9.708411
9.572722
9.370838
8.566041
8.876531
8.422194
8.585479
8.399096
8.093244
7.811241
7.428945
7.309052
7.313142
7.336018
7.001855
6.551981
6.545071
6.317004
5.640120
5.913183
4.923522
4.850841
5.200896
4.128131
4.584848
3.925068
3.859680
3.587928
3.558942
2.759606
2.458946
2.400458
1.646215
1.708056
0.918225
0.666413
0.490750
0.037575
0.226298
-0.185035
-0.932396
-0.676425
-1.191422
-1.513735
-1.400393
-1.710955
-2.062690
-3.224283
-2.869879
-3.154320
-3.348444
-4.425814
-3.880274
-4.480962
-5.153074
-5.380624
-5.707866
-5.823640
-6.102596
-6.523903
-6.040325
-6.930110
-7.245507
-6.993563
-7.033457
-7.157268
-8.156113
-8.268086
-7.695239
-7.974727
-8.741729
-8.998163
-8.896062
-8.715610
-9.166970
-8.829670
-9.642727
-9.639097
-9.199150
-10.059286
-9.558512
-9.701059
-9.704864
-9.557278
-9.904914
-9.794396
-10.437014
-10.043282
-10.108127
-10.416533
-10.316210
-9.782762
-9.683109
-9.755818
-10.130657
-9.327655
-9.950912
-9.433409
-9.798867
-9.873459
-9.602686
-9.131338
-9.307626
-9.406000
-9.176452
-8.918977
-8.279940
-8.281398
-8.364960
-8.175895
-7.873563
-7.658636
-6.844140
-7.399665
-6.513714
-6.672988
-6.697596
-6.507214
-6.002797
-5.573963
-5.777485
-5.075250
-4.641172
-4.715211
-4.029534
-3.568343
-3.793716
-3.561872
-3.144049
-2.837193
-2.277828
-1.718701
-2.291642
-1.949972
-0.910717
-0.872788
-0.813972
-0.519216
-0.082589
