0.119498
0.565974
0.979095
1.748146
1.457106
2.237394
2.489384
2.849589
2.769724
2.919136
2.990777
3.658931
3.950156
4.204988
4.641933
4.684633
5.169293
5.204769
6.072220
5.408334
5.816784
6.583530
6.875065
6.478867
7.534592
6.824128
7.133275
7.590638
7.704411
7.810506
7.922713
8.437148
9.074507
8.340003
8.715833
9.333184
8.738722
9.602234
9.029820
9.962512
9.417477
10.063234
9.529959
9.895614
9.794635
10.199927
9.764362
10.266867
10.490853
9.600656
9.841235
9.864506
9.840508
10.108006
9.515416
9.504345
9.573673
9.979251
9.191352
9.925122
9.767501
9.399307
9.259746
9.306447
9.110774
8.372310
8.180233
8.822662
7.778835
7.617615
7.770476
7.868827
7.473413
7.623483
7.519422
6.495300
6.684083
5.956272
6.018850
5.950470
5.341128
5.776383
4.643214
4.806167
4.145516
3.886338
3.626979
3.452157
2.934566
3.049712
2.832780
2.436672
2.366926
1.838960
2.039118
0.841134
1.257752
0.736959
0.103297
0.109833
-0.123678
-0.719150
-0.873206
-0.803535
-1.915957
-2.123352
-2.194758
-2.780885
-2.554035
-2.953733
-3.408147
-3.433715
-3.563073
-4.188646
-4.488622
-4.745792
-5.413369
-5.506791
-5.390130
-6.295085
-5.759614
-6.410614
-6.817835
-6.750046
-7.444165
-7.267132
-7.671196
-7.245320
-7.597124
-7.786056
-8.033449
-8.740475
-8.585462
-8.890979
-8.449449
-8.724850
-9.090468
-9.227143
-9.310418
-9.636157
-9.886332
-9.188583
-9.621474
-9.710253
-9.606862
-10.118632
-9.682837
-10.450019
-10.018438
-10.468586
-10.019535
-10.251596
-10.162968
-10.132316
-9.605897
-9.381714
-9.464655
-9.982158
-9.778313
-9.936513
-9.331510
-9.123439
-9.214371
-9.066461
-8.693283
-8.342960
-8.857317
-8.010339
-7.948442
-7.791052
-8.139316
-7.372511
-7.871970
-6.861806
-7.177772
-6.905855
-6.370889
-6.056272
-6.249904
-5.608656
-6.010636
-5.734385
-4.987910
-4.769757
-4.776414
-4.449235
-3.490061
-3.371129
-3.743116
-2.856043
-2.846818
-2.000287
-2.420661
-1.467216
-1.710517
-0.782180
-0.996705
-0.517039
-0.711593
-0.024408
