0.696605
1.065519
1.129068
0.902161
1.081236
1.971040
1.731063
2.516937
3.071526
2.634099
3.054832
3.205103
4.237985
4.153436
4.594390
5.266696
5.397745
4.929681
5.370675
6.239993
6.440043
6.592246
6.348436
6.764506
7.529614
7.489248
7.924781
7.627893
7.712241
7.918461
7.887131
8.058814
8.302093
8.535593
9.039853
9.341227
8.712093
9.314705
9.255006
9.808278
9.929177
10.085892
9.605672
10.260218
9.622113
10.050711
10.002868
9.659739
9.939208
9.780299
9.995106
10.009402
9.811827
10.358325
9.507827
9.330507
9.602874
9.990522
10.077985
9.385952
9.778876
9.035807
9.313097
9.249950
8.552040
8.296414
9.042010
8.666594
8.615336
8.267276
7.556983
8.004533
7.306975
6.959023
6.753783
6.621684
6.328060
5.915478
6.017880
6.321917
5.342916
5.009699
4.737023
4.527859
4.252682
4.192248
4.172557
3.378772
3.179847
3.021226
2.501598
2.363643
1.857717
2.104810
1.912182
0.909865
0.633444
0.319844
0.787437
-0.386397
-0.399349
-0.357386
-1.414159
-1.010051
-1.494662
-1.779564
-1.900978
-2.889107
-3.070238
-3.092598
-3.421981
-4.084674
-3.492633
-4.223845
-4.170414
-4.630665
-4.973631
-5.384982
-5.301645
-5.559996
-6.534619
-6.558955
-6.786434
-6.632436
-7.000968
-7.095852
-7.040091
-7.768270
-7.505506
-8.407871
-8.120245
-8.318297
-8.241030
-9.128889
-9.202104
-8.874108
-9.146189
-8.970854
-9.563489
-9.680519
-9.255055
-9.754774
-9.307536
-9.771316
-10.361156
-9.755669
-9.953881
-10.247929
-9.537147
-9.941998
-10.148101
-9.835537
-10.398572
-9.786528
-9.919553
-10.313167
-9.584622
-9.394578
-9.625521
-9.752633
-9.566855
-9.057383
-9.512750
-9.149969
-9.235156
-8.436510
-8.232213
-8.675632
-8.056957
-8.329748
-7.917953
-7.222565
-7.017342
-7.625525
-7.329142
-6.771916
-6.867774
-5.973990
-5.797950
-5.420615
-5.306025
-5.588306
-5.052735
-4.364864
-4.376488
-3.820614
-3.863542
-3.952281
-3.208561
-2.675778
-2.949267
-2.546961
-2.521176
-2.130450
-1.264555
-0.894568
-0.577309
-0.666506
0.154866
-0.194140
