0.438979
0.419105
0.790065
1.430061
1.387201
1.873089
2.447119
2.891467
2.624066
2.731944
3.675564
3.910516
4.080828
4.501503
4.803744
5.141503
4.975293
5.773870
5.356256
6.235866
6.604955
6.724057
6.326414
7.207359
7.514831
7.052239
7.772849
7.244671
7.518097
7.604419
8.383643
8.727390
8.653909
8.741405
8.667376
9.460259
8.995706
9.677229
9.507913
9.887116
9.706150
9.368356
10.087998
10.251419
10.018769
10.138907
10.369699
9.572493
9.714033
10.210981
10.182167
9.955376
9.772112
9.665950
10.229712
9.474991
9.772596
9.756122
9.348008
9.851463
9.640365
9.583839
8.806568
9.393611
9.178885
8.343769
8.681091
8.119322
8.641449
8.080603
8.277523
7.207011
7.994793
7.230591
6.947204
6.472027
6.180368
6.365112
6.112600
5.802721
5.501480
4.937242
5.324494
4.439377
4.165340
4.558931
3.918637
3.651567
3.276511
3.303134
2.374841
2.549701
2.039724
1.378291
1.959566
1.415492
1.350911
1.057587
0.323244
0.156508
-0.232521
-1.047525
-0.910142
-1.661136
-2.063858
-2.160940
-1.805421
-2.165217
-2.965692
-3.429627
-2.946638
-4.001765
-3.825726
-4.053881
-4.328534
-4.612332
-4.591624
-4.914867
-5.437932
-5.670057
-6.621041
-6.577372
-6.529929
-7.182943
-6.708819
-6.849111
-7.335646
-7.898130
-7.938264
-8.405482
-7.838107
-8.451326
-9.007785
-8.512342
-9.390950
-8.797963
-9.605198
-9.315929
-8.964410
-9.732659
-9.523563
-9.869279
-9.521112
-10.272486
-9.400626
-9.998520
-10.259549
-10.004854
-10.318122
-10.055067
-10.016064
-10.216108
-10.245594
-9.782456
-9.399635
-9.852240
-9.547199
-10.135404
-9.965785
-9.085719
-9.264868
-9.013298
-8.774886
-9.179507
-8.787030
-9.201671
-9.025207
-8.658279
-8.178681
-8.440107
-8.264374
-8.007493
-7.227048
-6.879518
-6.748761
-6.569110
-6.208613
-6.670066
-5.735853
-5.736635
-5.373291
-4.943309
-4.852779
-4.466904
-4.072961
-4.227077
-4.223874
-3.200735
-3.050228
-2.689466
-3.162220
-2.376613
-1.947958
-1.710877
-1.895282
-0.811620
-0.450500
-0.325901
-0.189589
-0.151845
