0.371512
0.818950
0.639777
1.429532
1.523958
1.694817
2.284791
2.294404
2.934433
3.332070
3.715282
3.311491
3.916281
4.029643
4.175102
5.194835
5.417475
5.016865
5.259898
5.415465
5.990323
6.790542
6.547677
6.800884
7.142777
7.255501
7.403396
7.669899
7.421213
7.872504
8.540208
8.158761
8.891594
8.507001
8.838702
9.324269
9.570123
9.284352
8.939210
9.430217
9.124270
9.994069
9.725435
9.908087
9.823673
9.438721
10.344744
10.383695
9.578087
10.040635
10.220460
10.405371
9.957359
10.346414
9.750289
9.714495
9.740247
9.688139
9.747999
9.549262
9.104682
8.857723
9.526910
9.253662
9.183632
8.857971
8.410841
8.277947
8.395674
8.415290
8.107381
7.850795
7.067489
7.096901
6.933316
7.140188
6.526965
6.402162
5.809459
5.787025
5.649916
5.338666
5.026901
5.098804
4.315569
4.256951
4.027050
4.116603
3.638384
3.544789
2.933995
2.697878
1.748457
1.508623
1.195456
1.423302
0.511618
0.850194
0.687776
0.424199
-0.691049
-0.406972
-1.430979
-1.378572
-1.993943
-1.433473
-2.282391
-2.420664
-2.495596
-2.706092
-3.582203
-3.719858
-3.996490
-4.659310
-5.028352
-4.540932
-4.868410
-5.013400
-5.431215
-6.072954
-5.863696
-6.622040
-7.066544
-7.089796
-6.721446
-7.295702
-7.128935
-7.476463
-7.823143
-7.997219
-8.146818
-8.030218
-8.311469
-9.210091
-8.698205
-9.371037
-9.582380
-8.824301
-9.665311
-9.126379
-9.212333
-10.170091
-10.224978
-10.275952
-9.577447
-9.857453
-9.458522
-10.216481
-10.247663
-9.965339
-10.475795
-10.324867
-9.823297
-9.646364
-10.011930
-9.666521
-9.677288
-9.677685
-9.540195
-9.805366
-9.331631
-9.268901
-8.811317
-8.702142
-8.484744
-8.944041
-8.279245
-8.629552
-8.447521
-7.619133
-7.959280
-8.139654
-7.341907
-7.677102
-7.529158
-6.653711
-6.925351
-5.984953
-5.777414
-5.406146
-5.275342
-4.884484
-4.617286
-4.809765
-4.534738
-3.861461
-3.641552
-4.002007
-3.724360
-3.224406
-2.975784
-2.188532
-2.666961
-2.343351
-1.938388
-1.512689
-1.220599
-0.402710
-0.326771
0.368427
