0.347405
1.007027
0.692274
1.387768
1.236697
2.237682
2.136846
2.186574
2.405227
2.638197
3.880722
3.657707
3.995291
4.371241
4.486596
5.072561
5.196173
5.826925
5.274502
5.830484
6.009860
6.401587
6.281107
7.104785
6.682647
6.958438
7.162684
7.995683
7.931825
7.785871
8.353542
8.432229
8.710073
8.297348
9.398968
9.193256
8.697790
9.002418
9.864446
9.949822
9.581201
9.993537
9.964884
9.468711
9.736012
10.054291
10.192529
9.694257
9.508593
9.922017
9.924412
9.685654
10.240149
10.260035
9.421773
9.646279
9.338492
9.688418
9.488502
9.205712
9.440851
9.239698
9.148486
9.239419
8.881847
8.844395
8.964529
8.751188
8.111468
8.564395
7.932523
7.219010
7.853498
7.665205
7.469736
6.415151
6.861974
6.704025
6.540751
6.296070
5.527326
5.212634
5.193576
5.180863
4.333321
4.651692
4.122705
4.072021
3.549235
2.875903
2.636463
2.892210
2.228380
2.338160
1.818909
0.861078
0.456888
0.583172
0.410232
-0.073534
-0.193810
-0.539633
-0.763233
-0.762395
-1.827827
-1.466772
-2.131812
-2.004812
-2.484364
-3.332150
-2.991162
-3.578942
-4.364271
-4.007412
-4.443485
-4.607965
-5.126624
-5.252649
-5.647033
-6.269865
-6.118888
-6.048898
-6.433991
-6.384765
-6.900503
-7.460998
-7.917635
-8.146136
-7.774018
-7.787751
-8.220690
-8.041319
-8.353185
-8.403660
-8.451131
-9.233290
-9.219711
-9.533636
-9.504818
-9.445266
-10.048572
-10.024056
-9.645835
-9.506149
-9.552931
-9.496641
-10.357285
-9.786922
-10.478266
-9.661112
-10.018395
-10.144611
-9.829714
-9.675553
-10.029431
-10.109966
-9.432487
-9.895583
-9.892316
-9.972987
-8.955404
-9.555297
-9.152628
-9.189824
-8.950820
-8.695191
-8.413195
-8.087493
-8.711763
-7.901198
-7.656497
-7.931135
-7.118031
-6.803313
-6.711785
-7.198836
-6.711472
-6.088125
-6.376105
-5.550366
-5.733906
-4.996759
-5.211341
-4.723908
-4.611945
-4.381768
-4.228098
-3.980915
-3.511015
-2.941131
-2.726738
-2.036595
-2.463615
-1.944006
-1.348245
-1.021932
-1.138980
-0.180296
-0.438422
0.183225
