0.547264
0.309322
1.040906
1.468024
1.816831
2.346059
2.241278
2.881824
2.560887
3.181921
3.299023
4.044348
3.664488
4.435185
4.203232
4.411598
4.999200
5.103226
5.141302
5.710547
6.036595
6.082412
6.252723
7.204624
6.953960
7.401143
7.717323
7.919097
8.227883
8.438032
8.760249
8.241370
9.041874
9.011172
9.303893
9.542129
8.915832
9.339762
9.713229
9.500516
9.690622
10.025045
9.465498
10.210884
9.541380
9.837349
9.928302
9.491954
9.585729
10.291607
10.108896
10.138536
9.493947
9.858415
10.049625
9.701218
9.928071
10.163184
9.227494
9.863102
9.157661
9.738640
8.728031
8.859036
9.014306
9.202508
8.726884
8.810979
8.711899
7.654411
8.351660
7.869343
7.457080
6.898651
7.341410
7.068646
6.541685
6.345802
6.212626
6.260270
6.055060
5.582085
5.587476
5.110656
4.566031
4.697112
4.048287
3.662377
3.882118
2.907273
3.177409
2.096189
1.868455
1.447545
1.556612
1.290267
1.119396
0.492485
0.715763
-0.458626
0.143088
-0.140945
-1.289161
-0.918463
-1.847511
-1.601630
-2.391367
-2.421941
-2.722754
-3.297131
-3.556706
-3.485728
-4.010750
-4.728047
-4.810098
-4.826721
-5.371667
-5.340814
-5.519007
-5.722537
-5.889138
-6.280300
-6.891678
-6.991278
-7.087211
-7.153265
-7.935984
-7.670543
-7.535106
-7.699616
-8.156388
-8.242805
-8.841313
-8.785930
-9.193286
-9.240268
-9.460758
-8.855573
-9.640533
-9.418713
-9.809462
-10.050164
-9.992362
-10.046930
-9.473707
-10.299110
-9.549779
-10.203309
-10.302451
-9.741711
-9.661593
-10.237959
-10.320503
-9.518134
-10.333565
-9.838457
-9.371063
-9.768321
-9.933617
-9.275269
-9.712706
-8.840294
-9.507267
-9.073783
-8.681317
-9.220964
-8.946558
-8.651962
-7.853497
-8.464510
-8.020188
-7.870589
-7.832360
-7.050059
-6.735137
-7.150089
-6.326054
-6.034257
-5.634588
-6.137360
-5.635676
-5.835884
-5.498056
-4.630975
-4.858078
-4.084931
-4.263804
-3.854172
-3.664315
-3.528191
-3.168363
-2.497570
-2.166291
-2.323956
-1.437829
-1.649157
-1.151477
-1.083045
0.046885
-0.205683
