0.606904
0.835972
1.025220
1.395961
1.544963
1.599716
2.549586
1.990566
3.270565
3.291810
3.548448
3.975202
4.135277
4.597762
4.370873
5.034689
4.655530
5.083921
5.343729
5.852321
5.747159
5.998023
7.102834
7.063745
6.695204
7.481067
7.814694
8.153219
8.182197
8.075771
8.680205
8.499435
8.971101
9.236773
9.384197
9.076564
8.896345
9.126458
9.642227
9.834953
9.228584
9.780236
9.677094
9.858592
10.041904
9.523806
10.026244
10.154329
10.109853
10.032333
9.881558
10.163575
9.896001
9.774209
9.663005
9.370711
10.108000
10.001338
9.143034
9.971738
9.852444
9.567645
9.505579
9.336959
8.900521
8.462181
8.113190
8.022538
8.327601
8.045572
8.385708
8.143914
7.801221
7.684762
6.887529
6.792080
7.059286
6.462427
6.347106
6.039784
5.263858
5.050734
5.424928
4.630231
4.806801
4.750572
3.784036
3.398486
2.978170
3.505667
2.942867
2.059422
1.812757
1.468622
2.012267
1.733266
0.446473
0.727494
0.769823
-0.423371
-0.807041
-0.439057
-1.280198
-0.993929
-1.857733
-1.810244
-1.943035
-2.931975
-2.460626
-2.925684
-3.036065
-3.957024
-3.931188
-3.939734
-4.171202
-4.475618
-5.174239
-5.275530
-5.712372
-5.772692
-5.801704
-6.822123
-6.729425
-6.619557
-7.049115
-7.674325
-7.600272
-7.637673
-8.101400
-8.349411
-7.889031
-8.587161
-8.675497
-9.115804
-8.622919
-9.149180
-8.708369
-9.403920
-9.059845
-9.795938
-9.248013
-9.848439
-10.189487
-10.271512
-9.598273
-9.764549
-10.439779
-10.314404
-9.669695
-10.060183
-9.524110
-10.196090
-10.341228
-9.741795
-9.647793
-9.846217
-9.988134
-9.620466
-9.892034
-9.510970
-9.173471
-9.272116
-9.120214
-9.357272
-8.527011
-8.449251
-8.914438
-8.658009
-7.900358
-7.851221
-7.790323
-7.227985
-7.488644
-7.103149
-7.417561
-7.033361
-6.948586
-6.849253
-6.528849
-6.244396
-6.051232
-5.301954
-4.945319
-5.205950
-4.278331
-4.591882
-3.593299
-3.494716
-3.079540
-2.951742
-2.410451
-2.932704
-2.404329
-2.005660
-1.291107
-1.250453
-1.179583
-0.549882
-0.809778
-0.113480
