0.412188
0.953615
1.315962
0.931629
1.587797
1.477278
2.172666
2.728753
2.711646
2.806751
3.866157
3.546582
4.337573
4.415070
4.825070
5.103824
4.942880
5.789379
5.432912
6.286685
6.354888
6.097992
6.126551
7.324014
7.372182
7.566151
7.266523
7.487063
7.858170
8.350857
8.634189
8.008172
8.783991
8.492093
8.777107
8.806901
8.926518
9.327207
9.822471
9.568874
9.547606
10.018387
9.404843
10.198446
9.901263
10.001851
9.844297
9.568307
9.931210
10.280277
9.946119
9.640970
9.943637
10.200904
10.363813
10.140010
9.925917
9.189456
9.151208
9.745709
9.129628
8.977672
9.354893
9.163030
8.595126
8.323309
8.153966
8.835004
7.802768
8.570381
8.284036
7.487067
7.655608
7.167006
6.615382
6.818274
6.161684
6.350458
5.880825
6.087305
6.029743
5.715714
5.118335
4.461899
4.057029
4.678824
3.738131
4.080600
3.187533
2.880687
2.816080
2.186044
1.761752
2.076719
1.950679
1.561507
1.427653
0.258196
-0.032656
-0.060454
-0.025839
-0.414930
-1.211802
-1.205148
-1.575341
-1.742090
-2.583918
-2.294259
-2.405132
-2.768676
-3.513788
-3.258815
-4.062323
-4.219457
-4.838586
-5.234605
-4.712299
-5.781419
-5.141103
-5.437383
-5.896765
-6.553052
-6.489096
-6.682520
-7.195720
-6.947733
-7.527053
-7.465951
-7.822260
-8.543409
-7.999476
-8.357523
-8.614036
-9.161135
-8.958802
-9.124082
-9.008243
-9.068544
-9.810104
-9.793778
-9.628831
-9.981623
-9.473932
-10.024871
-10.110064
-9.903160
-10.333030
-10.430382
-10.161931
-9.770812
-10.314205
-9.493041
-9.916778
-9.789699
-10.226026
-10.014622
-10.136290
-9.521790
-9.487367
-9.367187
-9.032637
-8.797960
-9.591317
-8.999784
-8.965535
-8.301264
-8.877972
-7.955034
-8.229933
-8.251366
-7.752035
-7.971854
-7.330222
-7.260804
-7.172215
-6.763993
-6.213784
-6.431401
-6.172904
-5.418450
-5.612592
-5.794268
-5.275688
-5.067951
-4.067865
-4.191978
-4.456953
-3.850821
-3.597069
-3.407206
-2.817932
-2.498623
-2.572889
-1.729461
-1.236059
-1.422442
-1.164937
-0.303083
-0.145933
0.449530
