0.725046
0.772281
0.738927
0.772871
1.412158
1.627709
1.983818
2.946029
2.906242
2.652988
2.889714
4.046701
4.177876
4.083470
4.954484
4.553044
5.178151
5.127180
5.968809
5.996686
5.654273
6.389757
6.116582
7.092919
7.345635
7.754164
7.120762
7.210280
7.618378
7.962888
8.147778
7.945466
8.524592
8.557129
9.204482
9.436096
9.452144
9.114013
9.811071
9.740136
9.776185
9.325383
9.379271
9.602112
9.707297
9.786719
9.484797
10.215707
9.833584
9.966268
9.925656
10.023447
10.435294
10.154769
9.378829
9.661275
9.409372
10.088464
9.441879
9.557848
9.206884
8.957629
8.894240
8.808126
8.819828
9.100794
8.359749
8.490117
8.449036
7.753270
7.488216
7.248969
7.817287
7.116715
6.660927
6.929753
6.569742
6.575668
5.737033
6.225378
5.631527
5.465207
4.818338
5.179213
4.764594
4.145333
4.046672
3.505453
3.859254
3.155633
2.346103
2.938114
2.049229
2.255947
1.076415
1.697683
0.647246
0.465284
0.555427
0.333322
-0.615808
-0.274032
-0.528681
-1.552484
-1.379660
-2.272149
-2.471855
-2.264894
-2.710272
-3.345500
-3.599313
-4.083607
-4.104494
-4.108361
-4.401507
-4.705280
-5.364058
-5.513725
-5.655093
-5.543486
-6.023984
-6.796434
-6.333921
-7.229101
-6.599399
-7.365239
-7.043349
-7.565199
-7.638847
-7.868233
-8.453263
-8.190685
-8.669806
-8.547776
-9.262883
-8.697140
-9.489499
-9.181453
-9.256434
-9.898832
-9.328034
-9.340526
-10.064619
-9.611291
-10.293698
-9.810665
-9.813932
-9.638156
-9.727337
-10.168145
-10.248930
-10.305635
-9.803692
-9.603318
-9.702089
-9.664284
-10.248212
-9.660310
-9.471632
-9.672757
-9.686708
-9.634513
-8.904002
-9.031397
-9.012042
-8.866074
-8.485415
-8.870300
-8.656880
-8.245867
-7.604889
-7.674682
-7.496971
-6.843492
-7.193882
-6.978289
-6.547936
-6.332615
-6.581697
-6.166463
-5.661585
-5.153543
-5.032741
-5.086250
-4.422443
-4.608261
-3.783756
-3.685708
-3.483865
-3.103797
-3.098155
-2.763681
-2.260580
-2.303929
-1.855393
-1.542151
-0.472433
-0.811487
-0.638693
0.129406
