0.327207
0.223212
0.649406
1.253216
2.060447
1.455036
2.279304
2.247179
2.321273
2.721129
3.573328
3.773101
4.152414
4.009232
4.527339
5.142128
5.208178
5.517117
5.334499
6.193494
5.749756
6.221230
6.402614
6.953156
6.730734
7.440889
7.550675
7.651780
8.231683
7.841679
8.601288
8.586343
8.840448
8.675164
9.119610
9.328893
9.189183
9.659752
9.037865
9.562925
9.817940
9.579538
9.385994
10.233705
9.641254
9.736933
10.266499
9.783179
10.461804
10.075374
10.441912
9.589939
10.438726
9.813623
9.846900
10.076682
10.257332
9.321250
9.673602
9.860160
8.998861
9.750798
9.318289
8.871851
9.365759
8.589556
9.089841
8.117373
7.958478
7.932272
7.982632
8.091487
7.801118
7.787798
7.191134
6.752098
7.049999
6.869740
5.845766
5.793365
5.747431
5.182118
5.504106
5.135133
5.005239
4.352149
4.000069
3.632988
3.518122
3.241219
2.970616
2.048817
2.522307
1.488345
1.135628
1.052508
0.890967
0.129893
-0.174239
-0.179123
-0.361908
-0.664046
-1.300922
-1.355972
-1.161963
-2.007293
-2.357286
-2.757538
-2.889927
-3.396581
-3.195687
-3.423030
-3.590333
-3.877177
-4.692599
-5.033039
-5.353658
-5.214399
-5.386305
-5.914791
-6.610133
-5.932862
-7.032794
-6.554087
-6.874356
-7.669797
-7.288386
-7.809281
-7.528808
-7.710258
-8.131109
-8.140673
-8.619169
-8.356451
-8.558670
-8.650243
-9.149084
-8.928994
-9.370406
-9.529971
-10.089476
-9.290810
-10.071890
-9.978496
-10.323962
-9.854603
-9.629348
-10.317848
-10.428994
-10.468059
-10.048625
-10.474917
-9.660861
-9.951513
-10.365561
-9.548351
-9.940427
-9.341376
-9.939751
-9.699528
-9.610739
-9.077187
-9.301437
-9.488513
-8.747033
-8.890392
-9.034478
-8.491696
-8.026204
-7.614659
-7.443980
-7.407909
-7.395377
-6.982237
-6.902183
-6.538178
-6.594126
-6.632461
-6.301268
-5.696048
-5.871672
-4.985864
-4.831468
-4.933867
-4.291056
-4.057899
-3.594735
-3.806658
-3.198419
-3.015893
-2.369713
-2.030307
-2.591828
-1.902117
-1.819400
-1.327904
-0.543581
-1.097424
-0.807952
0.025567
