0.545835
0.955767
0.866326
1.044941
1.764857
2.177440
2.512946
2.301514
3.255273
3.201961
3.318067
3.991360
3.611010
4.289711
4.560274
4.913638
5.091053
5.429777
5.823741
5.534398
6.454883
6.696114
6.600085
7.089101
6.803770
7.212647
7.455949
7.723570
7.576075
8.307356
8.407650
8.175169
8.740625
9.143871
8.627048
9.521614
9.536530
9.426304
9.795598
9.895714
9.334541
9.767992
9.711715
10.269548
9.970800
10.189216
10.380185
10.283400
10.431659
10.409514
10.430528
10.432914
9.673176
10.324834
10.064844
10.269701
9.440129
9.215854
9.385059
9.901818
9.075497
9.133392
9.195015
8.928459
9.163289
9.226714
8.122212
8.477444
8.545389
8.263539
8.254124
8.112864
7.336432
6.811366
6.872344
6.982800
7.054567
6.132650
6.001906
6.344630
5.446368
5.154990
4.905560
4.605397
4.836554
4.693154
4.309587
4.071493
3.469211
3.057759
2.320842
2.469917
1.932238
2.121357
1.909800
0.879246
0.869828
0.626492
0.670156
-0.407631
-0.137394
-0.162081
-1.368557
-0.776479
-1.554044
-1.972105
-2.466722
-2.657190
-3.266532
-3.146537
-3.830160
-3.429319
-3.778205
-3.872762
-4.246569
-4.462371
-4.816915
-5.777154
-5.534156
-5.535465
-5.648949
-5.986066
-6.943119
-6.931248
-6.901573
-7.450993
-7.453324
-7.949494
-7.734992
-8.270726
-8.615216
-8.712265
-8.512106
-8.357925
-9.160385
-8.673704
-9.579407
-9.442787
-8.973951
-9.174093
-9.574894
-9.827398
-9.622313
-9.654934
-9.444907
-9.883477
-10.086289
-9.657131
-10.330290
-9.858697
-9.824337
-10.412677
-9.499929
-10.046559
-9.599827
-9.866541
-10.075854
-9.215090
-9.517700
-9.387844
-9.251822
-9.515372
-8.807735
-9.312409
-8.968218
-8.859571
-8.379978
-8.459919
-7.918577
-8.482007
-7.452848
-8.038976
-7.388931
-7.336411
-7.302564
-7.191278
-6.209559
-6.441548
-6.465767
-5.827432
-5.212407
-5.559943
-4.800686
-4.380425
-4.326808
-3.820141
-3.849510
-3.600974
-3.107013
-2.728646
-2.810602
-2.772560
-1.938631
-2.239730
-1.879302
-1.367498
-0.992345
-0.226084
0.112834
-0.005965
