0.209675
1.069604
1.084249
0.994008
1.100737
1.994339
2.511495
2.525863
3.265378
3.528101
3.069532
3.789912
3.498596
4.220146
4.345236
4.550658
4.627709
5.790150
5.591556
5.960337
5.778268
6.699892
6.590823
6.608249
7.518306
6.916094
7.015826
7.795475
7.467507
8.278845
7.991968
8.324037
8.564600
8.273416
9.190073
9.270605
8.996584
9.104359
9.612637
9.555597
9.254976
9.715689
10.067998
10.014199
9.822326
9.481600
9.811789
10.120994
9.901673
9.830505
9.563887
9.625554
9.748860
9.988373
9.495048
10.160196
10.234504
9.668936
9.991966
9.456668
9.076189
9.198703
8.975924
9.398633
8.988516
8.724854
9.039721
8.844082
8.769382
7.638369
7.536733
7.582837
7.225644
6.975884
7.247263
6.633499
6.782723
6.627032
6.048448
6.340868
5.295806
4.901638
5.421748
4.993282
4.814585
4.578671
3.931933
3.376574
3.046597
3.322431
2.320986
2.485085
2.395696
1.502877
1.133911
1.383413
0.733636
1.075565
0.750731
0.475938
-0.785060
-1.069710
-0.735943
-1.602349
-1.330397
-1.417595
-2.132281
-2.744004
-2.777663
-3.026059
-2.971194
-3.351797
-3.647744
-3.963166
-4.485776
-4.931339
-5.548675
-5.613077
-5.966180
-6.104231
-6.605302
-6.715647
-6.934825
-7.106827
-6.900142
-7.066333
-7.571231
-7.601360
-7.612327
-8.424046
-8.535311
-8.190371
-8.461479
-9.141282
-8.987146
-9.097088
-9.454999
-8.919329
-9.799402
-9.882356
-10.019786
-10.179889
-9.756125
-9.621561
-9.696587
-9.660934
-10.333616
-9.950750
-9.947599
-9.941493
-9.940043
-10.377074
-10.284540
-9.718228
-9.879817
-10.291897
-9.315420
-9.635929
-9.798387
-9.446925
-9.559336
-9.269002
-8.688354
-9.243964
-9.310646
-9.205717
-8.568304
-8.112871
-8.750797
-8.403157
-7.621907
-7.299468
-7.229108
-6.931247
-6.868549
-6.587735
-6.645442
-6.105721
-6.589356
-5.893524
-5.317266
-4.961320
-4.846132
-5.077841
-4.830672
-4.669901
-3.745571
-3.369662
-3.242387
-2.628400
-2.929593
-2.681322
-2.484261
-1.560931
-1.466106
-1.256550
-1.072580
-0.276180
-0.646092
0.282902
