-0.749759
4.021562
-2.457003
4.069556
-2.852290
2.023882
0.878675
-1.012870
1.176424
4.534066
2.684089
8.439180
7.566504
-0.456163
8.661009
0.772506
5.566556
4.536342
9.072711
2.348194
6.208610
2.676874
3.480903
6.176890
2.128654
7.720732
6.104892
9.453975
5.568755
7.660841
12.198958
8.246222
10.714725
13.016636
9.033255
12.253237
10.785391
5.321092
10.236299
12.583409
6.888901
8.011560
10.388726
5.201659
10.963786
5.036280
7.390152
13.377063
14.224367
14.254172
10.190573
14.602733
5.744585
6.445264
4.946560
13.966178
10.578949
11.319152
8.073532
9.440668
12.954228
6.658021
11.435895
9.409928
9.836930
7.130271
9.290495
6.652611
8.616398
4.437820
7.446961
11.273783
4.086988
8.406033
11.832124
6.881415
1.773063
5.029868
7.192697
1.299086
1.374190
3.304267
0.539105
2.099040
0.916713
6.860239
2.734307
4.216280
-1.483260
3.115940
-1.226311
7.273908
0.122379
6.668979
4.278932
1.625843
-1.109620
-3.986298
-1.031888
3.059127
3.243562
-5.122798
-5.446918
0.290738
-1.306225
-6.442234
-2.027468
-2.781627
-6.241160
0.383396
-4.046064
-7.512542
-3.730823
-5.265275
-1.166019
-3.769121
-8.480201
-8.488401
-4.326018
-9.445302
-7.560189
-3.697810
-11.327533
-2.795228
-8.119170
-10.430892
-6.966779
-9.396618
-3.115425
-6.583519
-12.200890
-5.227895
-10.279079
-5.829765
-11.857201
-7.162216
-4.276001
-11.796027
-11.080886
-8.626762
-10.978963
-10.865231
-8.427267
-11.924803
-11.401764
-5.512627
-9.024041
-7.797431
-12.991983
-5.067309
-10.473992
-5.219320
-12.511748
-4.975565
-11.024414
-10.968767
-11.852556
-6.584739
-6.551490
-11.643750
-6.611724
-13.179127
-13.787496
-7.875290
-11.439603
-13.115325
-12.713534
-8.790552
-8.353197
-7.836120
-3.550802
-9.627183
-2.671346
-4.485382
-7.450411
-4.836300
-3.641249
-9.408652
-10.445746
-1.890931
-6.952172
-4.505632
-7.797597
-7.113633
-2.862164
-7.707875
-0.043170
-6.401664
-0.511952
1.001051
1.737692
1.320804
0.180094
2.297811
-5.422149
1.656916
2.272350
0.804587
-4.191224
-4.660082
