1.221865
-3.339930
0.054552
4.805246
-2.965309
-0.420951
1.676511
4.623426
-0.119970
6.220589
6.720352
-0.827791
1.458497
0.304444
6.255306
4.451897
7.851664
5.020476
6.119942
9.718800
3.031950
8.634809
5.704000
3.292117
10.805019
4.579344
5.449133
11.839179
5.157560
12.289708
11.078652
11.339308
5.365647
7.992640
5.504163
7.511947
9.827708
4.404290
9.076140
11.039252
9.030130
9.383692
12.331457
5.578338
12.806462
12.847698
11.585220
9.182583
8.282505
13.301257
10.315999
10.087652
5.830929
14.484538
12.753075
5.579102
9.418512
6.348414
7.409871
4.768364
4.443773
12.369687
5.042540
10.849188
10.683283
13.499581
8.046043
3.785725
8.635226
7.620404
5.030358
9.976550
9.641397
7.784419
10.565825
6.065880
10.400810
5.915122
6.758629
1.894186
8.981841
6.724838
7.176032
5.516581
5.569180
5.000681
7.004707
1.593565
6.882750
1.606442
6.430888
3.869240
-1.818332
3.141928
2.124001
2.993904
3.518234
0.363186
2.348135
-2.535411
4.538444
-3.135141
1.832213
-5.814079
2.208569
-1.031005
2.207772
-1.219216
-2.246390
-4.644561
-2.714175
-5.541351
-2.688317
-7.655751
-7.828732
-7.653982
-8.125225
-5.516212
-4.499268
-3.439704
-4.445086
-8.233521
-4.577646
-8.404410
-9.920548
-5.576423
-8.118589
-3.217710
-9.431992
-5.299498
-9.780382
-3.661513
-9.182952
-11.888541
-13.642386
-4.658145
-4.457303
-13.181645
-6.586317
-9.447337
-13.694270
-5.751590
-14.399008
-8.641499
-7.918650
-11.208636
-14.089225
-5.441722
-6.693686
-10.065935
-9.116264
-6.897006
-8.312758
-11.985797
-13.682082
-13.733940
-9.915222
-11.521850
-10.348607
-4.527033
-7.099465
-10.839714
-13.555354
-13.362314
-9.088533
-3.907466
-13.441770
-5.732371
-6.575478
-12.969893
-11.277730
-6.412324
-10.262854
-11.576879
-6.627824
-6.098159
-7.470116
-7.412537
-9.431778
-5.178137
-3.376101
-0.723603
-9.097180
-5.095450
-0.692152
-3.458935
-7.658154
1.037915
1.143685
-6.644223
-1.532209
0.460647
-1.997423
-4.878831
-4.048219
-4.974888
-3.194742
-3.734451
-4.327011
2.447703
