4.110105
0.313635
0.711156
-0.474937
4.900273
3.890506
0.829021
2.719790
5.100773
7.903006
7.938291
2.680324
1.488935
8.532217
-0.207668
3.276910
7.845740
1.772037
5.319393
8.961637
7.949597
9.302714
6.410413
11.735108
6.245411
2.760407
4.349331
4.755783
3.079364
7.993737
12.340707
7.946972
11.534067
4.585444
12.977746
7.636766
10.187238
8.241552
7.215140
13.686761
8.583285
6.946064
10.916789
8.892776
7.723926
13.248938
5.911455
9.206104
13.266538
7.558636
11.432423
9.624246
7.997421
5.099002
7.580506
12.188108
12.757786
7.065486
12.707181
12.311063
8.695241
12.401073
11.461553
12.392144
6.818784
3.784950
10.602777
12.528473
7.199571
5.003919
12.023026
5.103355
9.873703
2.563151
11.386305
10.229420
7.811335
8.640214
2.767715
5.703615
3.154577
6.734220
7.032740
4.130320
8.877752
8.915550
3.990963
4.780973
4.639182
4.602827
5.034262
-1.503408
0.206735
4.765828
-1.050317
0.768469
3.021862
-1.216311
3.787257
-4.801247
2.722588
0.062480
0.670567
2.271683
3.048273
-3.702051
0.542796
1.641438
-2.638327
0.938437
-0.772129
-1.801128
-3.831083
-7.201162
-6.583336
-3.179187
-4.397758
-2.245513
-5.909619
-7.942397
-5.678231
-4.960051
-9.085239
-10.218192
-5.336575
-7.721713
-7.823425
-6.732455
-4.373893
-3.653589
-4.296745
-11.274726
-9.490024
-9.957756
-4.725474
-12.889765
-12.781995
-7.989303
-14.228007
-5.328065
-8.648594
-12.771550
-5.966075
-5.152822
-14.682389
-11.737034
-11.285931
-9.322674
-9.063754
-11.921507
-14.446530
-8.600464
-5.868773
-9.855465
-9.740473
-9.305569
-9.767055
-7.703013
-5.116197
-12.976251
-7.105175
-6.652661
-11.111716
-11.496660
-9.973029
-12.307548
-6.603551
-7.106895
-10.166578
-7.671485
-3.041135
-5.941159
-9.167499
-9.549534
-3.481187
-9.027979
-9.328096
-5.915053
-6.118044
-9.301882
-2.706421
-7.976173
-9.558212
-2.415667
-7.106873
-4.511288
-7.077660
-6.435903
-2.995129
-3.929852
-2.133883
-3.936850
2.794455
-4.989069
-5.746949
-4.186137
-5.280437
-5.195424
-3.626382
-4.480229
