1.455295
3.953474
5.790741
-1.527545
-1.651452
1.305081
-2.014759
0.313808
4.355150
2.422290
0.380005
6.372487
0.297131
2.572556
3.629417
6.437401
8.983171
7.360350
1.740220
0.878106
6.096630
4.643739
8.310955
8.881649
10.284567
5.916116
5.804932
3.706799
6.589304
11.783825
9.661994
9.226276
11.754430
10.763510
4.190906
13.572545
5.434691
10.894377
5.648908
4.942363
7.868393
8.140697
13.114422
11.543322
9.126534
6.931657
6.959019
6.162329
5.532532
8.624527
12.919007
11.105781
12.644969
13.721243
13.419052
13.636902
13.445939
11.492605
10.405493
12.129852
11.832935
7.033684
7.095808
6.144234
6.193069
5.973086
7.152401
5.854285
10.864022
10.224604
11.919876
8.630342
7.866431
2.300267
3.398718
7.121666
6.571174
10.683705
3.161557
9.109032
1.736044
5.778241
7.503824
0.850460
5.764349
2.862809
2.173604
4.525326
3.388658
-0.371124
5.163045
5.577903
0.452569
-2.115847
5.851106
-1.580046
0.533130
-3.610545
-2.801992
3.757451
0.590753
-4.265599
0.157406
-0.802472
0.354299
-3.645775
-4.458698
-7.101238
1.614193
-2.453227
-1.871605
-5.136532
-2.572020
-7.964613
-0.078233
-8.340152
-9.208338
-7.484838
-4.063867
-1.907131
-10.340151
-10.124900
-6.450539
-10.161484
-10.644028
-10.709019
-2.651477
-7.010390
-7.081916
-6.739279
-9.622957
-7.924090
-9.506532
-8.759769
-10.645514
-4.424517
-8.984720
-10.613648
-11.066315
-6.660329
-12.861233
-12.916059
-13.927664
-14.288183
-7.166550
-12.887650
-7.514181
-14.411448
-7.648996
-6.952590
-14.631951
-5.360400
-11.539437
-13.229062
-12.195537
-13.383111
-13.183976
-11.634384
-5.839790
-7.034850
-14.353461
-11.248910
-5.818963
-4.428464
-11.702300
-6.198276
-6.479881
-5.906487
-4.406749
-6.369575
-10.787053
-7.790865
-2.824807
-12.262115
-10.618046
-4.748496
-10.807969
-8.473172
-5.355464
-4.537053
-9.605119
-4.556804
-9.717063
-5.712417
-0.447938
-9.067907
-5.848769
0.272405
-6.571277
-3.790894
-4.437054
1.728858
-3.304288
1.177966
-2.875582
-1.672017
-5.317016
-3.970203
-0.928155
-4.696128
