-3.036321
-2.392838
-1.574111
-1.746604
4.420722
4.817555
-2.614168
5.529645
3.000505
-0.068127
4.249857
5.670516
5.458749
0.714097
8.200830
5.685469
2.555181
3.859008
2.653651
5.239845
1.982038
1.534803
1.722551
8.399341
11.271456
8.357915
10.503971
10.164039
4.164770
10.513787
6.825014
4.998618
4.995711
10.442227
8.300859
10.039730
12.748282
4.878189
5.150334
14.265013
14.272853
14.660326
11.282952
11.982792
6.922922
6.229583
12.747703
10.139562
6.284627
12.184164
9.412731
5.879059
11.470115
8.315861
7.662143
9.809353
5.088129
5.982973
14.276941
11.092101
8.476737
7.207239
13.910253
4.448614
6.234729
4.148717
11.215823
11.111619
3.869772
4.769134
5.954572
4.750237
3.232967
10.822449
9.211900
2.561291
5.549997
8.861310
8.161500
9.147937
1.716565
6.916849
2.304617
6.499692
6.151794
2.637959
8.239342
6.336193
8.059351
5.598741
7.270494
2.445569
4.903041
0.151008
-0.927749
1.198468
-3.126600
-2.734925
-2.626755
3.232786
3.424774
-4.610843
-1.346368
0.421125
-0.899385
-5.118185
-6.154652
-6.239270
-0.496150
-3.865223
-0.621110
-5.003760
-6.376562
0.160464
-5.984930
-8.675844
-1.576719
-1.516895
-4.381566
-8.889473
-9.902632
-9.786487
-6.768383
-6.056787
-2.829885
-5.871286
-4.016317
-11.767074
-7.170816
-10.147139
-10.306166
-3.896115
-4.821547
-7.766742
-9.136526
-13.756365
-6.133417
-4.373749
-6.357714
-14.498928
-14.332152
-13.484614
-7.209761
-10.751735
-8.463094
-10.165857
-13.849984
-10.713850
-9.156346
-11.317709
-11.072332
-8.442792
-5.194946
-9.262577
-6.301623
-8.159399
-13.089273
-9.962450
-10.846678
-10.345477
-11.702980
-4.314571
-13.020470
-9.326117
-11.574751
-10.975906
-7.971022
-8.323331
-4.077361
-5.853592
-10.144970
-9.706801
-9.106420
-3.790409
-2.609027
-2.339395
-8.460770
-6.303789
-9.867778
-1.550741
-5.001530
-5.279281
-3.834031
-8.128713
-5.435084
-8.327954
-6.198555
-8.265208
-6.064418
1.883446
-1.945018
0.824234
-3.188505
-4.592314
3.116195
-2.350695
3.611170
-4.369484
-4.037535
-3.969311
