0.806604
-3.498049
0.716304
3.048871
2.273551
-0.760443
5.066874
6.495287
6.479851
-0.703622
5.209117
7.896316
2.107075
0.505144
0.709646
9.470022
7.561311
6.459484
0.873839
2.232781
9.083764
11.175210
7.324585
2.767670
9.763451
6.850988
10.348383
6.076710
11.384941
3.541272
10.123190
6.832823
5.971704
4.816872
12.186333
12.381441
12.095532
5.831323
12.171274
9.106421
6.573931
11.478262
12.522072
9.115522
6.433891
11.602212
7.555599
8.546960
6.661139
10.727125
5.531456
12.109685
9.596826
10.820630
12.967230
10.615414
12.286032
7.885848
9.408917
13.244026
11.219412
4.919433
9.695682
4.417538
6.010136
11.694516
6.765998
10.044655
11.435405
11.860975
5.823604
9.882960
6.272188
11.109054
6.406373
6.761632
9.105332
2.069236
3.650498
9.834248
5.589150
10.250467
3.044199
6.242693
1.485934
4.359421
4.904496
6.507686
1.966456
2.352525
4.798919
-0.608099
-2.411291
-1.155112
0.615779
4.603071
1.748793
2.105416
0.901954
0.453297
2.648917
-3.446463
0.458058
-1.950411
-2.130956
-5.790248
1.660206
-7.484157
-6.009200
-2.275690
0.502481
-2.980438
-2.556601
-6.499821
-6.218066
-1.926778
-4.763368
-3.827148
-5.560558
-3.975235
-10.624372
-2.909000
-10.538684
-11.495333
-3.205169
-6.467523
-5.176716
-7.944828
-4.549426
-4.772240
-7.935679
-11.010193
-9.867927
-8.778870
-6.818935
-13.714331
-8.583323
-10.010277
-6.050958
-7.176861
-11.880304
-10.535193
-6.314786
-9.929874
-9.854300
-14.553204
-13.191074
-13.703985
-12.434662
-12.261585
-5.094926
-14.295436
-5.906292
-8.814871
-12.067106
-7.742323
-7.864779
-9.028554
-11.300574
-9.587245
-13.122991
-6.778546
-12.836563
-7.223162
-4.642598
-3.873694
-6.108882
-8.060193
-5.376214
-3.965823
-10.233101
-12.046914
-8.540356
-6.943429
-11.218921
-9.266261
-3.327110
-7.096994
-9.819734
-3.201597
-7.803985
-6.086661
-0.493085
-7.368862
-6.176532
-1.817220
-1.419240
-3.648932
-6.328228
-5.679622
-2.542448
-5.513261
-0.095751
-5.730224
1.814109
-2.912060
1.774511
4.006041
-2.221132
-4.777285
