-0.093484
2.917055
4.500705
3.451911
3.028912
4.629611
-0.582163
-2.357442
0.815203
5.073584
2.637053
0.662575
6.371804
-0.049464
7.394540
2.287202
4.380908
4.742476
1.901405
9.505459
7.004530
1.410034
6.999865
10.684620
6.388142
8.015253
9.280381
8.730404
6.847089
10.284860
9.796196
10.936761
5.819927
13.341225
9.501079
12.941303
4.263223
7.005150
10.271278
9.101912
9.530891
6.102574
7.714102
14.288162
12.822873
10.248472
5.322419
14.424697
7.136221
12.442113
5.894142
12.430609
13.833765
7.788410
9.742977
11.789999
9.039410
6.324844
11.697238
12.193345
14.310806
13.781636
12.596937
4.640432
9.420335
11.118266
10.070416
5.782624
13.130876
6.387945
10.518416
6.623001
7.567983
8.903568
8.694779
5.067195
3.140897
5.906010
10.720924
8.989585
2.351067
0.711023
2.252452
4.703973
1.362340
8.241655
4.070009
8.191662
-0.340031
4.589559
4.399093
7.137274
5.155179
-2.292261
3.618920
5.094597
-0.719563
5.586687
-2.802672
-1.373111
-2.228996
-2.346687
0.535577
-4.723155
1.928703
0.493524
-4.841688
-3.725043
-7.729144
1.701795
-4.291104
-1.472061
-0.377409
-3.137622
-2.444954
-7.482553
-7.684952
-9.977304
-4.253108
-5.118614
-6.257604
-6.908632
-3.557355
-8.925671
-10.866441
-2.668812
-7.758775
-10.624056
-9.484614
-10.436982
-10.726333
-5.125873
-7.306296
-6.028455
-4.706728
-10.892555
-5.620638
-9.910121
-8.389088
-7.795278
-5.060013
-12.486788
-9.449224
-10.061735
-12.161511
-11.377726
-13.649808
-8.983163
-13.187983
-10.057416
-14.096092
-5.232828
-9.723186
-5.792294
-9.154484
-12.938184
-14.460717
-14.238939
-7.928888
-8.078865
-8.121659
-10.935801
-5.370065
-6.825596
-13.451619
-12.667832
-8.943967
-4.450105
-4.044446
-7.608020
-12.170762
-2.829492
-11.081585
-8.959517
-3.711680
-6.235094
-4.612898
-8.732218
-4.663762
-9.027547
-10.141840
-2.213827
-9.863612
-1.145373
-2.143548
-7.247053
-2.926750
-7.416040
-6.794120
1.027789
0.342980
-1.580244
-6.098696
1.493911
-0.611322
-3.612605
3.022624
0.112656
1.025081
3.220086
