4.746973
-1.712020
-2.428276
-3.371616
3.500473
-1.261957
2.294340
1.314066
5.268728
0.777762
0.125650
5.462016
4.071421
3.558035
6.791879
8.282378
9.181274
8.658239
9.562630
4.046574
3.410827
2.543359
4.681033
3.565189
9.214578
12.151018
7.514857
6.582869
7.431535
9.758096
11.583998
11.153035
4.263342
9.516345
7.347912
8.371316
5.681688
8.995740
4.582291
9.267818
9.058056
10.501184
13.206749
8.083422
7.231572
7.324424
11.385324
7.166387
5.312209
13.071926
10.577977
10.244583
11.007717
7.532007
13.164255
10.847991
9.905665
8.781708
13.596077
9.435709
5.263859
12.775731
13.601896
8.455423
6.627368
11.514734
12.241588
9.823577
13.169638
11.271553
9.965364
10.301264
7.719201
3.980164
5.340927
10.721633
10.943715
9.475808
1.751483
5.806466
2.790588
7.400016
4.922353
5.182124
1.240465
4.707028
5.921099
-0.004798
-1.020193
7.169880
3.784955
4.984840
0.997368
6.437210
5.759677
0.408548
4.907799
-2.892947
4.571734
4.435470
-3.185447
-0.565251
3.139646
-1.030430
-0.564644
-4.179171
-3.141984
2.093143
-4.688934
-2.248517
-6.641844
-3.795101
-1.860373
-5.578856
-8.450703
-8.797754
-4.503839
-8.596001
-1.628006
-8.972337
-5.378772
-7.075484
-7.977316
-10.334361
-6.164391
-12.035778
-3.640091
-11.216718
-3.438317
-11.283810
-11.404495
-9.773689
-6.912842
-11.550790
-12.279701
-12.869498
-6.610834
-7.437793
-7.667452
-9.873773
-8.290351
-5.203016
-9.298474
-6.765981
-5.967113
-5.648670
-11.860120
-14.114720
-11.247956
-13.906595
-8.253008
-12.945735
-13.236432
-14.691277
-9.816642
-13.287497
-11.545716
-7.598671
-10.933266
-8.998683
-6.553735
-9.382514
-13.698286
-7.286282
-6.794345
-4.586619
-9.817552
-5.639932
-8.834091
-9.941314
-12.433044
-6.708065
-5.569209
-8.899308
-11.677711
-3.402307
-5.490372
-4.857658
-1.236513
-7.435574
-5.537526
-4.053623
-6.117319
-4.880473
-4.358248
0.650669
-0.421671
-1.512630
-0.358685
-1.757791
-6.899645
-1.133538
0.211431
0.673213
-4.665611
0.300873
2.881228
-1.323151
-3.488686
-2.127753
