4.001805
4.836330
-3.414989
-3.525474
-0.980545
-2.164464
-2.398736
5.561090
-1.537550
3.813046
2.915022
6.095401
2.519535
-0.179383
4.233004
3.117088
0.619948
0.992238
3.918350
1.986589
4.812257
7.392131
10.628720
11.028362
3.463031
9.800942
7.719770
5.017620
7.537424
5.856034
9.449143
5.896740
9.407102
9.127703
4.546750
6.743237
9.690907
4.481822
8.491707
10.310384
14.176010
8.960189
11.397249
5.084257
14.066742
10.211108
7.730141
9.637633
13.369180
5.800106
10.610671
8.407533
11.851860
8.033575
5.725734
8.579000
12.265690
14.511603
7.795288
13.486553
13.414299
7.205434
5.835478
7.324682
11.068475
5.000084
12.121268
8.712867
5.303829
4.392524
8.647683
8.730452
5.842583
4.995063
5.488722
2.441856
9.699962
4.522301
2.034416
5.829335
2.881054
0.998194
2.907019
9.033384
3.861929
8.249433
0.743021
8.225401
4.838678
3.827763
7.059874
-1.380073
1.810488
-2.824180
-0.708293
5.109239
-2.641704
1.877825
-2.283901
-1.396261
0.775986
-0.023436
3.321585
1.031586
-4.940833
-4.625626
-7.101820
-7.485865
0.023623
-3.185084
-6.702117
-3.317567
0.764655
-1.125854
-6.915093
-5.454755
-8.876883
-0.578319
-5.816075
-5.753276
-6.531116
-1.925902
-8.468272
-2.710744
-8.951298
-2.618289
-8.329682
-8.893926
-4.595646
-12.375442
-10.248341
-12.759505
-7.140642
-10.633363
-8.208349
-9.967422
-7.061552
-8.979419
-13.775787
-13.807920
-11.915433
-7.455765
-8.135344
-11.011194
-6.674767
-11.633270
-9.674391
-14.027286
-6.109625
-9.163365
-13.561556
-14.736513
-12.060762
-13.956843
-14.275081
-11.491767
-14.537018
-12.388599
-7.114046
-5.669383
-12.309421
-4.614693
-8.797826
-12.058874
-6.692919
-13.747461
-6.182050
-9.605588
-5.682518
-7.758359
-4.419811
-11.421794
-8.771275
-4.484481
-11.648771
-9.591941
-8.366076
-2.467337
-7.094475
-3.149414
-1.658273
-1.337669
-0.584853
-7.461526
-5.464462
-1.831006
-3.229674
-6.083652
-7.489003
-2.428516
2.174143
-7.224083
-3.879925
2.785202
-2.566943
0.792231
-5.219107
-2.608271
4.474785
-2.506195
