-2.868446
3.216954
-0.331943
-0.947863
-3.307954
-2.345619
-1.547085
1.317630
1.002670
6.486448
0.543199
4.798404
0.813965
9.080549
1.367011
6.676197
7.135111
8.608865
8.117197
5.193460
5.575003
9.477978
9.479559
4.135179
5.450843
7.836473
9.694001
6.353157
11.908028
12.361229
12.512136
10.523245
10.092088
13.696519
4.475965
13.298178
11.729643
5.080313
10.976694
4.665818
6.504840
12.881251
6.597206
6.819533
11.956041
5.879327
11.189197
14.305650
6.259459
10.442771
8.008871
5.682705
12.432659
5.387512
13.432115
10.057881
13.516314
12.770520
12.484060
6.070600
11.275653
6.026050
11.710940
6.089636
10.422861
7.212386
9.528348
10.027033
9.992140
3.982726
11.149328
5.536543
8.355069
8.929170
3.470885
3.860007
7.591467
10.416522
8.739700
8.859956
3.144857
9.928982
1.016659
2.366604
1.330894
0.853828
5.891890
5.380893
1.538798
2.062496
5.336068
6.441451
5.654861
-2.854741
0.468433
-2.791708
-1.363083
4.319229
1.955164
2.284516
4.108424
-4.115949
-0.439218
1.759926
1.330895
1.139197
-6.436136
-0.093811
-6.336528
1.393714
-6.776014
-7.796716
-2.647808
-1.611337
-3.317224
-1.709534
-7.987485
-2.501288
-9.197595
-9.358666
-1.725142
-8.322670
-5.423820
-5.384153
-2.106006
-10.268314
-12.492820
-12.410941
-9.834695
-11.709863
-9.033384
-3.645346
-6.268111
-7.406074
-10.338059
-9.595688
-12.633814
-9.158217
-10.099018
-11.282662
-14.466491
-5.014314
-9.762932
-11.597215
-7.674283
-9.286670
-11.320653
-8.684956
-6.348502
-6.590214
-10.538234
-13.293655
-13.224352
-10.025842
-7.318286
-5.492592
-10.536844
-6.531774
-4.648867
-8.511119
-8.120312
-9.148867
-11.923867
-6.857635
-4.709564
-4.284319
-11.374180
-5.441959
-10.796114
-11.935245
-9.557871
-4.306464
-10.684497
-3.126192
-7.865710
-8.253805
-8.836508
-8.950278
-8.668537
-4.909283
-10.154881
-3.672141
-3.574329
-7.912422
-5.216706
-3.482322
-0.204731
-3.410540
-1.708155
-0.645037
-4.181983
1.681595
-0.579254
-0.802059
2.721777
-2.882798
1.769314
0.077780
-2.802309
2.994225
