2.329062
0.678638
2.812602
-1.070701
2.795627
-3.089561
5.817720
-0.481101
7.204369
3.439908
0.184100
0.136798
7.018114
3.215593
-0.412460
3.599688
3.661983
1.398729
10.012802
5.781028
2.455152
2.828988
4.476958
4.398296
2.474036
6.400113
9.038365
10.022330
7.404561
7.271480
4.770551
8.032743
8.725764
9.125464
12.421338
11.053041
9.836247
7.831066
12.328784
9.613808
9.997368
9.763646
8.089036
13.742200
8.917251
7.202007
10.551625
6.808230
10.860631
8.987842
11.561088
5.464406
5.815605
11.285360
5.003049
14.718323
12.719398
6.309227
12.007585
6.813102
5.376729
12.614055
11.346466
9.783815
5.839895
9.973673
12.480795
8.542139
9.432733
6.098107
10.118931
8.192308
3.699081
9.516655
11.524274
2.539281
8.172432
6.458469
8.279731
10.492593
10.138150
4.580577
1.848347
3.215328
0.254691
0.124606
1.134312
4.675676
2.079737
0.647770
-1.234691
7.276998
1.155095
-1.526013
5.943438
-0.433365
-1.156024
2.337860
3.155997
4.557314
-4.439541
-3.634900
0.715391
-4.002072
-1.975006
-0.162197
-2.006887
-6.128602
-6.769754
-5.012062
-0.026719
-7.927477
-1.357234
-0.441462
-6.601055
-9.065852
-0.950930
-2.369515
-1.457193
-8.478805
-1.644457
-7.220154
-5.202481
-3.177606
-2.450078
-3.044240
-8.532357
-11.184315
-7.350956
-6.882739
-6.449546
-8.862568
-8.391715
-13.469874
-7.161059
-7.295912
-8.418134
-12.608619
-7.804207
-10.324940
-6.414771
-13.793086
-12.900250
-13.073414
-9.932858
-8.695576
-10.023472
-6.323526
-8.170943
-11.906524
-11.301342
-10.049059
-5.970261
-7.926391
-10.636076
-8.581497
-5.417931
-9.424431
-8.427546
-12.831452
-6.368154
-7.004819
-8.263216
-7.749560
-5.349454
-4.276098
-10.293854
-8.101758
-4.684545
-9.091813
-4.615968
-9.045445
-2.832246
-10.333304
-10.245519
-7.336460
-4.649773
-3.701095
-5.238736
-3.941730
-1.015006
-2.867090
-8.605932
-3.667626
-5.529031
-3.263173
-2.727536
-7.336363
-1.274254
-3.592941
-7.259929
2.440741
-0.617037
-2.990672
0.099329
-2.813366
-1.918168
3.505427
-0.271279
-1.474576
