0.829601
1.666500
5.293544
-3.437419
1.961532
3.220933
2.093907
1.050228
2.785409
1.631126
1.618419
2.816822
6.830336
3.734138
8.447274
1.316638
7.961411
9.446964
6.242814
6.215714
6.166622
9.269180
8.976015
10.517767
4.448699
6.533917
8.545340
10.432478
7.969771
4.097172
12.145808
3.658779
7.403653
11.380386
9.639997
4.991166
10.183864
8.461191
8.559022
13.526247
9.732486
12.943784
5.995437
13.329996
14.596811
9.268233
11.039755
9.820456
11.250647
8.585482
5.054734
10.173934
14.241265
7.338020
9.428744
13.366139
12.459723
8.460144
7.384619
10.094114
12.374272
14.048836
11.155134
9.449411
4.352551
5.096655
13.398080
7.836926
6.510353
8.357503
10.392663
11.927380
10.506870
10.662080
8.109295
7.998164
10.162726
4.661786
2.601412
10.615939
2.467029
9.065161
8.023573
7.131098
9.479901
2.844846
8.072088
5.767735
7.492779
-0.152566
3.687563
4.307025
3.075693
3.765452
4.338309
5.406218
-1.425660
-0.112207
-2.443775
2.156724
-4.852882
-0.049733
-5.490845
1.172197
-5.971118
-2.511247
-6.641701
-0.262102
-7.013555
-0.205495
-2.274083
-8.600131
0.666919
-1.970223
-3.315196
0.028676
-8.292148
-4.713833
-8.265473
-9.149563
-7.801098
-5.994969
-11.303568
-8.623735
-7.999827
-8.894076
-11.592546
-11.688859
-12.690133
-9.920328
-7.787622
-3.964381
-6.361293
-8.263455
-9.449361
-10.462625
-6.359720
-13.763386
-8.012293
-7.213579
-5.357104
-5.171270
-11.574422
-14.397514
-11.212054
-8.010402
-6.521049
-5.778006
-11.420519
-13.276252
-13.862051
-12.490718
-10.398294
-11.591580
-7.073629
-9.343478
-13.691363
-8.140770
-10.950482
-5.089932
-8.114971
-11.835945
-9.396525
-4.918660
-10.624355
-4.192617
-7.737465
-4.038726
-12.991320
-6.060819
-9.273168
-5.224336
-4.674939
-2.426354
-10.483104
-4.334790
-2.325000
-2.078391
-6.295210
-2.941551
-2.248567
-7.955643
-5.890334
-9.797658
-6.970311
-4.934973
-6.339425
0.247769
-2.888380
-4.313694
-0.643493
-7.481332
-2.048426
0.578392
3.363188
-1.164284
-2.762301
-5.520695
1.140407
0.384907
