2.340547
-2.999706
2.886885
-2.821340
2.986980
6.239615
1.215083
7.255250
-1.618954
4.926424
1.922369
7.928478
6.901446
8.339130
9.002555
3.738199
8.447932
9.044378
2.892163
9.873407
4.922676
4.304467
10.442614
2.141344
3.424290
6.855880
6.074641
8.761558
4.479056
5.097418
13.149952
11.045539
12.443912
6.113788
8.891070
6.316372
13.954389
10.448719
7.551690
11.657089
5.110364
11.427928
13.878839
10.095493
8.267750
14.020755
8.124409
6.244701
12.648026
10.080272
12.179971
12.238307
10.772507
11.124737
8.219697
11.683805
13.881009
7.607948
8.293247
6.491266
11.303451
7.462530
12.654836
5.731438
13.307322
9.031490
12.538880
13.186669
12.482808
8.310838
10.348152
6.266900
6.284508
9.778262
6.459321
9.098368
7.198917
4.293138
1.300817
2.296562
1.345008
0.685868
5.665140
8.883629
1.930717
9.152935
7.770512
0.267690
4.302159
-1.246022
-0.549626
-1.678385
2.040723
3.415802
5.702681
-0.957843
2.063926
-2.302999
4.786732
-4.124594
1.778064
0.898168
3.722636
-0.687669
0.816085
-3.994867
2.044257
-1.496411
0.168979
-2.627901
-6.798701
-1.279387
-4.423676
-5.103051
-5.143296
-7.747959
-9.211670
-7.278595
-6.498510
-4.540587
-10.066877
-1.513607
-8.217665
-6.560010
-3.499558
-3.718800
-8.885792
-11.599038
-4.459849
-11.420996
-13.231481
-5.388306
-11.518587
-6.459976
-11.501720
-9.904425
-5.566569
-13.223493
-7.165455
-14.244907
-4.948865
-4.964422
-11.111901
-14.444168
-8.398091
-6.071074
-11.186688
-9.682331
-14.171735
-9.215681
-13.039727
-13.094872
-10.036749
-5.740910
-8.915968
-8.784564
-9.144726
-9.130824
-5.861619
-5.498503
-13.834364
-5.818152
-10.412965
-8.659023
-12.416499
-12.667035
-11.872411
-12.448454
-6.899978
-10.803223
-4.728750
-8.348022
-10.074295
-9.285461
-5.072094
-10.157296
-8.442508
-6.496345
-10.236355
-6.855613
-3.492353
-1.937186
-3.344853
-9.291613
-3.628794
-5.417408
-7.680803
-7.221607
-7.924189
0.278915
-5.284884
0.599496
-5.508383
3.095247
-4.868568
-5.293186
-1.582736
-1.959143
-4.996456
1.022942
