-3.312341
5.125171
5.350638
1.155540
-2.680351
3.897359
6.374602
2.102919
1.070811
3.258186
8.368098
3.234310
4.265951
8.615202
1.791244
7.528670
4.836445
3.948348
4.921930
1.392797
5.593189
10.213514
8.284305
2.191286
3.628902
4.366839
6.622777
5.688441
5.305147
7.850759
7.852479
4.298763
7.122194
7.756568
9.233413
6.978967
12.827150
11.099875
11.781583
8.873194
10.117516
7.101736
7.226342
13.212656
5.627561
13.239952
11.521734
8.448297
6.701549
14.128765
9.222962
9.516702
11.423672
7.548525
5.026363
14.086057
13.133995
9.522363
9.972314
10.021394
9.085567
11.935071
10.166190
12.923481
7.616136
12.400458
6.533297
4.157730
10.016804
5.713831
11.115866
6.769979
7.260131
11.291249
11.026045
4.480103
6.035875
9.764642
7.497622
4.185312
5.453468
6.231142
4.411020
1.921102
6.165927
8.876676
-0.050537
2.467860
4.931370
-1.762839
-1.778952
-1.675060
7.151732
2.811176
4.466668
-1.878207
4.895669
-2.849610
1.899055
3.917987
1.731355
2.903243
0.797778
-3.723567
-4.453011
-2.398531
0.744904
-7.378399
-1.112989
-6.754164
-0.869489
-1.839165
-5.450119
-7.894033
-4.640253
-7.147154
-4.996219
-0.518898
-9.079583
-6.396046
-2.496279
-2.520236
-10.559986
-6.639493
-4.128372
-11.444814
-8.080824
-5.092664
-4.775177
-7.993367
-7.225648
-7.172795
-8.589493
-10.552137
-9.277706
-7.371625
-14.136173
-6.927885
-12.598325
-10.862371
-12.004636
-13.949479
-9.779013
-13.024179
-11.006084
-13.733722
-14.420287
-10.967026
-5.970017
-14.659313
-6.453170
-12.385273
-6.757267
-11.415363
-12.187669
-6.861625
-12.765004
-7.649426
-5.315370
-9.089387
-8.928239
-6.354544
-13.745896
-13.383991
-13.806984
-7.741707
-10.753229
-3.589803
-10.520726
-7.014286
-10.702463
-4.287081
-11.742495
-5.186576
-2.704299
-9.020784
-1.816644
-3.439341
-8.989872
-6.467146
-8.190561
-7.919604
-5.975914
-0.304651
-5.510043
-5.500487
-1.208473
-2.562880
-6.932254
-5.254930
-6.174942
-4.869499
-2.854759
3.046529
-6.200781
0.831022
2.772608
-2.244824
-5.060244
3.151786
