0.593584
-0.092414
4.040035
4.381058
-1.968253
4.401212
-2.508928
-0.257732
6.899982
7.796770
-0.819585
5.068375
1.590941
8.859858
5.633187
8.653789
0.903876
2.996172
3.913494
1.492941
2.004489
3.380152
7.847724
5.332810
4.186314
4.849657
11.342701
7.364566
6.494645
7.680561
4.311509
9.447817
5.957121
6.099411
4.871488
7.831046
6.668000
4.604830
12.352736
7.112466
6.340541
7.632483
6.132815
6.380296
12.967362
9.951992
14.728168
9.680363
7.068987
11.022876
10.424466
12.453496
12.346826
9.385283
9.873651
12.532602
13.477262
13.008758
10.363150
14.266419
11.838419
10.445855
12.861629
11.412623
13.364276
9.589291
7.439188
5.458785
9.618341
12.239258
4.879918
5.753301
9.009157
5.166021
5.540892
6.426063
5.250256
10.747187
7.289178
7.120770
4.618811
2.904551
6.409287
0.377470
-0.329677
-0.730157
0.352645
-1.105756
1.490559
3.167304
4.080329
-0.780349
4.681816
5.521415
5.376053
-3.143059
3.240071
-0.489656
1.801200
2.687397
1.581223
0.733433
-0.029915
2.841903
-3.272136
-5.983724
1.099873
2.190502
-1.628483
-1.204221
1.343975
-8.292856
-2.110558
-3.976778
-9.106361
-6.753926
-0.627873
-9.268811
-0.898771
-6.500513
-10.467231
-10.097863
-8.925470
-10.002796
-9.751198
-4.928736
-3.334029
-7.922878
-8.330677
-3.725817
-10.984831
-10.898906
-12.157732
-4.857626
-9.503799
-11.413406
-12.014746
-7.720721
-7.340418
-13.426622
-5.405359
-10.295754
-12.754942
-12.723302
-14.042687
-13.735290
-8.991741
-11.993621
-9.083645
-11.974492
-12.162394
-14.227478
-10.939002
-10.141259
-8.755192
-6.067843
-9.660845
-5.103534
-11.801103
-8.548532
-5.819316
-4.755835
-4.660771
-4.939770
-10.692662
-5.303721
-11.800896
-12.750708
-5.631007
-10.341997
-5.156529
-10.443821
-12.153780
-9.940114
-7.283472
-9.456735
-4.209949
-1.429878
-6.774510
-10.849743
-9.870825
-9.282010
-1.995638
-3.252613
-7.895856
-1.984167
-4.433190
-7.215194
-8.027851
0.408806
1.764601
-1.930804
-0.232238
-4.029505
-3.134817
-1.959644
1.965291
-3.045728
1.837509
3.459049
