-0.294513
-1.320308
2.827331
0.033378
5.833034
1.034785
0.876034
-0.375197
-0.409100
7.424428
1.185475
6.311093
-0.280483
7.453127
4.460071
7.507993
9.482916
9.222206
1.169840
10.608255
7.959302
6.622050
3.988173
3.375288
3.397590
3.765117
11.374761
4.377913
8.913879
7.047872
5.293596
6.339565
9.697901
6.540373
5.258415
6.114949
12.278653
7.032445
7.472638
13.465098
11.554424
9.558228
12.546229
6.942579
13.950142
10.660030
7.372754
12.877115
11.293764
13.973164
9.710523
14.890487
10.406222
9.195385
10.692780
14.596782
10.947657
10.674711
6.859202
8.066499
7.319172
11.083340
9.301496
6.052538
8.080857
4.510357
5.726470
5.519940
13.074959
10.034113
6.490482
2.862801
6.432291
2.778695
2.332369
7.237511
4.724303
3.579567
9.768153
10.333869
0.803273
7.215528
10.064952
4.755072
3.004880
3.443682
4.430597
-0.961391
7.228916
2.731496
-0.461555
5.712169
2.836053
5.011020
1.155219
3.943924
-0.891468
-2.346719
-1.874714
-4.278782
-4.412263
-0.694866
3.549327
-1.853216
2.510663
-5.600297
2.019080
-5.857752
0.141738
-0.278040
-6.247151
-2.152677
-4.722043
-4.892142
-1.035088
-3.371000
-3.259364
-7.768488
-7.574222
-6.903659
-1.261010
-11.094830
-3.889033
-4.893252
-7.898656
-6.296197
-8.720413
-11.336023
-12.841118
-9.267164
-4.234692
-8.601533
-11.229307
-13.740792
-5.562464
-13.709448
-8.962113
-4.508117
-6.485255
-5.604107
-6.937556
-6.539583
-6.424172
-9.183512
-9.502294
-6.467977
-11.668619
-7.159149
-13.574088
-9.519708
-5.903628
-6.278556
-6.440624
-6.456212
-10.193246
-6.122595
-9.530779
-14.356003
-13.055242
-9.932071
-14.275438
-12.141603
-11.959716
-13.088737
-10.235349
-8.188938
-7.803759
-10.839472
-11.642645
-12.103041
-3.841577
-11.845917
-11.822513
-7.187999
-7.567569
-11.661918
-7.765156
-6.444684
-10.634156
-4.106085
-4.391921
-6.369983
-9.250372
-4.215447
-1.844561
-0.131046
-0.685339
-7.279836
1.150220
-0.656447
-3.205580
-6.373148
-6.471084
-3.995407
-3.946647
-4.151545
3.296892
3.546588
-4.525204
1.260766
