2.321219
4.423927
4.794989
0.201627
3.115947
1.916777
-1.182686
-0.527201
5.334027
4.907001
-1.106779
8.395327
8.764530
4.966377
9.139987
8.332270
2.485013
7.533574
4.641698
8.208404
6.152810
4.319465
8.284041
5.082630
10.694520
7.216420
4.231352
3.462977
3.529643
6.577822
6.674349
10.376394
6.040990
11.577160
11.260064
9.760834
12.443954
4.362204
5.802360
9.763180
5.746482
14.580037
8.864706
5.087498
6.175539
7.164828
13.360788
12.007976
12.288315
14.197685
10.413480
6.307120
8.114097
12.660010
12.967296
10.407531
8.376189
7.273782
6.849986
14.474468
12.048011
12.995653
5.290854
4.704335
4.793820
4.894443
6.037196
4.526819
10.784921
11.397459
8.977490
11.179340
8.124435
6.330003
10.461630
2.803299
6.065044
8.438329
4.296145
1.585612
2.672493
8.250441
3.135163
5.295849
4.026140
4.279668
3.806466
3.429200
1.400884
1.506648
7.725635
0.116281
-1.472636
2.747221
0.084054
-0.505299
-2.613177
-3.189600
0.732762
3.923956
0.103596
-3.082903
-3.558045
-6.155168
-3.328986
-6.087930
-0.188280
-5.962538
1.343259
-2.115954
-2.608709
-3.538033
-2.357665
-3.321489
-0.875583
-0.377103
-5.912455
-1.697556
-4.685555
-3.921894
-2.723303
-4.355570
-4.890726
-6.973741
-3.982593
-8.543796
-7.643429
-6.423315
-3.695496
-8.403060
-8.777038
-13.177512
-13.457405
-4.715836
-9.735685
-12.224188
-6.609258
-9.525149
-7.007534
-10.952561
-12.328725
-12.882281
-7.347455
-5.229567
-10.723053
-7.413387
-7.148984
-5.830526
-13.218062
-8.677814
-10.565315
-7.975622
-5.223668
-10.098842
-13.231223
-8.560261
-5.046351
-11.992113
-5.906902
-5.960358
-12.169721
-5.253635
-7.892666
-5.388233
-7.280489
-3.793967
-9.807483
-7.234339
-13.168955
-6.166100
-12.006046
-5.694408
-6.253516
-8.034760
-5.300646
-10.252015
-2.088018
-4.417431
-1.881088
-9.974203
-8.607029
-7.271837
-6.287151
-7.728725
-1.834126
-3.718804
-1.658766
-6.287898
-5.468450
-6.834634
-6.778300
-0.835080
-3.546724
-6.670229
1.205916
-2.485498
2.201756
2.180570
3.656004
3.421974
