3.228077
-2.169394
0.064048
1.174008
1.350576
3.838435
-0.759665
0.845243
5.432958
-1.812674
6.215083
1.401376
3.612541
3.073665
0.284749
0.299871
1.635972
8.115015
2.651702
9.818334
2.806354
8.350549
10.949721
5.278469
8.186253
5.316285
5.160595
9.989945
4.453701
10.139479
7.468758
8.629815
5.041899
10.595185
7.285369
7.411828
9.263928
10.578441
11.183887
10.523270
7.467365
11.439789
5.648893
9.065927
5.341801
6.185820
6.443338
12.428803
7.894821
6.944834
7.831093
8.936649
8.854392
11.113710
5.741212
5.741962
8.641379
8.790331
10.958165
6.038805
13.156199
11.252129
13.828572
6.293509
4.277243
12.730520
6.160356
7.848719
3.607858
9.494221
4.340339
5.454517
5.962699
7.660572
6.098986
2.425331
7.147534
4.156263
6.934524
10.346915
3.962878
4.069817
4.011839
0.924508
7.998172
1.625008
2.955770
1.558597
2.249915
-0.936483
0.527152
4.701836
-1.394205
1.318637
5.452435
5.734848
3.660237
1.178292
-3.919845
1.505109
0.209131
-5.413667
4.016567
-1.176349
-2.462328
-0.755690
-7.146130
-3.336302
0.777573
0.100029
1.164128
0.324037
-0.532345
-3.718302
-2.718449
-2.080036
-9.209263
-9.035616
-0.774933
-3.797664
-4.680723
-10.660082
-9.481589
-9.879368
-8.868481
-3.886636
-11.851084
-12.607732
-3.478948
-10.874266
-4.416783
-4.488498
-6.779939
-8.663108
-8.516546
-8.945775
-13.911232
-9.228579
-6.160644
-7.535212
-10.988605
-12.243716
-6.293095
-8.652508
-10.162024
-7.198880
-13.653883
-14.356672
-13.294469
-14.283688
-8.817053
-13.901055
-12.773483
-14.676527
-9.393565
-14.455534
-11.888417
-6.949751
-6.261249
-7.456360
-5.517615
-11.940412
-11.427933
-11.438730
-11.191927
-11.991513
-7.646413
-12.678087
-9.462677
-11.050543
-4.626147
-6.801226
-5.573761
-7.967212
-11.330284
-4.255570
-7.691057
-8.477822
-3.492995
-1.363478
-4.418358
-8.595407
-3.724377
-8.309823
-3.871431
-0.055960
-1.732547
-8.149023
-4.400952
-3.941781
-3.753219
-1.439576
0.775182
-3.943918
1.102746
2.930639
-3.959073
1.696087
-1.635696
1.251496
