2.100595
0.087070
5.153602
-0.313037
2.621091
1.267494
-1.311171
-2.333176
3.264523
0.428069
4.808355
0.022020
4.622969
8.720778
1.589863
9.014998
9.174638
4.762465
7.324026
4.722958
8.571044
1.585459
5.249813
4.552940
11.803154
10.065139
2.923524
6.947408
6.162534
3.346596
7.643360
4.732217
10.552175
3.892986
10.406353
10.846454
13.158553
8.251064
10.442798
7.205776
10.251647
9.138478
10.864336
8.743581
7.113645
10.867066
11.088461
14.381693
13.096422
11.572735
5.486952
5.228315
14.352352
14.534376
11.017738
6.894367
12.937699
13.761877
4.758420
12.559420
10.477900
13.670688
11.813510
6.163922
7.267260
11.643358
13.356686
3.905844
7.682760
5.899990
11.995001
9.069306
11.577110
3.077176
8.299771
11.754530
6.760869
8.552708
2.583793
4.620481
10.385658
8.863022
7.825712
3.589432
8.422601
5.994692
6.161048
4.799501
5.732516
-1.547237
3.639468
4.622879
2.781892
5.901947
6.146138
1.520432
-3.289686
5.133752
3.245474
-4.974992
-2.637378
-4.325479
0.797447
-3.087529
-6.542072
-6.414091
-5.139096
-5.160663
-2.110754
-1.208550
-5.971789
-2.305905
-1.464781
-1.418524
-9.160462
-8.282948
-0.331781
-2.134988
-5.215325
-9.407263
-7.411276
-6.839902
-4.480016
-10.057993
-7.785583
-3.969698
-5.356927
-4.971616
-4.665795
-12.766962
-7.648960
-6.415335
-7.934926
-12.136912
-13.604292
-6.295799
-13.194277
-11.922112
-5.671286
-13.932706
-8.494101
-8.533496
-12.142778
-8.423139
-6.360305
-12.951732
-9.262721
-14.726758
-11.644611
-7.769925
-9.054751
-10.107565
-10.372813
-13.364341
-7.449684
-12.415228
-14.175800
-9.920866
-14.079986
-8.905474
-13.116219
-11.634331
-11.993854
-10.509005
-6.800371
-10.372350
-5.521968
-4.803998
-12.032542
-9.653716
-5.675846
-10.351458
-12.011542
-3.233915
-9.966908
-5.901468
-6.501304
-4.868017
-9.830047
-3.068212
-7.610708
-9.367406
-8.387601
-6.699456
-3.184582
-2.672361
0.952474
-3.953375
-7.661610
-7.569479
-2.428606
1.008967
-4.333911
-5.830249
-3.828619
-0.044034
-5.292678
2.839259
-1.850528
1.680250
