5.183736
-2.520498
-3.812764
-3.596773
-0.189623
3.021510
3.317622
-1.259966
-1.559009
-1.145492
7.980811
7.887343
-0.158400
0.781483
1.868871
0.530373
3.475619
4.437971
1.824667
7.875449
6.051847
11.071105
1.920576
11.356170
11.842590
9.601643
9.162420
5.254678
10.961824
12.175005
6.691464
4.286641
9.212406
8.529419
10.725414
13.365019
4.891442
4.451785
6.565386
5.476596
9.659855
10.535150
12.918611
11.902619
9.985518
7.555729
9.672991
8.758278
11.259322
6.938240
7.099415
11.607095
7.691784
11.169847
12.135616
7.271810
9.817173
13.131107
12.708560
5.255144
12.651486
6.408638
4.282082
4.542417
7.624605
10.547620
13.196330
8.231826
4.525568
4.961151
10.446713
6.321237
4.712365
7.313529
11.716181
11.512546
11.007152
2.034421
4.363108
5.844799
9.590000
2.092517
5.278576
7.110912
6.835086
3.387323
8.563323
8.595564
6.434226
5.278148
5.230977
6.906608
-1.000568
0.361359
-0.061541
4.802500
4.346284
-0.344361
3.434784
3.245976
-4.465574
1.223684
-5.057474
-1.345176
3.326627
-4.413308
-0.497253
-1.529185
-0.039545
1.565809
-2.194515
-4.842590
0.262087
-3.919595
-0.296610
-3.787252
-9.957197
-5.341445
-3.112297
-10.150894
-1.189908
-3.158006
-5.687447
-5.990979
-5.053050
-7.355164
-10.679125
-9.706668
-5.357071
-8.117351
-8.996568
-8.591673
-10.053757
-7.154622
-13.358471
-11.642526
-8.129101
-11.135732
-12.488340
-12.743677
-4.868173
-9.276161
-6.628777
-9.493201
-7.688435
-13.636045
-11.160063
-7.199117
-8.187683
-10.886205
-12.818080
-8.854394
-14.925775
-5.555101
-7.021810
-4.914858
-8.719020
-9.742147
-6.323352
-13.008165
-4.902440
-6.320013
-12.138371
-8.365508
-13.792092
-7.570883
-10.238283
-5.815268
-4.428751
-5.352989
-4.018096
-11.285332
-2.728269
-5.168594
-5.494765
-6.902984
-2.776477
-8.608847
-5.681260
-5.273984
-3.462026
-4.801881
-4.340046
-3.385397
-9.196455
-2.734402
-6.541656
1.249848
-0.076694
-2.955604
1.667116
-7.319396
-4.506111
-3.854154
-5.790510
-1.561725
4.021380
-2.870095
2.339907
1.291474
