-1.494782
2.792390
0.924215
-2.072234
2.020098
0.634571
1.726362
5.550035
-1.029042
-0.278033
-0.670507
8.598528
2.909674
7.419964
9.518779
8.663264
9.948548
2.808727
8.360950
2.408998
3.164441
5.299638
3.498232
2.132993
9.592725
3.890223
12.188321
10.357080
3.177252
5.537008
6.922908
9.174638
6.343572
4.799109
5.896799
4.575369
13.053210
10.068663
14.380298
5.949951
8.810063
6.522280
6.497137
4.887459
6.964374
14.727299
11.659387
11.659190
8.389618
5.678561
14.758301
12.303823
13.271137
11.936851
9.293055
9.518733
7.456613
5.258997
14.174649
4.699816
7.096337
7.483728
9.281571
9.859397
4.729982
4.996578
13.338421
4.758306
3.311847
4.261553
5.780405
7.814957
3.069190
2.917551
6.273786
5.561780
11.525396
9.142255
10.519883
10.850325
9.981349
5.046824
2.643964
9.654653
7.242797
5.844537
6.007090
1.383687
7.156812
4.629191
4.270926
4.447436
2.217416
4.307189
-2.480241
-0.998817
5.417838
1.934251
-4.132228
-1.168574
-3.844516
0.964672
3.685664
-3.717905
-3.169602
-5.727328
-1.079638
-3.820043
0.807661
-3.105193
0.067253
-3.207187
-6.201115
-3.149156
-1.631491
-0.788594
-9.795530
-1.996759
-4.812052
-8.047140
-9.533766
-3.655727
-7.408639
-9.894162
-7.784297
-4.151048
-9.079340
-7.779937
-11.425018
-5.221685
-8.986082
-12.557574
-12.486371
-5.297422
-11.042490
-7.756720
-5.971332
-14.036038
-9.277987
-9.782944
-10.174093
-14.429471
-11.390685
-14.771301
-11.608502
-8.657816
-10.110852
-5.641327
-9.563230
-7.127783
-8.670144
-11.501361
-5.919723
-10.252222
-7.774380
-5.732633
-13.858418
-11.398097
-7.343143
-12.110313
-5.482439
-10.134320
-8.924984
-4.140090
-8.292913
-8.163176
-6.754584
-3.751935
-6.570171
-13.008067
-8.521819
-12.545747
-6.520190
-3.425234
-7.798142
-5.468809
-2.841530
-10.914971
-2.338928
-5.362813
-7.781368
-0.405817
-1.383174
-8.410374
-4.431788
-9.239038
-3.745955
0.984658
-3.752096
-7.469080
-4.694589
-0.259024
2.135281
-6.696397
-1.574317
-3.919683
0.940611
-1.388898
2.485436
-0.398350
