-4.579180
-3.399601
-0.736556
4.935144
3.855870
5.867549
5.384961
6.325443
6.422851
7.092142
1.176750
-0.672091
3.041339
3.499378
2.469653
6.885314
6.493166
1.426605
4.188305
1.727790
6.356221
3.846860
9.124387
8.070906
11.342452
8.653651
6.756057
11.939577
8.592606
12.570295
13.247584
6.378341
11.963997
10.916806
7.343254
13.194123
9.178343
6.286446
14.120572
12.933526
10.930321
7.275580
12.920993
9.725770
7.601926
11.658379
5.869559
13.177755
7.565282
13.564392
9.905990
5.297390
11.574955
12.658901
8.435911
7.028245
13.980222
13.130981
7.244917
9.220071
8.025870
8.160129
9.484884
11.109162
12.669766
12.501391
12.532170
11.326192
11.164983
10.986405
11.083604
7.763350
9.246386
10.812531
3.673318
6.853472
2.537729
8.495472
5.645161
6.919382
8.073483
5.924196
5.497546
6.166665
6.023636
2.089464
-0.849475
3.106899
2.834520
4.039584
2.015711
4.507212
2.729328
6.710685
0.706050
-0.574276
4.065374
3.397046
4.167875
3.579412
2.140280
0.260122
-5.279039
-2.117734
-6.551228
2.388198
1.815208
0.411150
1.176879
-7.336865
0.974633
-2.938828
-2.234940
-4.193098
-8.261361
-4.374859
-6.943426
-3.642183
-9.475041
-6.166608
-5.970686
-5.129223
-7.744410
-9.968142
-10.633070
-12.150026
-7.437940
-5.911015
-9.905856
-4.847864
-11.370820
-5.652661
-8.851850
-3.815010
-4.621009
-4.997515
-4.235190
-9.864675
-8.842945
-6.872702
-8.102686
-10.433718
-9.258676
-13.015506
-5.169279
-8.529185
-8.488672
-6.351873
-7.277572
-5.585031
-8.119317
-12.143320
-8.075711
-13.722361
-7.153986
-7.999925
-6.434552
-8.286914
-10.476302
-8.017349
-14.208260
-5.768107
-7.093538
-10.819307
-5.595718
-7.948205
-6.528989
-9.606818
-8.175543
-11.227379
-11.808501
-6.142887
-10.568934
-11.295020
-11.562562
-7.288973
-2.726245
-9.807912
-9.180686
-7.192643
-4.306374
-7.196824
-7.011841
-3.491164
-6.960208
-0.799617
-1.800599
-5.117781
-3.374568
-1.348194
-1.866632
1.356158
-4.681062
-3.359542
-3.767007
1.780241
1.378156
-2.506162
-4.643370
1.278437
