1.525196
-2.490643
0.134192
2.251760
-3.339155
-1.902130
2.954754
1.365100
5.452597
6.461327
2.196984
3.608070
7.424083
3.391355
8.949070
8.644260
5.762591
2.847460
6.343736
5.927892
5.668362
5.706795
4.921846
9.973578
9.686902
8.668889
9.806301
8.556672
3.058264
6.488069
9.451362
8.351196
5.156305
7.976015
4.448320
4.905877
5.828619
7.648080
7.747411
8.316009
10.525468
9.266398
8.877692
6.203850
9.115629
13.844039
8.493241
6.796050
5.539370
10.476760
11.256607
9.137459
7.241905
12.629485
12.079180
6.648325
13.073161
10.054758
8.479129
14.053449
6.107826
6.572981
4.672536
13.298404
9.280850
8.022275
13.482266
12.460211
9.195570
6.849539
9.185301
8.212992
7.151720
2.930298
7.625095
9.655381
2.941074
7.720235
8.596670
9.653507
3.498743
5.613267
6.671932
4.995730
2.681421
0.347533
0.011300
4.780428
8.214210
1.581810
2.111784
3.000962
6.473347
0.202931
4.483209
2.762588
1.953778
-3.741873
2.180115
-0.384329
0.088488
0.308482
-3.334033
-2.129228
-6.069583
-0.666062
-6.813036
-2.886233
-3.542868
0.244101
0.025329
-7.872072
-3.322978
-7.950156
-6.521393
-7.939497
-1.333781
-5.310936
-7.574536
-10.231368
-9.950643
-10.819504
-6.335041
-3.066846
-2.980598
-6.728625
-9.510903
-6.963650
-3.719237
-9.555074
-8.129050
-12.918587
-3.938635
-12.721715
-3.967331
-10.720547
-6.917573
-9.928792
-10.636566
-8.510464
-14.333117
-12.464662
-14.489669
-11.159509
-13.427747
-11.769958
-5.262291
-14.538884
-11.266983
-10.597571
-7.263899
-9.225699
-8.997002
-8.992299
-10.162258
-12.558872
-14.016687
-12.187808
-9.334913
-9.225831
-7.433862
-5.871334
-10.005827
-8.992900
-11.902990
-9.606327
-5.223580
-4.620270
-7.725033
-4.767121
-10.394441
-5.939634
-9.459156
-8.498066
-6.454911
-4.924923
-7.802959
-9.184526
-3.854359
-7.724882
-4.141766
-9.348626
-2.175328
-1.793763
-0.612998
-8.862464
-3.725338
-5.918019
-3.564413
1.134408
0.822988
-2.471846
-1.967520
-4.745182
0.676266
1.778300
-5.090530
0.170881
-5.281393
-4.529570
