1.183529
-1.741894
-3.471991
-1.725090
-1.743937
1.305324
-2.788779
-1.888931
2.500494
3.135450
3.663969
2.968932
4.584176
2.923293
1.698235
3.754025
6.644846
7.256575
7.032478
0.942003
7.976225
4.031418
10.622368
5.903240
9.413128
3.453006
8.745245
12.045112
9.962644
11.447202
10.136839
6.736222
5.346284
10.689514
11.131287
8.517998
8.169432
7.303450
5.085943
5.341017
14.006084
14.137429
10.216565
12.293126
13.220805
9.241494
6.121425
7.573047
8.563579
8.427731
11.868257
14.617651
13.540849
14.441843
14.509057
5.066228
11.501597
4.784364
7.393065
5.881168
12.225937
12.073342
11.695138
11.219612
6.304567
12.553542
8.939810
3.574933
8.183927
12.710721
10.585469
8.128017
8.566673
9.668117
5.199286
7.493338
4.776195
2.669765
6.659645
4.083402
8.008897
1.322344
8.558879
1.302002
9.531612
4.251615
7.792446
1.592067
5.583228
6.186396
6.689715
6.084361
4.738603
-2.332047
4.878060
-2.625932
-3.156350
-1.650998
-4.427127
2.533887
-0.724799
3.201173
-3.152442
-2.971418
-0.165513
0.184592
2.133894
-7.388325
-7.112566
-7.761036
-3.736549
0.004098
-6.316446
-4.635855
-9.218057
-3.380574
-7.364914
-9.340738
-9.533015
-9.170458
-1.549448
-5.966619
-7.515916
-3.426613
-10.355730
-5.081746
-5.027399
-10.966062
-4.825649
-11.293187
-12.960859
-12.186210
-11.449492
-9.471156
-9.216583
-7.107736
-4.459414
-11.176317
-10.074785
-7.586323
-10.602321
-11.648217
-11.358026
-5.982340
-10.193040
-8.801028
-6.647472
-10.016281
-5.543128
-10.116539
-10.381927
-8.143887
-11.449826
-5.148437
-9.725175
-13.805064
-9.105286
-11.463909
-13.744891
-11.767865
-4.492041
-4.723823
-4.563260
-12.291415
-13.613963
-11.287099
-13.209347
-10.533906
-12.779544
-4.717856
-5.312145
-4.737761
-11.124922
-9.844162
-10.660341
-3.954429
-7.325414
-11.207085
-4.490545
-1.869515
-6.542173
-3.391478
-6.893588
-6.847308
-8.033660
-7.592806
-4.489646
-3.358401
-2.879097
-0.091265
-2.577973
-5.139530
2.139224
-4.383058
2.120057
-3.781761
-3.131882
-3.875545
3.874367
-1.694934
