-2.771468
4.472811
0.788250
1.745848
-0.589834
1.567472
-0.686622
3.213777
1.445084
3.531870
6.682448
0.356189
3.425934
6.112581
6.938769
6.723271
5.871066
7.674130
3.680712
3.018008
1.565912
5.695511
6.254160
2.422455
8.524453
4.256113
6.164391
9.351153
11.240903
8.638998
9.691515
9.681607
5.713169
10.257594
7.932207
4.588084
5.576763
7.574865
14.359079
5.957765
7.389906
10.860781
5.825916
11.814177
11.739081
6.623660
12.558593
14.214992
14.786637
11.674175
10.769661
10.166768
9.733714
14.562286
13.777425
12.296279
14.105746
7.227970
13.484657
7.981264
13.435760
13.132039
4.941562
7.766666
5.018102
12.791056
6.871798
10.924547
6.640810
12.765179
11.142491
9.702755
7.518025
5.015858
9.316052
5.277076
2.650193
7.554906
2.488379
8.165328
6.959908
7.976724
7.670036
5.752477
8.089170
7.608053
0.084286
-1.039953
7.998380
4.481772
-1.616912
0.567086
2.135657
4.588805
0.313476
4.738591
-3.946741
-4.242178
0.803561
-1.506571
-2.479730
1.766999
-2.984762
2.498663
-3.714476
-4.576950
-1.247378
-5.788441
0.396057
0.280993
-6.141241
-5.540742
-6.894662
-6.001028
-4.605173
-7.974190
-1.764342
-1.591940
-6.157189
-7.909911
-8.036124
-4.900713
-5.180718
-9.102004
-5.726142
-3.817346
-11.803370
-10.088381
-6.207170
-7.801134
-7.151559
-7.385030
-12.981594
-3.917564
-12.018770
-5.255165
-4.449055
-7.218146
-13.637714
-6.875916
-5.174716
-9.378557
-9.504362
-8.599395
-12.078857
-5.982758
-10.329945
-12.673209
-9.458720
-11.207538
-7.322361
-5.501221
-12.974922
-14.701921
-9.824508
-12.344376
-11.597107
-4.952529
-11.294223
-4.562394
-13.727397
-5.312588
-6.653626
-7.936659
-6.156012
-12.918805
-4.354251
-10.522556
-8.281900
-8.943932
-6.115563
-8.020924
-12.338710
-9.502337
-5.623155
-8.456270
-8.207024
-4.194227
-4.300185
-4.301200
-5.078557
-9.867071
-2.893152
-9.095598
-4.512177
-5.553753
-2.809565
-7.504312
0.278923
-2.884686
1.111117
0.773679
-0.849544
-1.382070
-3.926044
0.813027
0.141210
1.309601
0.457724
-4.444425
