-2.971315
0.176508
-1.255098
-0.046381
4.755368
3.773779
6.963810
5.003054
3.787447
0.844585
1.018640
-0.799725
3.907863
8.349076
4.134581
0.472424
9.147432
4.401559
10.587843
2.225937
5.626827
6.532786
11.223387
2.124835
6.444333
6.842488
3.190040
4.173346
9.714924
10.854183
11.755467
6.881743
10.252394
6.559912
10.442166
12.089324
13.137843
10.533127
5.374939
8.391289
8.623960
11.419636
12.003767
13.231594
6.144432
8.637456
10.454031
10.157810
14.177033
14.883876
10.541929
8.630514
7.216918
5.749818
13.217001
7.162546
5.026580
5.197395
6.851373
7.481404
6.306662
4.381938
6.288362
4.126812
4.613754
11.439511
4.685212
7.472900
4.411070
5.423454
4.386652
10.276753
5.405301
6.748920
10.407062
10.030630
2.979918
4.679403
9.738777
2.253492
9.346023
0.451430
1.484630
2.328989
2.202899
0.930846
0.679207
7.590015
2.056667
2.311159
-0.129671
-0.643460
-0.836481
6.502416
-2.844228
0.392605
2.285678
-1.637552
-1.895840
-3.951095
-1.653849
3.574598
-5.829342
0.323239
-5.551636
-4.187412
-1.797953
0.904738
1.961656
-6.538469
-4.853548
0.555105
-0.846601
-2.695490
-6.804556
-8.508332
-6.800665
-3.845634
-3.850325
-7.404342
-2.796045
-2.784666
-4.699333
-4.169425
-9.349486
-4.852141
-4.150623
-6.015864
-5.557798
-5.404080
-10.466121
-13.010182
-8.347198
-7.736883
-7.441582
-12.284110
-13.606118
-11.009750
-7.214379
-9.887634
-11.206952
-10.503967
-8.974690
-8.022813
-11.481990
-7.675416
-7.244784
-5.205390
-5.435028
-6.121843
-13.195097
-9.826415
-10.391819
-13.172305
-8.419861
-9.580549
-6.361991
-7.720400
-7.573047
-8.830258
-5.949937
-4.654080
-12.127973
-11.026743
-9.256603
-5.811594
-11.295991
-8.774574
-10.253125
-7.463371
-8.265028
-6.407494
-11.500571
-4.597079
-5.774779
-5.619951
-10.936685
-2.059915
-8.523016
-10.656966
-6.874088
-9.481654
-9.748039
-7.753141
-5.670302
-9.032016
-6.062056
-4.961233
0.467182
1.888716
-2.717531
0.991471
-4.270324
-0.353014
-6.412559
-5.040149
-1.793211
-0.617971
-2.585490
-0.810815
