-2.309746
-1.791058
-0.863374
1.211436
-2.751434
-2.936672
0.698436
1.967844
7.164212
3.267684
0.422204
7.939717
5.696711
6.589750
7.492392
9.387730
4.730840
0.538133
2.824429
7.546565
6.551974
5.631715
3.955110
4.083150
6.931061
2.345385
8.974969
3.696427
12.051209
12.186776
11.424945
7.426041
4.494912
9.305839
6.346571
10.177874
8.182732
10.227352
12.717035
13.985088
5.111383
8.736275
6.997373
5.853180
6.297838
10.581382
10.941647
10.965148
8.804502
11.739036
13.294115
14.715583
13.742328
10.813449
11.131053
11.334825
12.766947
6.406772
14.058309
9.140361
5.459579
4.952199
7.014081
7.849492
4.301116
6.617918
13.367853
6.182986
6.580486
12.982877
3.898225
11.334558
8.934648
4.813559
11.452740
4.500302
3.360524
4.908525
11.120584
10.112686
5.264011
7.086093
9.122558
6.598164
3.358601
6.398055
5.848519
4.139810
-0.696210
-0.564805
1.638432
2.072631
1.206389
4.245111
0.160061
2.621938
-0.987339
2.493080
1.346465
-4.283629
1.171232
-2.923612
-1.983101
2.698793
-2.205575
-5.138632
-6.474048
-4.612418
-6.305043
-1.623665
-6.270083
-7.559641
-2.224156
0.497942
-8.963140
-7.991555
-5.108689
-1.744494
-2.134776
-5.399137
-8.568222
-8.351739
-5.588702
-8.621494
-7.250536
-7.047318
-6.380591
-3.333050
-11.613560
-6.748774
-3.989931
-10.945778
-9.196255
-7.378278
-12.706357
-12.363714
-6.186912
-11.561268
-11.796845
-9.443523
-10.552504
-6.733273
-12.367934
-9.159069
-9.451420
-10.657235
-13.677845
-6.912059
-7.397357
-14.225589
-13.947771
-12.331303
-5.670158
-5.261585
-14.047431
-5.122665
-9.732505
-6.789493
-6.375401
-11.086541
-8.795097
-6.952764
-13.390044
-7.881506
-11.864116
-4.834617
-6.081189
-5.656752
-13.075501
-11.669949
-9.172671
-12.525747
-9.717666
-8.400812
-6.701820
-8.104109
-7.806054
-7.578180
-3.038566
-2.742311
-5.402188
-0.428862
-5.311787
-2.742520
-3.484320
-2.661364
-6.907488
-1.903663
-0.312569
-1.629398
-1.541318
-0.447940
-4.817187
-5.227978
-0.303145
1.040672
-1.547530
-4.079832
3.513927
-2.028461
