-3.897312
1.875674
4.603593
0.069183
-1.390978
6.214228
-2.367987
4.438014
6.025936
0.222970
4.580161
3.329996
4.911374
1.334341
4.156341
1.092469
4.838676
1.883645
7.637231
9.625913
10.829215
6.008876
4.079197
2.996085
10.908600
11.905210
8.671866
12.691078
5.720098
5.785250
12.032575
12.369809
12.197781
9.165699
8.480698
9.527810
11.587718
12.257034
6.902028
7.882067
14.475804
9.815252
7.388453
13.051341
7.336637
6.984243
7.559650
10.328449
10.534582
10.293120
7.036605
11.645297
8.506314
8.024318
7.602874
4.842223
14.664179
8.314891
10.432698
9.565977
12.469797
4.836338
5.658361
8.687512
13.811203
12.975553
8.135962
6.541496
12.017681
9.888410
7.362088
12.516888
11.067907
7.673015
4.981135
4.522026
7.930075
10.857248
2.189546
4.151054
6.452170
4.871751
3.270810
1.586773
6.018384
2.505470
8.397046
-0.064448
5.360638
-1.106452
2.265753
3.437195
5.326522
4.831535
-2.753850
-2.886406
2.379497
4.747980
-3.591466
-3.222695
1.212235
3.636103
-0.636551
0.067589
-3.516646
-2.903804
-4.119402
-3.917565
-7.769489
-6.072476
-2.169041
-8.015130
0.768697
-1.856392
-7.013808
-8.850868
-9.099918
-1.183279
-9.920111
-7.695191
-1.258528
-4.267261
-2.045862
-8.787349
-7.086328
-4.491464
-7.863161
-12.667092
-9.035986
-7.982704
-6.102282
-9.888675
-10.008515
-11.013379
-13.677399
-6.793245
-6.169022
-10.177064
-5.632727
-14.041470
-10.822079
-8.764656
-9.477897
-9.559706
-11.084423
-13.289690
-11.028258
-6.536959
-8.130990
-6.413355
-12.705864
-11.075015
-9.714193
-11.660521
-9.873640
-5.676631
-6.678069
-9.988674
-14.522390
-6.297362
-13.112330
-5.539742
-10.055783
-11.473104
-4.615158
-8.428646
-5.070139
-8.728501
-11.914224
-7.181936
-9.288262
-3.715595
-4.348977
-10.844640
-7.957659
-9.097628
-4.563817
-4.034796
-2.324558
-8.592841
-6.840055
-1.608690
-4.637065
-5.742756
-6.253147
-3.565916
-7.645684
-5.091706
-2.003677
-5.072605
-7.196141
0.191077
-0.703457
1.931754
-1.372319
2.921867
-0.832287
-4.852502
4.396840
3.468465
