-0.606637
-2.268789
2.065785
-0.275804
3.989411
3.696640
-1.220872
2.886616
2.407727
3.083492
-1.015676
7.691450
5.326767
4.314685
4.434595
8.314902
8.476466
9.535834
8.169397
7.318776
8.941041
9.102998
4.037019
8.607576
5.287787
8.560148
5.202832
3.454493
6.363987
6.834456
10.448643
9.808869
4.091685
5.766784
4.012294
13.743259
13.140990
7.878628
4.800523
9.836541
5.526151
8.937781
5.252259
6.699001
5.328369
8.397775
10.602543
8.380414
10.411318
6.635138
11.473820
6.696417
8.690447
10.322901
12.925048
8.324366
7.775994
14.485611
5.697527
9.330997
5.353330
4.379812
12.286420
6.978527
5.652547
6.349122
13.321724
12.350750
8.209531
10.369875
6.990750
9.043435
7.076872
4.816257
10.771381
2.806518
3.261002
4.865614
6.935887
2.084460
1.909623
5.787093
1.454782
1.519259
-0.232646
5.463990
-0.473670
2.142282
8.046629
6.552761
1.827082
1.587196
5.051415
0.169820
0.284971
6.041522
-2.348533
-1.860143
-3.491865
0.047268
-3.672073
-1.873780
-4.920478
3.134263
2.677146
-2.678703
-2.595882
1.474231
-4.371015
-6.855521
-7.494316
-0.105203
-8.062126
-3.128131
-4.370784
-1.150609
-1.287222
-0.962662
-10.049956
-7.965499
-3.174892
-9.639130
-10.406390
-2.834388
-7.286346
-2.544945
-5.888121
-6.854506
-3.261675
-5.080647
-12.159056
-12.290560
-11.284948
-13.297321
-12.200253
-5.150910
-5.252043
-5.401208
-13.917603
-7.524961
-12.308990
-10.183371
-7.724358
-5.921835
-9.659108
-8.797799
-10.543633
-14.382249
-10.792561
-12.020248
-11.484225
-6.592878
-14.588053
-8.815668
-6.341889
-9.059813
-6.315686
-6.086725
-6.963951
-9.874939
-6.027627
-8.197889
-8.709961
-10.790312
-7.749504
-7.406687
-4.645382
-12.215583
-9.889805
-6.611726
-9.186912
-6.580370
-8.961662
-10.419558
-4.942344
-3.831680
-8.018129
-8.514129
-9.790887
-9.889936
-7.991082
-7.773504
-1.922659
-4.311686
-3.434623
-3.485827
-4.223746
-2.519809
-4.800863
-2.501222
-2.129551
-0.449728
2.286135
-0.957608
0.221621
0.896962
-0.156784
1.050064
-0.165297
-2.091458
