1.758878
0.304376
-3.008884
-2.464346
3.846292
3.457833
4.683533
-1.004823
-2.121243
6.641983
1.277867
4.567187
0.690735
4.457714
9.136829
0.826362
6.546835
9.100883
1.475756
2.636493
4.652771
7.062340
8.398216
9.372197
11.159849
3.694710
5.831673
5.629710
9.825282
4.000157
10.510696
5.744812
9.310928
8.064625
8.173302
7.737036
10.176911
9.893769
7.565028
10.941931
5.484288
12.451626
10.590724
5.437289
12.132302
8.371621
10.060351
13.985062
7.338498
7.944852
11.481017
7.847136
8.642041
12.292282
6.519807
13.023738
14.651741
9.758782
12.382329
13.274319
9.332145
11.223612
6.209788
4.183796
5.256152
10.005847
6.682483
5.737314
7.505635
10.402034
3.091530
11.180485
10.546914
5.869327
6.215420
11.005147
1.842153
4.746586
5.727768
5.149231
5.976464
2.037888
1.157196
9.046658
4.677508
6.720558
7.256580
4.115940
-0.967892
6.460524
5.810656
-2.115251
-1.068943
-0.228188
3.042944
-1.068596
-3.311912
-2.503419
-3.139877
1.331943
-2.842559
-5.400919
0.795655
1.662946
-1.145154
-4.689823
-3.119536
-1.539158
1.700098
-3.580530
-7.777742
0.655485
-3.667439
-7.033610
-9.333174
-8.248037
-3.669825
-2.362219
-7.151538
-6.603233
-3.891328
-10.645240
-6.045548
-8.473885
-7.391429
-7.193110
-5.397935
-6.481553
-8.135225
-8.951014
-13.263117
-8.537049
-10.234918
-7.429237
-6.844515
-10.363629
-7.065765
-11.571041
-12.839667
-10.895847
-13.197003
-8.889409
-6.248296
-12.812438
-5.828568
-6.277541
-7.118017
-14.961097
-8.530341
-14.368880
-14.048257
-10.367736
-4.958100
-13.338894
-7.394947
-11.245045
-9.270386
-7.306751
-13.914499
-8.954963
-5.535269
-9.439489
-10.612639
-7.700747
-12.925436
-4.589450
-3.614325
-4.849529
-7.375938
-11.674614
-6.927352
-12.079030
-8.893565
-4.230697
-2.100955
-5.394173
-6.796194
-7.436057
-4.169467
-7.891737
-10.343877
-5.399620
-5.752513
-7.441587
-5.472857
-0.578780
-0.803175
-1.102026
-7.332902
-6.379781
-0.876865
-6.986901
0.876710
-2.614753
0.005418
3.232645
0.027813
-0.596261
-4.027466
-3.841683
