-2.254433
-2.482252
4.235040
-1.613793
1.354311
-0.337988
6.329511
-1.831528
0.796932
8.027885
3.951837
5.808434
3.981848
2.557020
6.887256
9.155253
8.358644
6.997269
7.684730
7.609025
4.466673
10.373889
2.283402
8.313868
11.980976
9.416321
8.133304
11.473782
3.409664
8.095816
12.595764
5.838106
11.349442
5.266409
7.074738
5.516640
14.152807
12.745383
11.636943
12.279025
12.336586
6.661678
10.098541
5.249870
6.620725
13.251182
8.729153
6.537598
10.291709
11.246933
8.700114
12.143321
13.748882
7.106563
6.994267
14.817140
5.393849
8.198367
11.220089
12.202533
12.290399
5.655864
8.106000
7.328293
9.536333
6.722597
8.508052
13.011406
7.123865
5.250972
7.946831
8.273355
8.450986
11.955223
11.003557
9.786408
6.382057
6.011445
9.593328
6.747901
5.340328
1.354959
0.545982
7.576529
7.775136
4.544172
2.195962
4.934811
1.475253
4.044946
0.698606
0.634246
-0.073617
-1.028906
-2.146903
4.465429
5.407873
5.027734
1.379064
0.841192
-1.801984
-4.501144
-0.392249
-4.762755
-1.842354
-1.619945
-0.522590
-1.864108
-3.585825
0.431301
-1.167777
-3.261181
-7.156021
-8.487353
-7.852343
-5.223842
-8.396170
-4.349803
-1.809500
-2.192977
-3.678611
-2.879879
-6.022211
-3.628846
-7.500458
-8.947035
-4.479781
-11.758595
-10.527759
-4.443183
-5.137925
-5.810921
-13.356840
-7.951836
-4.830447
-6.346315
-12.066458
-11.600994
-13.413355
-12.868548
-7.398679
-10.398109
-14.233230
-12.980376
-9.835984
-6.403631
-11.502382
-14.552622
-6.746437
-7.269317
-12.980856
-5.934234
-13.634174
-12.371991
-8.161978
-12.065969
-11.017512
-5.457110
-13.149223
-7.082465
-11.380949
-4.506636
-4.790779
-5.501004
-7.184399
-8.978092
-12.313228
-7.491297
-3.482478
-6.246070
-7.920375
-8.400247
-10.646102
-12.211778
-8.522191
-10.197645
-1.934297
-3.668814
-10.548353
-8.735427
-2.919265
-5.131509
-8.706101
-9.026754
-0.497258
-3.978108
-7.416969
-2.208971
-1.034912
0.265095
-2.538415
0.460357
1.769188
-3.052099
-2.401263
-3.558081
1.117771
-1.494224
3.356642
-0.635472
