-0.101410
0.023747
-1.437448
5.966742
6.457523
5.903540
5.684543
3.330895
7.551935
-0.918542
3.644583
2.875523
7.223392
4.958049
5.769198
8.432303
5.906682
2.487793
1.511845
4.418234
6.046045
2.585247
2.868523
11.142440
10.801468
7.623194
11.957794
5.275170
3.708731
5.628285
12.717155
6.534681
7.248986
11.152009
9.108715
12.478645
13.529698
8.966271
12.370172
14.283383
5.565571
7.472490
9.204341
14.191613
11.556815
5.209730
14.032014
11.767115
12.391341
5.699861
7.906998
8.733191
6.957609
14.135188
11.702014
13.097433
6.490709
6.140912
11.276611
8.269648
11.129871
12.438395
10.742095
13.435617
12.332311
7.999536
11.779971
10.168176
6.996914
12.872987
5.692775
4.787359
12.273932
12.036625
8.254633
11.251414
8.322588
11.329145
10.478472
10.812906
3.046703
6.519539
8.354651
-0.169329
7.168321
1.667971
8.121419
4.409898
1.138510
7.436639
2.324731
3.428408
0.888279
0.717043
2.667233
2.070780
-1.447658
-1.303594
-4.495812
-4.791822
3.946104
-2.109124
3.666323
-1.165143
-1.908935
-6.715911
-3.393179
-5.152428
-1.048625
0.326605
-7.529953
-6.264135
-4.184562
-3.093795
-9.428285
-7.521119
-5.115224
-10.079271
-9.171405
-7.617039
-4.550351
-6.057994
-5.988646
-6.054948
-4.363575
-2.307887
-10.464149
-6.425225
-9.958451
-9.345849
-8.618150
-10.765335
-6.086416
-9.315951
-12.594100
-5.047465
-8.814748
-13.124218
-4.411033
-14.017157
-5.283988
-13.440921
-6.182963
-7.017059
-9.439412
-8.610967
-9.149275
-12.277906
-8.568372
-12.946852
-9.199513
-7.546885
-7.502604
-13.657223
-11.897352
-9.194615
-10.283334
-12.860382
-9.934523
-7.100649
-7.446762
-8.878057
-5.124281
-11.360098
-6.267672
-9.535182
-9.117013
-12.552756
-3.679480
-10.543074
-9.075756
-11.912198
-3.156730
-2.806832
-4.174774
-4.379888
-7.924187
-2.213323
-8.523997
-7.251317
-5.994952
-1.277839
-0.777210
-0.191579
-4.969097
-5.817147
-4.378402
-4.995054
0.197154
-3.675116
-4.876982
-0.973418
-0.509058
-4.118069
2.348049
-4.858638
-2.161547
4.198195
1.279802
2.509142
