-3.301280
1.065219
-2.183581
-1.525483
0.805533
6.767983
3.536475
-2.485614
4.119889
3.408593
6.749100
6.244790
8.387721
0.719040
0.539635
9.645739
6.417233
3.056304
7.109796
2.183881
6.104541
2.474274
11.107005
11.423867
5.224728
11.632788
11.604258
4.258000
6.280363
7.504242
4.284231
12.477483
5.836572
9.057303
4.281611
10.918754
13.800413
5.465509
13.355714
10.820500
12.784899
10.620767
11.393263
11.976227
13.029787
9.829248
13.508402
9.878311
7.687395
10.774881
8.488878
10.553432
14.510404
6.698302
9.163478
7.694891
12.427723
10.346198
7.245563
8.215340
12.176830
10.469822
12.907528
11.282456
11.762582
7.794339
8.862449
3.762190
13.062516
12.155918
3.369117
9.365191
7.427042
5.109175
9.633573
6.831104
4.890574
4.421699
5.886535
6.313869
6.100718
9.903882
8.777854
1.824217
1.346277
4.394912
6.274288
2.592435
6.418349
5.525480
0.764347
3.861392
6.139370
-2.264443
-0.637328
1.466566
5.557493
4.815031
-0.483274
-1.863863
-0.802145
-3.500545
0.652733
-3.718099
3.415686
1.741827
-3.315595
0.203297
-5.098548
-1.593307
-5.986309
-6.067464
0.574162
-3.560228
-0.986409
-2.318538
-3.534939
-7.411664
-10.525101
-2.772725
-6.120477
-5.230110
-1.752054
-5.725021
-4.912855
-6.393719
-11.259847
-5.194048
-9.152096
-4.177217
-9.186337
-4.254164
-11.018500
-11.518792
-4.823584
-6.270453
-6.507919
-6.297735
-14.340584
-10.455462
-8.390705
-7.346424
-9.532607
-9.715396
-9.967227
-6.566123
-11.932575
-7.348184
-9.891623
-6.566743
-9.560226
-14.975077
-11.942354
-13.707466
-14.626992
-12.514637
-9.046630
-11.925332
-5.027910
-9.389232
-12.467940
-8.941932
-11.604569
-5.374457
-6.933694
-4.626774
-6.496141
-4.339847
-4.177099
-7.332308
-3.677374
-5.608315
-11.369069
-10.260081
-4.398266
-9.884947
-8.553266
-1.801834
-10.499465
-10.345490
-9.793648
-1.480754
-7.977138
-6.595619
-4.611414
-0.069490
-1.644199
-2.545930
-1.338549
0.259291
-0.318145
-3.656419
-3.851982
-3.106885
-5.960419
1.200913
2.938658
-5.587567
2.266533
1.630706
