-3.737770
-1.806963
-3.777401
1.878067
-2.665225
2.259519
-1.544316
3.311018
5.112198
6.337232
-1.257088
5.321759
8.851217
0.540770
8.448276
3.195413
2.483721
3.839625
9.071257
6.793592
3.990360
7.739090
9.249597
8.333943
3.338850
10.893374
6.418861
4.031431
7.358926
5.424336
5.881983
3.841361
11.584164
5.903665
7.126578
7.180186
7.006025
6.645280
6.516461
9.621674
5.617123
9.219544
12.909351
9.397041
6.037020
11.367560
8.604532
5.634041
13.385022
11.089858
6.178841
9.923794
13.670092
8.235337
5.860076
5.715937
6.222391
6.848870
5.215156
7.486012
10.148567
7.030115
11.654760
6.878778
5.239436
8.683477
13.193730
12.388794
9.730036
7.250681
4.153788
3.577792
8.382795
4.571098
10.514317
3.619617
5.663768
2.824533
5.701930
2.333284
6.680527
8.504082
8.558562
5.406116
5.416338
3.928806
1.116053
8.089957
-0.455719
7.744081
3.371346
0.681444
-0.948790
5.359050
-0.000484
5.153689
4.065906
0.486886
0.090158
0.117040
-5.042926
2.945916
-4.524128
1.376493
-0.385459
-4.734404
-0.072331
-6.214481
-4.456721
1.096706
-2.518336
-6.441440
-0.647353
-5.471965
-8.466598
-4.239074
-1.903175
-3.842800
-3.891334
-8.927685
-2.082681
-8.535491
-11.162503
-9.312030
-10.458274
-9.286668
-11.099865
-9.011583
-7.148207
-3.431770
-9.429356
-5.842168
-10.003316
-13.312838
-11.010271
-11.609527
-4.539760
-11.893408
-10.218848
-8.853601
-5.982168
-12.721188
-6.099447
-9.022384
-13.500008
-12.211872
-6.070821
-5.880279
-5.452420
-5.996527
-6.441852
-10.308469
-6.388127
-6.511620
-5.070032
-9.110006
-7.436760
-7.335842
-8.470503
-5.673628
-11.718158
-9.907189
-4.343759
-7.797976
-6.575532
-8.548537
-9.028389
-5.858254
-5.521549
-7.171141
-6.224283
-12.455002
-9.626995
-10.781936
-8.890645
-8.814248
-2.105192
-11.081110
-7.827859
-9.907777
-5.836835
-4.906578
-5.818299
-3.251685
-8.454685
-4.770564
-1.343176
-2.735889
1.551393
-4.614486
-1.995140
-1.612708
-0.412048
1.959518
-1.998105
-4.117298
-2.053692
-3.961254
-3.470392
-4.191901
