-1.478477
5.351929
0.983704
-3.688620
-2.048325
-1.872476
6.635546
-2.198003
3.034609
4.976121
1.884099
2.991138
6.218622
5.092916
5.266501
1.857157
3.953854
8.040235
6.461792
8.351638
10.071469
4.591929
8.392970
9.678505
4.260492
5.270605
8.057245
12.028061
6.389634
9.969451
10.265352
8.484984
9.634797
3.965773
12.293681
5.467296
6.986625
9.863974
6.898887
4.562275
10.731653
6.418380
10.985900
14.469194
11.774155
13.526905
6.775767
12.828849
9.602112
14.990506
12.741465
5.796595
6.375965
9.375079
8.066860
5.255880
8.109368
13.804982
5.472978
9.076131
11.541049
11.702335
12.416404
11.862974
11.878084
10.064527
7.122849
11.199678
12.067856
10.088628
12.307848
8.350185
6.467055
10.784160
3.506410
4.236641
2.733330
1.897314
9.528255
6.698437
2.287023
1.927363
3.009992
7.405404
1.208407
8.757531
8.806830
8.561691
-1.501656
2.130926
6.167705
4.194536
4.850835
6.640751
1.995780
2.027294
2.468471
-2.007053
-1.153604
-4.577508
0.351638
-3.691448
2.248421
-1.259934
-0.692361
-6.751752
0.650144
-6.082656
-6.940961
-4.568900
-5.665396
-8.318960
-5.185627
-4.636511
-2.219591
-4.369934
-8.826536
-2.110166
-7.112465
-10.557185
-2.506270
-3.096330
-9.345687
-10.936280
-10.834601
-8.834373
-11.663523
-3.877654
-12.370347
-4.984115
-8.622117
-7.487894
-9.395349
-6.354068
-8.744347
-11.760909
-6.246929
-8.767030
-13.462485
-4.558427
-7.057710
-13.376765
-5.669590
-13.534550
-10.674093
-7.604101
-13.111385
-7.873310
-5.798073
-9.086843
-14.502434
-5.441447
-5.838844
-11.184117
-11.234590
-12.381602
-7.639426
-10.319439
-4.669272
-10.805240
-13.954857
-12.182783
-5.426017
-5.153793
-12.660605
-13.629291
-9.204230
-6.764837
-11.099908
-6.774297
-10.689241
-4.670505
-4.359889
-11.103139
-2.143230
-2.473622
-9.084133
-7.593182
-10.193283
-9.741059
-8.475165
-5.075545
-1.075405
-0.324489
-5.348326
-2.717822
0.669780
0.241107
-1.146663
-1.543492
-4.930339
1.591374
-5.995731
0.571554
2.444069
0.323153
0.006200
3.958771
-2.032059
1.006514
