1.332570
-3.481179
5.601833
0.399274
-2.006789
3.633398
-1.007385
1.047391
0.818693
0.074354
5.312985
4.245197
3.262500
0.235172
6.181676
4.579534
2.087660
1.188077
9.085417
9.442455
9.613784
2.592571
11.032042
7.085891
7.851279
3.260238
6.896877
5.066406
6.646785
5.169248
6.171919
4.612561
9.162861
6.960301
11.205077
11.095849
6.526368
9.757305
5.180645
5.745730
9.901432
7.640942
13.953029
8.165294
8.713889
8.296858
14.659592
11.520469
8.540757
9.961420
6.466616
12.061756
5.497276
9.228295
12.239866
10.233094
6.751085
7.454682
7.230126
8.228716
12.189321
10.718775
5.629820
11.483104
4.846973
11.426867
13.550155
6.201270
6.900060
5.053564
3.815049
5.103390
3.617940
10.489739
4.261380
3.016594
6.784159
2.350429
4.849511
3.935936
4.722599
8.559718
4.900640
4.306869
0.985445
7.757297
6.282069
7.724511
3.748028
2.363530
4.708079
5.498808
0.849239
-1.835761
-0.544927
4.521538
2.828820
-3.382923
2.426291
1.038612
-1.092137
0.916806
-0.936577
-1.177290
-0.463550
2.324926
-6.732160
-5.203867
-7.294885
-1.366670
-7.316983
-0.635444
-7.822790
0.417376
-5.871005
-8.112920
-3.587543
-2.867977
-1.263967
-1.829790
-9.978808
-2.891311
-3.897919
-9.875084
-10.712704
-4.176144
-8.508257
-10.785498
-10.093246
-12.781293
-9.616932
-11.245177
-9.551148
-7.393866
-11.033658
-7.859001
-12.216965
-8.223689
-5.502406
-14.495987
-8.595479
-7.609868
-10.058456
-8.181459
-8.653156
-13.371256
-7.592573
-14.487930
-9.239963
-10.905734
-7.270459
-12.571522
-10.011295
-7.028762
-5.637505
-14.272062
-6.117932
-4.721325
-9.237577
-10.183028
-12.906957
-12.877653
-8.751356
-12.617970
-12.396127
-12.687157
-4.702369
-7.853444
-5.910585
-6.008089
-5.888722
-4.555856
-8.522556
-12.053023
-4.458805
-3.165332
-9.171701
-4.688823
-7.614785
-10.518918
-1.386973
-7.485802
-5.074284
-1.111228
-1.909598
-5.970261
-4.968607
-8.221632
-3.121335
-5.799407
-7.402375
0.252015
-7.041124
1.719668
-5.492808
-1.132186
-0.563732
-1.975962
-3.142380
-2.361671
