-3.076712
4.888042
4.622970
4.699343
2.339384
4.833766
2.090176
4.483075
4.442967
-0.864445
2.665981
0.109288
4.319061
1.137875
8.748392
6.430662
5.027205
5.542351
1.269674
6.101299
9.428791
3.589993
3.243093
10.942335
10.816954
4.479650
7.380107
11.533323
7.784400
9.440611
10.391692
13.354699
10.308430
9.623574
11.295087
10.435146
7.093400
6.491832
5.678055
8.236219
8.611235
6.999744
6.215930
5.970329
7.814078
5.685856
5.649859
12.907165
12.560114
7.121414
12.254998
5.440203
7.102382
11.192276
10.594165
12.354205
4.983357
8.281626
6.503253
5.663979
9.069745
6.422104
14.123809
7.783847
5.107558
5.125010
12.158958
11.249722
7.690952
10.476893
7.619954
6.312830
11.356745
4.215603
7.778303
8.248267
3.507260
7.516538
1.674785
10.374886
2.304802
0.720319
1.885519
7.975607
8.666760
7.844662
3.896874
8.103211
7.610109
1.785586
1.662842
5.827208
5.878732
-0.131801
2.270231
2.890282
5.041268
-0.753600
0.475814
-4.759176
-3.415280
-0.744099
-2.094730
1.826583
-0.721528
1.440936
-0.760451
-0.820911
-3.360133
-5.445477
-1.115061
-1.249704
-7.006648
-8.151799
-7.826968
-0.076567
-3.775986
-9.877711
-3.378333
-4.773168
-9.233547
-1.504143
-3.831761
-3.201838
-5.437034
-5.174526
-8.286119
-5.097971
-8.695487
-6.371363
-5.824132
-10.721156
-7.452742
-9.476644
-10.403872
-7.684261
-13.368442
-9.407317
-13.232710
-7.818550
-7.903062
-6.978210
-8.294128
-6.088694
-13.743124
-11.101850
-13.745334
-11.210442
-5.099366
-9.807314
-9.644953
-9.663387
-13.268151
-13.457109
-13.872308
-14.020836
-6.605027
-7.487557
-4.783647
-11.947253
-12.201084
-10.124589
-4.462356
-9.530052
-12.760098
-11.868568
-13.539693
-5.554607
-5.090544
-9.441033
-4.576084
-8.766043
-8.195252
-11.346715
-3.111557
-7.666768
-11.203555
-3.128294
-10.305279
-1.582514
-6.075309
-3.976624
-6.762126
-7.196347
-8.540627
-1.839942
-2.252595
-3.800122
-7.737505
-1.835517
1.955905
-0.853147
-5.174108
-0.883545
0.122686
1.746878
0.424137
-2.282884
-5.061098
3.021316
