-1.011920
-3.900467
1.228662
0.899335
3.798342
3.326216
-2.663808
-1.472640
2.696841
-0.357930
6.752516
4.776351
7.616043
9.023283
3.258671
5.650402
1.982650
5.571767
4.870164
1.932992
3.413666
9.042328
1.772282
1.919244
6.664388
6.068942
10.754703
2.793245
7.548175
3.416471
11.577954
6.906863
8.145756
5.833026
10.027630
10.387239
6.051437
9.103356
7.076536
7.169296
9.282623
13.297408
13.942742
13.122812
4.982066
7.180474
11.133319
11.124788
8.024311
6.023013
12.821435
10.762060
10.907513
14.098444
9.325127
9.992460
7.981104
12.427107
12.980900
13.342930
8.793116
5.137453
5.759056
11.422997
12.306596
6.666314
7.620512
3.945856
3.545603
11.782171
9.440202
6.045649
9.622100
12.002293
12.070539
4.456298
4.986450
8.323518
2.058069
1.928832
1.507679
9.362473
7.265359
8.935779
1.071239
3.592891
1.065522
0.893535
0.061337
2.189200
7.100834
1.161963
-2.557121
2.450041
5.283165
-1.695346
-2.796852
1.225270
-3.862243
-3.887590
-3.617657
0.252270
4.029175
-6.036369
-0.722771
-2.925149
2.303100
-2.591921
-1.430054
-7.386590
-3.852260
-0.931284
-1.447775
-4.233873
-7.223437
-1.975462
-5.076707
-9.643608
-3.228441
-10.237463
-9.939427
-1.407279
-2.177708
-6.824890
-8.184707
-6.845153
-5.093771
-8.459973
-10.498321
-12.529026
-9.580445
-11.320855
-6.326709
-7.103604
-13.672439
-12.176305
-9.286963
-11.391061
-11.637723
-8.848765
-12.634390
-13.831742
-9.562388
-6.115011
-12.271498
-5.160831
-7.949940
-12.648189
-6.033432
-5.579812
-5.597034
-5.298706
-8.260065
-6.666505
-12.991490
-11.181377
-8.187522
-11.755136
-13.153111
-11.745133
-13.142616
-5.888306
-13.503660
-10.206939
-9.254552
-13.616884
-6.198524
-11.716461
-12.415850
-7.053409
-5.803860
-6.957965
-6.196986
-4.104305
-4.824491
-7.287502
-9.510658
-8.405630
-1.983288
-4.420726
-6.210555
-3.014580
-3.294390
-1.286314
-1.874197
-6.261109
-0.779255
-6.361903
-6.901779
1.123191
1.715024
2.074289
-0.703529
-3.136855
-3.356058
-6.013604
-5.678684
-1.164918
-1.845988
-4.524710
