-4.101326
1.371116
-2.012871
1.265752
6.281859
5.754733
3.311647
6.786268
-2.135546
1.196593
-0.473958
6.570695
0.919168
9.134445
2.324301
7.453927
8.226661
7.569504
5.911530
8.458010
7.129227
10.794838
8.517434
4.621796
5.519738
6.481397
5.470439
7.703327
12.201011
6.909503
3.384901
5.427180
9.153066
13.461612
9.911095
7.763546
5.161691
11.465894
11.998984
12.407009
6.667985
8.279896
11.965802
8.422738
10.338576
10.002607
9.151326
6.181680
13.801364
9.379433
9.535486
8.986100
11.356267
9.745086
6.142461
6.339234
6.798441
11.176212
5.631151
9.733565
10.051624
8.113374
13.604858
5.907154
6.688340
4.003608
5.220719
5.841521
11.601187
3.313820
5.705812
3.896792
3.905584
5.743837
4.389284
7.603848
3.340595
9.931325
10.406535
7.648024
4.819185
6.927179
7.086754
1.611760
8.157330
7.185852
3.996274
5.926748
-1.303506
3.326808
4.314820
3.236366
3.973410
-1.257338
1.803920
1.822758
5.543527
4.179397
1.329569
0.590692
3.086340
3.129692
-2.771195
-0.131482
-4.167303
-2.363514
-1.094621
1.316301
-3.306347
-4.102499
-1.517844
-8.457840
-6.601749
-4.600550
-3.130336
-9.346851
-3.243988
-1.154676
-1.362158
-5.198078
-7.841231
-3.161573
-7.458333
-8.310860
-8.546405
-4.038855
-4.311925
-4.032319
-12.820487
-12.301592
-3.371158
-6.440156
-6.395982
-10.912094
-5.553953
-10.574981
-13.158509
-13.027601
-8.790347
-10.669602
-8.220514
-9.001074
-9.061019
-5.055436
-9.713185
-12.072888
-8.361566
-5.814137
-12.097080
-5.605457
-9.177973
-8.317417
-5.448356
-8.340727
-10.802671
-14.555664
-6.696573
-7.300926
-8.690380
-9.284388
-12.978532
-7.993447
-10.028701
-13.008240
-11.649956
-13.357669
-13.104947
-5.093367
-5.886961
-9.754476
-4.932808
-3.116064
-4.487666
-3.017672
-9.312396
-1.991010
-10.623212
-8.665878
-5.493864
-6.140777
-6.559151
-1.384452
-1.380686
-8.686754
-0.996202
-7.559844
-6.223958
-6.724668
0.718439
-5.807556
-7.666589
-5.689843
-6.893562
-3.934332
-6.272286
2.073620
-1.902433
-0.412156
-1.747214
-4.899947
