-1.937818
0.617960
3.511010
2.875132
4.689831
2.190299
6.412923
-0.541532
-1.747151
6.401045
6.616349
2.480282
5.934823
5.081151
3.321124
7.671260
2.938595
2.644261
9.051799
5.934854
2.928347
1.619103
6.991261
5.474880
8.173999
4.836241
8.898155
10.449344
6.042724
10.984244
9.503177
6.177385
8.110570
4.609262
5.412577
7.178995
6.789353
6.703306
8.552325
7.243837
11.919841
11.290131
13.757775
14.602825
13.580532
8.426285
9.225731
9.386784
7.590475
13.053672
10.069329
9.759893
9.874273
7.687665
11.463540
8.206747
10.507058
11.708173
10.354946
7.441624
13.349224
6.200530
10.494127
4.738301
9.427024
11.414337
6.381195
7.154417
10.248921
10.086437
9.102962
7.706675
4.059558
8.855036
9.675432
11.285604
6.045317
3.558076
2.035117
7.178286
5.457032
7.388082
8.682537
-0.012804
0.912425
6.383131
1.852621
5.918059
5.639570
2.898813
7.767370
3.369582
3.620060
-0.372537
-1.009778
-1.341081
-2.100933
-0.121984
4.106038
1.460058
2.608387
1.313620
0.654789
3.328332
-6.388739
-3.203925
-3.663355
-3.453338
-6.633342
-4.291211
1.539192
-2.989654
-7.620821
-9.221231
-3.149006
-6.090212
-0.497990
-0.931124
-6.255591
-9.325184
-8.469135
-2.678697
-11.414792
-2.715964
-11.427153
-7.833556
-10.582738
-9.218703
-9.057171
-5.001801
-6.312844
-10.728033
-9.970370
-12.338912
-4.668522
-6.599903
-10.339801
-10.674828
-4.833049
-10.999030
-12.940951
-10.750792
-10.828992
-13.588257
-11.719277
-5.974514
-10.683024
-14.158669
-7.871870
-12.556145
-6.783013
-10.190528
-12.918915
-13.069743
-14.033132
-5.977810
-6.210636
-8.489866
-6.895210
-11.331007
-8.365403
-4.995538
-11.708456
-12.288655
-8.527687
-11.606547
-13.539833
-4.886820
-11.104579
-7.183855
-11.392588
-9.356098
-7.841675
-4.559087
-2.859451
-8.132211
-9.815217
-3.626996
-9.263328
-7.163741
-8.159316
-6.008578
-9.980906
-0.104762
-4.807071
-4.031165
-8.597457
1.030568
-0.503817
-0.186567
-5.162021
0.263967
-2.356645
0.297674
0.214470
-2.476779
-0.253226
3.494772
-2.541051
-2.863698
