3.029213
-3.610541
1.896944
2.030353
5.597881
5.228715
-1.869915
4.454687
3.865790
7.924573
4.867164
1.302441
8.804807
2.311507
2.779609
4.156188
7.393366
1.754934
5.222213
8.252854
8.310641
8.932937
2.111153
3.635955
9.354128
10.812134
7.063786
9.153994
3.756048
6.403673
6.772944
6.718941
10.112991
9.459288
8.598246
8.003202
12.254558
10.179381
8.316854
5.500500
13.667773
10.868369
4.955869
14.478442
9.647658
9.587819
10.955343
10.224941
10.638027
9.588650
6.189139
6.918333
10.525086
13.417113
8.640361
5.391940
7.065326
10.296398
13.351752
8.624225
5.143053
5.692734
7.906534
4.886019
5.594518
10.427114
6.564951
4.286699
3.657691
12.746188
5.303578
10.465295
2.906760
6.114446
9.282275
2.279565
2.171926
10.427958
8.168983
6.879946
10.040463
10.278077
1.030632
7.486359
0.265526
2.549168
0.471876
7.550393
-0.589494
3.188451
-2.088674
0.952173
2.271694
4.535286
5.931042
5.542026
-2.432060
-0.393609
2.647762
-1.827914
-3.823993
-1.917808
1.328656
-6.106623
1.147485
-3.696383
-0.778938
-6.161444
-2.654267
-5.993606
-4.084810
0.362778
-4.424970
-8.509506
-2.349988
-7.897416
-4.222963
-3.926815
-10.124707
-2.663005
-8.999890
-10.102161
-4.387295
-10.239765
-2.123786
-4.354986
-9.570199
-4.670843
-5.784625
-10.412271
-8.118840
-4.112343
-11.897807
-13.102430
-8.736886
-11.216456
-6.671816
-6.109374
-10.617798
-6.421490
-13.650476
-8.558271
-13.611290
-12.353780
-9.836504
-6.958441
-13.469094
-9.207731
-8.151487
-12.809740
-13.126487
-14.252926
-13.032086
-14.806910
-8.613949
-7.292033
-8.026009
-12.657445
-6.333014
-11.631592
-8.346034
-13.208781
-6.550967
-12.341218
-11.332673
-12.048408
-7.420869
-6.379023
-10.279232
-7.019374
-7.850723
-5.229571
-7.372768
-8.860898
-3.419295
-9.895473
-10.536664
-2.193277
-7.261867
-8.758960
-9.723022
-1.708251
-3.481945
-5.094890
-7.382975
-5.689140
-4.810454
-8.173052
0.384578
-1.615370
-7.211166
0.017717
1.553281
-1.138193
-1.900849
-3.007025
-2.354699
-5.565959
1.126078
4.861708
