2.784409
2.900623
-1.976926
3.037636
0.008690
5.628943
2.798352
4.522015
1.822771
-0.269874
0.907017
4.897100
4.103681
1.679661
0.963273
1.074772
6.747654
6.572184
9.726124
6.964016
9.264446
10.037424
5.501637
4.861607
4.155453
6.732192
11.034007
11.656385
5.658694
12.020840
4.895169
7.566571
8.799374
9.991211
5.329314
7.239923
9.244949
13.278183
10.112690
12.393292
14.395515
7.924229
7.980265
10.507309
10.072067
6.749255
7.959322
13.940859
6.992277
10.923331
13.264607
6.535783
11.490706
14.743735
13.466161
8.628971
13.437671
5.105482
12.964992
7.695971
8.957840
5.116581
5.367267
9.055750
9.931391
5.755920
6.929983
12.854550
13.059757
6.964523
8.772047
9.479798
9.806266
10.064979
3.394935
9.022048
11.299363
2.002862
2.491937
5.729635
6.781820
3.917256
7.728309
5.659983
6.947980
3.933741
7.887262
-0.074611
1.210742
1.975567
1.946404
4.986678
-1.796952
3.384237
-0.414871
2.692077
0.817677
2.242789
-0.434185
-2.096681
4.613818
-4.148396
-2.910837
-4.421675
-4.389094
0.380394
-4.362533
-3.948655
1.765132
-7.033583
-3.132726
-5.202412
-7.778638
-7.790849
0.222654
-5.851478
-2.892614
-7.132972
-8.482304
-6.660982
-5.409633
-11.269680
-11.490243
-6.459951
-6.266645
-2.690051
-2.829119
-2.780897
-11.129125
-5.398790
-13.266102
-5.410200
-4.099333
-13.558216
-13.480186
-12.499671
-5.352076
-6.593809
-6.500743
-14.294133
-9.209584
-6.327437
-11.856487
-9.546968
-5.929136
-6.462594
-5.413715
-8.855814
-11.981347
-8.168077
-5.875658
-13.704735
-13.091992
-12.003651
-13.256825
-9.228081
-11.421640
-5.238740
-14.031139
-4.734721
-13.980327
-7.418950
-4.543404
-8.099550
-12.684576
-3.788033
-6.054827
-10.717843
-8.497956
-8.157614
-4.973573
-11.333526
-2.786420
-9.025681
-3.650333
-3.100935
-2.205243
-5.185705
-8.551508
-6.790152
-7.058707
-2.542449
-7.706500
-4.531489
-2.763938
-6.390088
-5.558104
-5.447229
-4.782464
-5.961452
-7.015651
-0.480104
-5.504826
-4.291164
-4.067702
2.865221
-5.486401
3.096208
-3.069247
4.978070
