-0.553566
2.615792
4.452887
4.606260
6.244346
0.265844
-1.098453
4.004814
-0.112038
7.590131
1.646226
8.351606
5.595944
5.797640
3.644620
8.920413
0.564940
7.148501
4.271853
9.607037
8.290646
7.214551
7.241379
6.781700
6.579295
9.780975
4.382270
5.562763
3.172927
8.999155
9.833985
5.562242
12.802974
12.426295
5.888695
12.628893
7.344904
7.378879
7.255878
14.292625
12.426466
9.079634
14.409270
6.752272
8.455207
8.998462
11.244533
11.161452
6.769801
6.266176
5.297847
11.451561
7.806182
6.444491
5.623928
14.403554
9.637797
5.608169
11.381919
6.627044
11.965043
8.808044
5.540016
4.173466
10.327735
12.205151
13.323635
10.162232
4.850378
12.716619
8.804596
6.325521
3.038759
3.661684
10.665588
7.577499
7.805271
3.115036
2.548933
2.416577
4.522461
6.392045
3.726835
4.918325
3.111876
4.337094
6.750310
7.169106
5.351309
-0.199633
2.261294
6.697475
0.794526
-0.379109
-2.077939
2.258509
2.525956
1.092357
-0.863576
0.829373
3.765575
-2.180248
-4.213308
2.996698
-0.204669
-1.532368
0.617512
-4.353169
-1.350763
0.964878
-2.284434
-7.432503
-4.240826
-8.519846
-7.908364
-2.507090
-8.334215
-8.957838
-1.957893
-8.693897
-5.374325
-5.236480
-3.151709
-6.659382
-8.318645
-7.450181
-5.074688
-4.469301
-3.285939
-11.700144
-7.295457
-9.524465
-4.253747
-4.397273
-10.516420
-13.937883
-12.648967
-4.726067
-7.048369
-10.782234
-5.200424
-8.472010
-5.827063
-13.970410
-8.148220
-12.321074
-12.494959
-10.552745
-14.111751
-11.297602
-5.909085
-11.944824
-8.516078
-8.725492
-10.960506
-9.706064
-5.846316
-5.520726
-9.407568
-8.307256
-11.724950
-5.869475
-4.529892
-9.524973
-8.239323
-7.610351
-7.812769
-3.838592
-5.341632
-9.015135
-12.206550
-5.623255
-7.506459
-3.175025
-11.399016
-5.948133
-8.892111
-4.396676
-9.114177
-7.323593
-9.728540
-3.168901
-3.914016
-5.874395
-4.505643
-3.491115
-5.666678
-6.767292
-2.651860
0.754435
-4.165313
1.595577
2.111184
-0.236700
3.040092
2.287956
0.264440
-3.926865
3.197517
-3.285214
