1.436259
-1.772179
-1.854438
-3.288501
5.245889
3.931798
2.866345
-1.272327
2.604638
0.737126
6.794707
5.336333
5.026652
-0.515280
3.715393
8.890540
5.682127
4.722910
1.108698
10.283874
7.289842
3.291466
1.617529
2.033803
4.470043
4.868849
4.777351
5.809368
3.522890
9.831690
3.364210
7.429479
11.814657
12.961207
12.748440
12.465916
5.604710
8.620369
12.393166
6.491441
8.726155
8.764439
9.782472
12.715156
6.832403
13.883381
8.749741
13.860289
14.600485
6.931238
10.303932
5.197338
14.848724
12.069807
13.535261
5.028501
12.634896
12.227796
12.840687
5.670548
8.862014
10.127132
8.307704
7.894756
10.552597
8.324119
13.353564
8.890066
4.625634
7.505381
8.998010
3.739214
6.523915
9.619113
6.841834
2.443662
7.773249
5.316379
4.130472
6.330790
1.869881
5.149657
9.076129
4.200689
7.885183
4.317945
4.671592
7.871672
2.832686
5.488001
4.688415
5.335792
4.741915
5.466903
2.728762
-2.477185
3.575102
0.342818
-3.784688
-0.709305
-4.102706
-2.721410
2.022930
-4.579716
2.249411
0.599210
-2.275277
-4.805610
-2.771051
-6.543382
-0.939086
-7.112409
-6.244877
-9.177313
-8.274029
-7.301511
-5.580193
-6.953118
-6.805442
-1.869215
-2.863984
-10.285868
-6.647933
-4.462983
-4.950100
-9.857063
-9.719627
-3.565017
-6.700749
-12.546061
-12.541663
-9.652412
-12.914274
-11.265484
-7.614431
-5.743929
-7.611381
-4.416268
-5.779478
-4.607744
-10.516351
-11.108077
-8.585764
-9.825497
-9.306622
-13.200996
-13.478549
-11.102402
-13.490813
-6.852574
-10.815305
-9.690690
-7.758022
-14.189905
-11.388597
-13.594178
-11.171358
-12.127503
-6.631505
-10.977944
-7.813386
-12.605418
-5.494544
-8.801034
-5.357284
-12.353687
-6.446484
-6.297218
-6.532608
-10.653626
-12.768448
-10.933552
-11.317044
-11.643157
-3.207465
-2.640261
-9.215862
-4.821450
-8.555650
-5.534805
-3.685564
-0.764194
-3.936307
-7.194550
-0.256466
-0.422860
-7.890089
-3.154554
-4.304107
-3.983996
-5.209372
-4.101812
-6.780974
-4.180277
-1.085906
-2.043091
1.075864
-4.534278
4.605622
-0.070191
