-0.562818
4.460135
-2.311110
1.931704
1.077305
0.656283
6.876129
4.998894
3.280853
-0.854986
6.997247
-0.205296
2.608349
6.033392
4.212201
3.347602
3.561083
7.743562
7.357229
9.494774
6.724482
9.890249
3.396408
2.366997
10.706536
11.866261
5.015336
10.606335
9.225419
11.027452
9.590280
3.989774
7.922313
5.737383
6.104757
7.034211
5.561798
9.374180
13.641122
6.037709
13.782391
5.847069
8.652094
12.514195
8.827752
5.484413
11.982561
14.084190
8.574318
5.549562
13.014628
14.315661
9.159384
7.013704
7.121642
11.835628
9.504927
14.064402
11.700158
13.041752
9.558603
5.795258
13.966396
13.630615
12.533361
9.269873
4.787468
9.466698
4.884721
10.780339
4.289831
3.619747
9.414515
8.967354
6.406357
6.430255
3.955538
5.988455
6.469526
1.056832
2.104396
4.972103
0.394141
0.185771
-0.013972
-0.323464
1.580474
-1.187644
3.109032
2.987247
-1.645741
4.365328
-2.294442
-1.713935
2.426399
-1.412097
0.808231
0.964269
4.311526
-1.532611
-1.296307
-3.675598
0.480905
-2.681889
0.266500
-6.454617
2.547445
2.424268
-6.252144
-6.368114
-5.044058
-7.068076
0.447789
-0.123805
-2.953913
-4.721386
-0.751297
-5.268075
-2.726573
-8.910031
-11.033444
-5.486730
-9.555455
-6.094009
-7.397894
-8.211611
-7.535888
-12.058991
-4.445422
-11.054339
-10.965693
-9.595889
-8.212910
-7.562421
-5.155826
-10.833335
-8.066573
-13.905917
-7.507661
-7.836396
-8.774319
-14.091002
-10.988104
-8.471014
-7.652177
-5.009010
-9.207505
-9.872006
-6.674105
-10.441579
-6.214328
-12.819336
-8.780584
-9.038214
-14.512939
-5.554228
-7.785057
-8.118083
-6.385064
-14.475293
-10.381045
-7.310065
-12.971437
-12.744181
-5.934094
-7.602061
-8.036951
-6.926748
-8.741400
-3.353828
-5.292828
-8.900221
-2.669443
-6.445938
-8.587191
-10.975859
-8.699601
-7.624962
-4.509325
-4.389931
-9.160479
-4.566495
-1.168542
-7.338398
-6.669284
-5.200737
-7.225447
-5.280914
-2.726904
-2.095186
-0.331808
-1.146898
-1.276232
1.367874
-6.393269
-5.015234
-2.567088
1.587014
-0.240738
4.626545
