1.241110
-2.355614
1.509607
-3.356696
0.822310
0.121126
3.941956
-1.067904
-0.103270
2.984445
1.800050
7.573510
0.123700
6.011804
6.321817
7.231610
2.315579
3.820921
2.480856
9.155710
8.124346
10.363722
9.455990
11.766905
9.992031
8.098962
5.574183
9.443561
6.085118
9.956309
8.363617
9.693131
12.512787
3.843528
8.031637
6.810628
7.891866
12.389896
9.054688
5.013345
6.453199
9.400156
8.386037
7.590608
13.495757
7.273470
6.137442
13.717905
12.479680
9.885044
6.572288
9.967450
8.744711
8.443075
5.608018
7.284829
6.755711
10.660033
10.569707
14.423124
11.211867
9.414557
9.201484
9.211737
9.569927
4.235168
5.377483
12.005532
4.082602
3.448307
8.556148
8.634377
6.042194
6.267694
10.541079
2.071943
5.630557
8.874731
7.937186
9.995491
10.294299
8.992949
9.328013
4.544908
1.517266
6.659082
8.003693
7.388082
-0.622953
2.092411
-1.816701
0.634214
1.421684
-0.654291
3.968638
5.207676
-0.024673
1.905141
5.277658
-2.109741
-3.598245
-1.452958
3.779428
2.448984
-2.263472
-2.149729
-5.861975
-3.378036
-1.542151
-6.568146
-8.124639
-1.776115
-6.407931
-8.238603
-1.960270
-9.064429
-8.845610
-4.732784
-4.695524
-1.144955
-10.710700
-10.938002
-1.672493
-4.766436
-10.896746
-11.318819
-5.183249
-8.515373
-11.999319
-4.087342
-11.434870
-8.166164
-4.204477
-12.997780
-9.796516
-13.772543
-4.861890
-13.918895
-8.428590
-8.822452
-5.914874
-9.490489
-14.185686
-8.192267
-14.393450
-14.874857
-7.587584
-8.019282
-14.811527
-7.366717
-5.410785
-14.672943
-11.677985
-12.467122
-9.277224
-7.258337
-13.984991
-6.112944
-4.712884
-6.375870
-10.333837
-11.352505
-5.738668
-8.303874
-11.770533
-5.572870
-12.112538
-9.366270
-7.176613
-9.920379
-12.075390
-4.657243
-8.340519
-4.178469
-4.686458
-9.513868
-7.898712
-6.477039
-2.835613
-9.458152
-3.473871
-5.960545
-2.781042
-5.848232
-5.463991
-0.456595
-2.482953
0.356465
-2.591970
-7.087467
2.203420
-5.435540
-6.215917
-0.323314
-1.039422
0.138915
-4.166910
-3.064674
-4.202353
-2.927685
