-1.605764
-0.568456
2.666094
-1.641101
0.979075
4.532389
4.292228
1.027114
4.456221
2.073785
0.175809
5.570922
6.173649
2.332306
4.778823
6.636774
7.823130
9.593321
7.128061
9.266208
3.083547
1.781653
5.197167
5.369225
8.675455
10.488003
8.425240
5.351624
5.414656
5.609323
6.556837
5.665974
12.238288
10.807532
4.205361
5.030273
13.001680
9.568097
11.946004
7.004387
11.827338
12.575909
5.467657
10.864750
14.178248
5.676169
12.680773
5.309288
11.892244
6.817003
6.929010
11.778511
5.781280
5.004283
9.427287
13.953640
12.781361
7.549319
5.712299
11.228052
4.648974
8.714737
5.732661
10.112478
6.288517
10.949187
10.110290
13.190884
3.773712
7.625478
9.100720
3.645102
3.078210
10.113678
9.465306
6.913951
6.450554
9.999807
4.497003
4.032066
6.639750
10.041600
7.395887
8.239419
7.803407
8.807852
1.416346
5.131760
-0.277868
3.000664
0.581418
-1.852639
-0.398151
-0.771341
-1.929254
-3.670954
3.051879
1.080702
-0.973943
-0.133218
-3.905806
0.663364
1.226512
1.464611
-4.976958
1.656347
-3.961148
-3.315021
-3.615918
-3.682923
-6.533287
-2.664474
-3.462264
-4.103167
-2.639796
-3.463327
-7.170550
-2.841214
-5.842969
-8.427678
-10.467164
-5.774097
-5.569873
-9.250922
-10.593247
-5.005531
-6.209170
-4.282535
-3.820205
-12.841454
-10.292610
-11.777069
-5.350948
-10.531198
-7.258166
-5.562465
-4.398647
-9.974930
-11.174753
-9.664585
-12.665434
-8.731028
-9.500801
-13.323965
-6.115230
-6.866453
-8.268502
-13.520817
-9.851372
-11.604740
-6.813289
-8.878464
-6.608166
-5.227305
-11.466126
-6.315984
-11.277908
-10.824101
-4.833494
-5.626540
-8.248093
-12.816078
-12.609863
-6.106761
-13.101952
-8.938920
-11.975032
-6.919457
-4.571428
-3.524095
-4.721631
-5.319778
-7.162341
-5.063446
-7.121901
-3.229130
-4.570765
-7.062086
-9.240024
-6.426242
-6.868064
-4.918671
-1.390200
-3.910956
-3.561052
-7.970777
-2.120422
-8.021136
-1.068446
-4.279236
-6.810361
0.822598
0.214228
-5.315019
-5.195686
-3.138674
-0.228235
3.435625
-2.640049
0.712995
