-3.587938
-3.282227
5.590916
1.270479
-2.611113
0.717334
-1.291570
1.807343
2.280875
6.919824
1.714083
1.038631
5.968283
0.298403
8.085438
7.405074
9.654873
6.155448
6.557700
6.512793
2.579212
3.704299
9.466811
5.518960
11.977683
4.180657
10.935569
3.900744
10.136985
8.829997
12.305175
11.780845
8.376588
5.257181
10.847037
8.283913
4.954601
6.013973
11.051664
13.178134
5.703474
14.271665
11.025257
8.091239
10.856510
7.474658
5.180131
5.681599
14.490805
12.883346
5.270531
9.655365
6.789805
10.583691
6.954109
7.575340
9.547899
5.583822
7.580127
9.480113
12.741325
6.002265
5.692266
13.128979
5.599166
11.879734
13.545432
12.663338
4.786126
9.082024
6.483213
9.079568
3.238374
5.033095
9.096462
2.702999
5.694500
2.239244
8.360445
2.610641
5.437010
6.546799
4.800495
5.521246
1.128285
1.980256
-0.466413
8.531532
7.223832
5.242112
1.986332
3.501609
1.994890
-2.652109
0.849869
0.685709
-2.318695
3.229230
-0.939749
1.974982
4.459146
3.115665
-3.143566
-3.457969
-2.499238
-4.765986
-5.057062
-5.541353
-2.651066
-6.627297
-1.701148
-8.295231
-3.671178
0.404567
-3.381087
-2.611370
-8.013149
-5.863362
-10.358594
-5.743836
-6.026761
-7.669020
-2.328840
-9.007740
-9.597277
-3.766721
-10.974650
-6.873882
-11.426957
-3.381678
-12.331487
-7.759019
-7.905808
-11.319635
-8.729332
-9.198666
-7.659524
-10.582335
-10.103539
-11.758714
-10.594142
-14.478854
-11.459379
-14.148932
-10.015807
-6.281925
-5.543492
-6.726771
-8.169765
-12.636527
-5.819495
-8.881379
-6.345596
-7.356710
-6.151315
-5.005574
-11.618452
-7.278367
-14.139359
-6.475090
-12.967585
-8.246281
-10.132016
-10.448202
-7.492821
-9.022414
-10.657440
-4.504510
-13.159903
-9.451921
-8.703251
-11.836815
-7.654056
-7.992187
-8.617360
-10.398323
-3.909019
-3.747557
-2.533343
-1.417590
-0.742772
-3.978841
-4.938604
-8.615649
-4.281472
-2.610652
-5.643866
-8.236617
-0.036591
-2.457342
-7.475190
-3.799166
-4.108773
-0.251485
3.071951
-4.027129
0.302417
-2.031897
-2.317898
3.481748
