0.513620
5.282160
3.394472
2.786822
1.043294
2.069810
6.699022
2.002782
4.634869
6.656765
3.473640
6.160324
2.804120
5.871762
1.678819
4.205237
4.978152
9.928086
3.769560
7.566936
3.505126
5.187690
7.341884
9.415543
3.721597
5.256640
5.582606
5.015541
10.641976
7.498612
13.026612
6.488038
7.078496
6.479840
9.202739
9.543781
5.645123
7.532955
9.872162
8.804263
13.646090
5.676775
8.136974
6.932153
10.018991
11.295762
5.989704
7.225281
6.618288
12.255992
6.960330
9.182718
7.702912
11.163710
11.829954
8.239296
6.629833
8.181518
9.516104
10.228254
10.316598
6.680265
10.302351
4.191391
9.402052
3.967637
12.468561
8.239534
9.874275
7.120961
5.904771
7.085547
5.244028
2.989676
3.739908
5.998081
9.485522
2.701047
1.827220
9.102009
2.696609
1.043768
8.329974
0.633798
1.064682
7.967274
4.714801
0.203322
0.370424
7.467169
1.822583
0.477929
6.938831
4.590036
1.164284
0.531609
0.452468
4.703140
-2.736199
3.466048
-1.699605
-4.495336
-3.910884
-1.429596
-2.092330
-5.047987
-1.169960
1.422239
-7.169639
-7.305884
-1.292808
0.305796
0.487070
-0.506702
-1.890126
-4.756330
-8.121761
-6.686077
-7.667048
-3.048870
-7.827303
-6.454038
-7.317076
-10.019627
-3.709419
-5.099938
-9.357509
-11.488207
-6.642051
-11.810012
-9.114823
-4.069462
-4.371410
-12.823916
-12.636934
-10.118996
-11.836271
-11.446961
-7.146294
-8.829321
-10.727139
-4.909345
-6.831463
-7.497151
-12.227907
-9.781898
-6.389082
-8.009214
-11.311801
-6.627694
-7.562171
-10.503443
-8.203979
-7.304506
-10.676094
-13.131306
-10.388838
-11.490709
-14.184648
-13.809720
-10.114357
-9.487372
-10.164696
-8.583981
-11.031462
-10.060821
-6.628808
-3.677675
-10.744236
-10.904923
-4.514289
-9.436916
-3.612315
-6.342884
-5.010846
-10.217234
-2.627750
-7.434182
-3.038922
-6.266509
-10.477734
-4.868580
-7.184287
-9.725512
-8.902669
-2.745173
-4.228247
-1.805178
1.014495
-7.440006
2.119715
-5.160626
0.176503
-5.149876
-3.499907
-0.254177
3.635029
-5.545072
4.558364
-2.880590
