5.190990
2.880988
4.928477
5.567194
2.793542
5.590484
1.771117
-1.432278
-0.341495
3.337366
5.462742
1.589425
4.805010
4.762455
4.785865
9.378818
3.981198
6.736331
5.507725
4.774059
3.562486
2.737515
6.026913
4.807722
5.000472
9.075330
10.636900
3.440471
9.142143
8.603436
5.831759
10.076731
13.059251
11.848122
6.022381
13.658216
5.527744
5.707334
4.456361
13.905584
4.741147
7.541831
10.713071
10.902707
11.339695
7.113248
10.765085
9.669317
14.877859
7.660837
14.726344
11.468874
6.727614
10.927911
7.231382
7.161820
10.970129
10.845750
9.044507
7.252915
13.633900
13.144475
11.533836
13.265841
4.688381
6.549761
4.008110
5.068824
6.379103
6.547994
6.898565
9.436303
7.448102
10.190467
2.377552
9.103556
9.614251
9.564456
8.865719
2.434854
3.794227
3.130584
4.156459
8.269550
6.054032
4.810073
0.173007
2.121464
1.329310
4.866769
2.602065
-2.435982
1.840151
3.466022
-0.008980
-3.332427
-2.644392
-0.431167
3.332526
-0.683560
4.026922
-1.659967
1.295249
-3.276642
-2.306723
-6.428223
-5.610641
-0.298150
-0.711415
-5.947974
1.344738
0.554324
-6.159151
-4.458055
-6.359277
-8.457612
-8.106384
-2.714309
-6.258673
-8.619241
-9.032979
-10.508250
-4.170392
-8.585175
-5.397575
-9.939192
-9.799212
-4.672529
-12.438830
-8.851329
-7.551030
-7.271090
-11.028881
-6.982372
-9.086582
-4.935338
-9.767456
-8.197242
-8.599479
-10.720116
-8.393850
-11.772124
-12.416064
-11.088896
-13.958370
-6.392091
-11.712181
-8.364469
-12.911746
-5.938045
-11.636205
-7.172155
-14.097701
-8.630553
-11.224273
-5.389751
-6.366132
-5.695362
-8.058688
-10.947664
-11.056215
-7.361910
-6.966706
-9.081903
-8.213065
-9.487395
-6.281750
-11.956982
-10.860775
-4.295353
-8.430077
-4.162975
-9.630149
-9.383954
-11.857921
-5.063246
-1.985911
-3.468338
-9.936883
-4.906271
-0.902956
-8.063187
-6.623657
-0.022843
-7.033755
-2.281555
0.705256
-5.653315
1.127415
-1.637183
-0.910702
-5.114143
-0.791086
-1.804003
-2.304282
-2.726739
-1.506178
3.062707
3.375421
-4.371635
