-2.767647
2.512768
1.248478
2.288516
-1.829066
1.362748
2.621190
-0.213708
4.332807
2.330607
5.969008
7.930405
2.714496
8.420895
7.208017
2.446350
2.385722
8.813651
10.421284
9.326813
7.867246
3.659894
5.609287
9.868811
3.912205
12.122720
9.115975
7.067708
12.855173
6.004184
7.298996
10.548369
12.641383
10.541798
9.027214
12.358909
6.185911
14.259570
12.105173
6.856537
12.481407
5.670860
13.164304
8.189037
13.634698
9.433723
5.182909
5.406922
8.173202
8.594538
10.113449
11.427884
13.821747
12.840498
9.788588
9.947082
6.404108
6.536068
10.180693
7.665515
7.382103
13.869236
6.904643
9.481549
5.248405
6.932950
5.821119
10.862588
12.222638
12.101441
6.937015
3.032730
3.205526
3.251787
3.720354
7.463208
10.650610
3.706010
6.214964
9.512989
5.978036
1.874924
3.614674
2.412262
3.016468
7.486807
7.531624
2.695392
7.701467
5.172426
7.527471
3.777532
-0.953903
-2.078307
3.207726
1.352095
4.547914
4.867764
4.777521
3.924869
2.646974
-2.519142
-1.818601
-5.321357
-2.890579
1.128385
-2.389989
1.494745
0.449920
-6.428410
0.463831
-5.636566
-2.065193
0.453743
-0.773055
-6.371019
-5.070233
-4.828409
-2.148791
-9.042824
-6.938678
-8.713825
-2.561584
-9.795781
-8.761753
-3.058118
-5.759347
-7.467571
-10.531867
-4.321136
-9.008763
-12.582118
-5.818405
-6.120844
-5.203953
-10.507299
-8.079390
-10.983254
-9.115068
-13.351131
-11.792081
-7.213516
-7.000140
-8.631563
-8.741644
-11.720079
-14.428598
-8.291529
-14.831092
-8.100058
-12.513038
-5.692532
-12.027665
-11.351284
-9.902943
-7.530334
-5.125357
-11.788370
-5.151943
-10.204729
-11.394170
-12.055646
-11.836069
-5.536434
-8.522027
-4.416872
-9.760695
-10.313494
-12.403041
-5.480507
-12.872437
-11.015908
-11.840954
-10.928529
-7.613531
-4.939620
-6.417324
-5.286467
-8.769523
-4.337844
-3.439519
-6.447932
-3.707767
-7.297001
-8.600089
-1.725676
-8.119470
-8.396557
-1.992310
0.683582
-0.286481
-4.909970
-4.209702
-3.538101
0.492160
-0.935157
-0.555594
-3.947223
0.896665
-4.550240
