-0.254878
-4.127950
5.651773
-2.438650
4.127790
-0.379680
2.385434
4.617450
-0.801188
7.704250
5.535661
8.651784
1.852681
4.011743
0.259699
0.666194
3.956287
2.809744
8.481521
3.957599
8.521782
5.352210
9.252437
10.254159
2.441037
4.242173
10.334642
11.165579
6.457281
8.674500
4.831095
4.450730
9.680676
10.817776
9.753364
4.439544
7.949983
7.296238
11.887378
7.241665
11.525693
6.436129
12.504564
14.566377
6.219999
14.842020
10.474240
10.306918
10.055321
8.758161
7.106776
11.924719
8.112723
10.517308
6.439329
14.318334
9.782077
12.581634
5.765488
6.849395
9.974538
6.508294
6.964824
11.047985
9.089992
7.578548
11.511379
10.070832
6.387235
10.450821
5.575247
11.269890
8.886965
3.340306
3.897985
8.427352
8.390706
1.488902
2.036925
10.708697
10.526662
8.588921
8.822932
6.585138
2.677155
8.499089
8.312910
8.465176
-1.352408
-1.791319
5.161625
4.898981
2.803699
4.059791
5.104018
3.660639
2.904782
-2.493509
-4.014565
-0.880978
3.590233
-0.600851
2.064617
-2.389872
-0.070623
2.545298
-0.642890
2.258112
-2.549883
0.519741
-3.040286
-8.266892
-3.398424
-1.308448
-9.036101
-4.315612
-3.357125
-9.775879
-2.135000
-7.819956
-1.908780
-5.501213
-10.525877
-10.905362
-7.187482
-9.479130
-11.820728
-10.456758
-6.213035
-5.287025
-11.989928
-7.982439
-13.592736
-5.281559
-11.906533
-6.220046
-9.317694
-10.275239
-13.505274
-13.813533
-12.496773
-6.202931
-13.984187
-7.359452
-6.562259
-10.590807
-4.968302
-8.895085
-6.303456
-13.388010
-13.503335
-9.746944
-8.181396
-10.151758
-9.171324
-5.527888
-12.399227
-14.501033
-12.098880
-5.945563
-9.415215
-6.725512
-7.734421
-13.832411
-12.567679
-6.499105
-9.703434
-6.022594
-6.992353
-12.654075
-5.865677
-2.843384
-12.463734
-9.976416
-9.382925
-10.340203
-6.057520
-1.812664
-1.982281
-3.419317
-10.037831
-6.624478
-7.626746
-2.234909
-6.245027
-0.373431
-6.110766
-0.938076
-2.970902
0.956967
-7.428545
0.547805
-4.120390
-4.217725
-3.189101
2.081845
-3.358708
3.372871
0.706932
-2.229534
