-3.008405
-2.839710
3.929656
-1.927923
-1.144801
-2.693809
-0.086444
0.537498
5.011841
0.995852
4.073428
2.847975
5.932019
5.804864
8.379832
2.300328
8.128244
7.303003
7.731712
9.717225
1.235279
9.028075
8.505679
3.347913
11.167529
3.789603
7.104245
10.755017
7.164037
9.543149
8.830129
9.166644
12.710583
8.608681
10.608356
4.178122
4.855316
13.253764
12.720879
9.784394
6.888028
11.772599
10.726589
6.072241
12.897362
6.960520
7.085940
7.535568
13.983346
9.186599
8.933971
5.490833
10.590826
10.352438
11.124762
13.942416
13.640575
11.074856
12.387344
12.492629
6.534123
10.270437
5.799288
7.722602
13.651533
3.921698
13.095507
4.778583
8.063210
11.915937
4.147294
4.020114
11.100432
5.534362
11.720017
2.507886
9.545991
7.909134
7.261528
2.644689
3.084158
6.565227
9.892818
3.683357
7.655956
1.312165
4.447528
1.462992
3.221921
1.273649
-1.176721
2.002877
6.946236
2.071628
3.638145
1.892095
0.745626
0.061328
4.201057
2.339663
1.373836
4.110080
-3.055402
-5.280077
-1.969000
-0.705828
2.531767
0.582212
-5.091531
-6.597222
0.094310
-5.934256
-6.252991
-1.250891
-4.745778
-4.387120
-5.864726
-4.476848
-3.774023
-1.566287
-9.373134
-8.563595
-5.767899
-9.449161
-6.503228
-5.646604
-7.421640
-10.534184
-12.769911
-5.852435
-7.931881
-10.646212
-4.622059
-3.903906
-5.191334
-12.815775
-11.858854
-4.724563
-5.662133
-6.965573
-4.949094
-8.935107
-8.838924
-6.480927
-13.756219
-6.157067
-5.492421
-10.594986
-7.680735
-12.943292
-8.911012
-8.166074
-7.730696
-13.428054
-5.683854
-5.510088
-5.107050
-12.842758
-9.525959
-13.557580
-13.635500
-5.119580
-6.317911
-10.164791
-8.276564
-5.924941
-4.965665
-4.091418
-12.856792
-9.063445
-10.333471
-11.799511
-10.613131
-2.360701
-5.142423
-11.295546
-1.997421
-5.229581
-10.572488
-8.832040
-4.248852
-8.858146
-8.632131
-3.276699
-4.906172
-0.578231
-5.671437
-6.053009
0.279782
-2.086896
-7.143852
-3.086881
-6.578658
-1.039150
-5.201968
-5.639709
-5.290487
3.336366
2.948020
1.412337
