0.723679
5.481613
-1.933477
1.121764
4.732896
4.996461
3.129321
0.491445
5.508090
4.133295
1.571687
4.153377
5.524336
5.339150
6.900511
3.081264
0.683222
6.355574
8.686441
8.217051
2.834558
5.763812
2.134058
5.176064
7.190645
4.616398
7.654323
9.974859
11.597548
7.582813
12.457476
5.504054
6.113072
8.698873
4.013498
8.886375
7.408659
5.993982
7.298036
12.767452
11.422395
8.764705
5.970551
5.446598
11.434755
13.161688
14.815988
11.915553
8.601942
11.026545
12.298612
13.306374
5.153136
12.711345
5.178959
9.586778
7.005905
5.324517
5.092099
8.363337
12.075355
7.031027
6.162850
5.750932
13.791516
5.503123
8.767015
12.491611
8.374209
12.050382
12.900061
10.699733
4.824009
3.987945
3.294972
9.031815
9.482969
10.370497
6.202623
5.312498
1.099784
4.039730
1.011687
3.343755
5.329113
8.724454
4.247684
8.467885
5.881240
4.543768
4.703326
7.354209
-0.432659
4.960514
4.096488
-0.745557
3.367104
3.497903
3.913779
-2.885929
-4.588898
0.643806
-5.442250
-2.149980
1.836788
-2.653557
-2.579695
-0.245817
-4.710255
-1.635380
-5.016480
-0.947530
-8.276830
-1.550257
-9.360429
-0.752424
-8.620380
-10.181322
-1.710205
-3.602386
-4.880607
-6.109165
-6.656278
-5.838671
-5.936780
-9.934155
-9.742134
-9.060938
-12.088853
-10.378816
-7.552040
-9.038171
-5.859305
-4.376930
-11.228172
-4.766548
-12.095628
-6.381552
-12.023122
-11.429330
-14.109047
-13.436618
-4.809526
-12.069652
-5.954499
-6.925103
-14.653314
-7.850245
-7.313525
-13.420473
-13.802678
-7.594365
-12.127996
-7.854566
-9.682404
-5.097321
-5.998411
-10.244120
-13.355655
-5.848024
-10.550529
-7.134434
-10.334707
-6.812982
-13.312983
-12.562567
-3.943101
-6.305541
-8.244657
-4.130863
-9.266350
-8.473067
-9.072422
-12.262593
-4.514170
-7.307227
-9.290268
-11.337519
-4.053495
-10.042418
-3.747092
-1.986834
-3.231043
-2.417195
-4.474632
-4.629359
-2.424507
-6.740917
-6.323069
0.245331
-3.284317
2.479823
-3.051163
-2.314061
0.831881
2.615846
2.356200
3.138940
1.235117
1.480565
