2.716815
4.402777
1.158790
-3.215936
-1.361821
3.787947
1.784828
6.280257
5.697078
-0.187938
3.629354
2.908013
-0.187579
8.005934
1.346118
2.638493
2.463809
3.914618
8.033316
9.529612
2.673302
6.599943
10.504091
2.611313
2.782267
12.017649
10.175829
10.168160
5.156380
6.719835
11.058700
9.484615
10.725774
10.497762
10.553353
11.351082
11.655355
8.393982
13.861005
6.237825
8.816323
5.688358
11.122299
5.569183
12.621718
13.040811
12.955586
10.573682
10.278710
11.248842
8.129074
14.267140
8.644415
9.957123
12.009824
7.145966
9.303307
13.519705
10.654810
7.600132
8.713987
8.696604
4.759004
7.055472
4.772429
7.184767
10.142558
9.559412
13.070794
4.034957
6.452884
7.007018
6.430217
7.942229
8.617591
2.920758
3.719215
4.442173
1.256174
7.289330
3.895046
8.043908
5.140108
8.208905
4.950051
2.302792
5.542400
3.793213
1.421287
0.857194
6.597339
1.695174
-2.487198
-1.746724
-1.894345
-2.799446
0.752505
1.439020
2.141589
3.402085
-4.200361
1.365064
1.886758
-0.461689
-5.208475
-4.957940
-3.819708
-5.489478
-6.685688
-2.680916
0.537024
-4.309049
-8.467669
-4.497884
-7.898671
-4.159989
-1.370953
-9.005196
-4.302280
-5.252865
-2.783318
-4.957792
-11.454699
-4.036320
-10.526461
-11.621573
-7.026381
-7.319629
-4.527783
-7.208577
-5.941139
-12.848166
-7.429481
-6.766718
-6.850954
-12.768273
-13.198013
-9.450372
-12.989401
-7.666695
-8.040946
-13.886906
-13.918632
-12.046645
-11.032905
-13.227253
-10.681101
-10.159983
-5.156764
-11.669068
-9.822990
-14.827602
-11.080024
-7.304293
-11.107646
-12.205328
-7.877434
-11.821144
-8.129350
-9.649009
-10.496895
-5.589586
-4.835635
-6.685454
-8.491724
-5.788454
-8.936935
-4.823171
-4.615036
-5.160341
-3.830407
-5.592349
-5.329016
-6.934009
-3.043625
-9.143309
-8.032347
-11.350896
-4.683140
-5.772262
-8.785203
-5.503578
-8.329774
-4.673987
-6.205750
-2.212481
-1.219810
1.274336
0.788418
-4.845014
-5.613062
-1.540554
-4.667602
1.434143
-4.222042
-2.134004
-0.728328
-0.048711
3.665179
-0.863171
