0.083844
1.667880
-0.404487
1.605041
3.850129
5.505186
5.684207
1.310154
-0.325870
7.654344
2.853552
5.895081
8.035771
7.974860
3.059135
7.497823
9.442693
2.381919
2.740193
8.287882
8.872078
3.273661
5.809648
7.463965
11.658960
7.976675
4.267744
11.761029
3.421481
8.322614
6.573557
10.083836
12.484353
10.267347
7.047907
5.599975
5.481197
4.873553
10.882732
8.997626
12.232850
5.706188
11.931753
8.089727
10.105348
10.382638
5.115519
8.654332
5.231369
11.773761
5.616167
8.959568
7.635433
5.896303
6.036914
10.266507
14.046963
10.054510
9.680675
8.522542
5.290780
13.899591
5.307612
13.752229
12.685667
10.928073
6.501179
5.415551
4.582820
5.443309
8.045161
6.516055
10.289159
3.277078
6.183544
9.991705
8.371889
7.691372
9.464075
7.999368
1.661563
1.737856
9.103755
0.904448
-0.450523
0.902422
5.201237
2.880622
3.157491
0.353200
5.292779
6.658111
1.809357
6.214264
6.348890
-2.047638
-3.271673
-1.543786
-4.549101
-2.833423
-4.262030
0.342148
2.353735
0.123438
-3.806815
2.381325
-0.367759
-0.969564
0.593817
-7.159658
-2.213614
-2.417352
-5.519419
-8.103002
-3.019933
-9.609018
-7.463114
-4.584503
-8.831549
-4.850238
-8.425728
-2.237282
-2.555653
-4.053306
-6.591034
-10.227665
-12.310340
-6.290183
-9.697185
-11.717963
-12.732437
-10.367201
-13.080246
-11.884481
-6.580820
-4.970662
-5.679912
-5.932019
-7.528094
-8.649627
-12.946114
-7.250399
-10.393806
-9.218630
-6.689742
-14.137506
-12.506008
-9.266728
-11.500365
-11.508972
-9.756952
-10.098116
-8.304009
-10.758492
-13.678672
-7.699936
-6.588298
-10.455326
-8.006268
-7.002117
-4.801360
-8.909448
-10.458796
-12.320545
-13.114064
-8.267051
-9.577966
-7.742705
-8.790162
-6.901284
-9.934631
-12.292251
-6.452999
-6.370665
-11.667786
-5.566340
-4.277147
-10.378068
-6.242298
-4.850744
-7.089812
-4.691484
-0.992670
-2.954746
-2.566413
-3.538263
0.419795
1.272558
0.679886
-3.910272
2.042150
-2.407572
-0.497731
-2.904319
-6.379125
-3.264466
-5.560110
2.163609
-0.817586
3.910564
