-1.251909
-3.378713
-2.784917
-2.001707
-0.858563
2.839372
4.257541
6.761052
1.029466
6.482671
1.770872
4.204909
4.310648
1.029267
0.270950
3.459593
3.875482
3.277749
2.948125
2.576141
7.157303
1.834172
7.142147
11.420111
3.981402
4.397458
10.191013
4.583774
11.591179
11.969796
5.853690
13.384397
8.971578
13.718891
13.643690
6.061152
8.054623
4.687629
9.971413
9.127270
6.506242
6.125186
7.383156
14.048449
7.509427
12.463069
10.917542
10.596546
11.233174
9.956423
6.827735
7.540897
8.988146
11.180224
6.989942
12.821800
10.808625
8.523662
13.985073
13.822104
5.825867
11.477750
6.909470
7.075566
8.096739
4.927529
8.684179
4.105002
6.075499
5.911696
4.870727
5.248346
4.207246
9.790073
4.589006
11.404464
5.235945
3.375696
4.618069
9.744841
3.330152
9.363305
8.808944
0.179645
4.455844
4.604069
8.196423
3.641183
4.727108
3.335668
6.390854
3.256408
7.031375
1.959285
0.976640
0.518152
4.963095
-2.585136
3.208699
4.929642
-1.693819
2.158950
0.347621
-1.368013
-0.731191
-5.533794
-7.055089
-4.404523
-3.490953
1.844204
-4.098417
-0.373911
-1.222626
-7.905729
-7.680323
-5.837054
-1.114931
-8.079631
-6.661425
-4.039945
-9.602328
-8.947799
-3.053764
-2.614853
-8.879118
-5.686141
-11.556224
-4.309722
-5.044939
-12.310652
-13.171966
-5.151707
-10.702323
-5.532324
-8.038671
-8.194261
-11.127896
-8.197542
-9.984703
-7.224357
-11.304064
-7.972857
-6.367482
-4.925631
-10.811081
-8.220979
-13.114157
-5.355466
-7.452118
-12.099829
-9.479060
-10.201455
-9.072199
-8.360737
-10.553506
-13.790358
-7.613400
-13.103843
-6.398611
-10.146079
-12.468553
-7.165175
-10.232304
-8.550851
-10.985610
-6.137760
-4.134417
-5.078591
-4.162716
-3.599339
-9.841603
-12.557016
-3.633684
-11.275040
-3.989820
-2.210842
-2.848237
-4.134672
-10.952645
-6.151929
-8.115596
-7.046363
-7.686598
-3.387495
-7.855493
-2.865112
-8.682364
-6.545729
-1.001977
-3.981597
-2.232293
-6.242208
-5.146146
0.899310
-1.699693
-4.748689
-2.103122
2.191580
-1.222811
-0.188079
