-1.641388
1.919993
3.572300
3.416960
2.770467
2.585126
3.467322
6.952964
-1.052752
2.842801
-0.960453
5.979759
0.160409
3.297985
5.162765
6.377600
6.879738
2.043559
5.660634
1.740532
6.466875
5.716086
4.611181
3.464585
6.566070
3.271345
11.955315
12.655385
7.961790
12.427917
3.987280
7.321393
7.891849
5.682863
4.119975
10.111032
8.004684
7.159741
6.594385
11.408528
6.637652
7.731930
7.307670
11.656233
7.099497
14.714134
10.857031
5.119000
6.249657
13.879588
6.429266
6.160891
8.033867
11.935607
8.077802
12.565422
6.079455
14.034402
5.138628
6.719517
13.228746
6.164152
4.538384
11.348354
5.183429
5.431442
9.681161
11.508731
12.018060
5.715384
10.413499
5.451318
7.847934
10.233609
4.504630
4.745188
5.795552
5.505291
5.181571
4.478740
4.708028
1.570953
0.395431
5.513810
6.678085
-0.257560
2.985211
5.472434
3.582305
1.677745
-0.135812
4.503893
4.628542
-0.477900
3.058307
5.553233
-0.802151
-2.990953
-3.855475
-4.526182
-0.860021
-3.062828
2.463482
2.049246
-3.800131
-4.280823
-0.751485
-3.116572
-5.824347
-4.328263
1.565888
-0.390161
-5.299514
-5.396854
-2.937397
-2.985881
-4.388303
-2.722737
-8.802336
-3.296789
-9.526608
-8.206475
-5.437519
-3.116255
-3.244078
-7.752429
-3.886078
-2.772220
-11.854339
-5.343024
-10.504585
-6.355572
-12.383982
-9.459594
-10.432159
-9.894606
-11.565561
-10.351763
-6.027750
-13.572210
-6.804945
-12.535071
-10.278876
-6.421393
-14.835561
-8.253797
-12.527578
-6.775900
-10.292671
-13.658007
-10.327657
-11.010918
-8.936281
-6.195644
-7.536496
-7.052769
-5.205790
-14.483275
-11.815178
-6.921148
-11.305927
-7.690724
-8.238082
-11.656384
-6.561518
-8.098707
-11.344867
-10.815586
-13.027924
-8.598773
-12.895544
-7.180917
-9.496747
-12.257473
-11.249875
-4.220811
-4.379187
-7.928225
-9.375195
-10.307961
-4.621580
-2.261066
-6.242568
-3.634524
-0.457684
-5.236384
-2.677257
-3.750233
-2.088706
-4.257489
-2.809184
2.157837
-3.922501
-1.229708
0.047714
-3.676493
1.323990
3.027273
-4.070324
3.817311
