2.896293
-2.082320
-2.672111
6.029062
-2.257970
4.829290
-1.867303
1.423381
0.102658
2.345582
5.525023
4.729416
0.629488
6.110834
4.762204
8.258362
4.799837
4.318757
2.566282
8.494207
2.708084
9.143747
10.191510
4.420692
10.488652
9.251152
3.225095
8.629370
9.407907
10.263222
8.218309
8.444624
13.541228
4.524457
11.766819
6.598064
11.481505
12.304600
13.587302
10.727064
11.477823
12.243443
13.749638
10.616172
14.595045
8.368175
6.175470
6.606159
10.698281
13.148679
9.671463
9.387185
11.819476
11.035689
9.210097
9.251219
6.104591
10.570019
13.217717
11.821187
14.233319
9.270091
14.012301
9.252805
13.669477
13.502009
6.816388
7.857752
7.383772
7.699207
10.175169
3.995211
11.780372
10.316621
4.200128
5.172165
10.892656
10.714901
6.838929
5.877921
1.343616
0.404687
6.023345
4.973395
3.840464
2.621524
6.478647
-1.100965
-1.460842
3.620468
0.929423
-1.874290
6.334951
-0.697805
-0.179338
-0.727336
3.641297
4.727042
3.840431
-3.159885
-3.397670
-3.285578
-0.073095
-6.135541
-3.790313
-3.457135
-2.168866
-3.645107
-1.483065
-0.181050
-6.537220
-3.091807
-3.065732
-5.242158
-5.579270
-8.948444
-8.971954
-9.195381
-6.826404
-10.259004
-1.162830
-4.365707
-1.960490
-8.080945
-4.255372
-8.837443
-10.453134
-6.846204
-7.158210
-7.275210
-6.359171
-3.911928
-7.429192
-8.048683
-5.220997
-12.927115
-4.869802
-5.551613
-11.588062
-11.253095
-13.534309
-6.082851
-11.283590
-14.663172
-6.314430
-9.548545
-12.320488
-11.914965
-11.413688
-12.395077
-12.004187
-14.958095
-10.254952
-12.849164
-8.453214
-5.145759
-6.847589
-8.227634
-9.377136
-10.612531
-5.219496
-12.588176
-7.587173
-10.441969
-13.781247
-9.799954
-5.105989
-6.115048
-7.240760
-8.293365
-4.402433
-6.323080
-2.504136
-11.402459
-5.315892
-2.512005
-4.328136
-2.819937
-3.782647
-2.564857
-7.281138
-4.760566
-6.241817
-0.597174
-3.126032
-8.473797
-7.486556
-6.441573
-8.225915
-1.590438
-6.856826
-2.595865
-0.413291
-0.116539
-2.601120
-1.649824
2.205209
-0.000050
3.432064
-2.248618
