4.867838
4.674058
1.899666
3.252841
-2.862846
3.314077
-2.080681
1.286468
1.488682
6.919534
2.223696
6.249788
4.633994
-0.170724
1.253682
7.403123
1.735423
6.864860
9.776751
7.270236
8.247676
7.942509
10.926342
11.042157
3.334772
3.027415
7.307483
11.198500
3.157304
8.296446
13.250738
8.406150
10.062598
5.933715
13.063261
7.295490
10.143902
6.797673
10.162753
13.537433
5.230696
8.177315
6.081329
7.820959
8.634854
14.132288
5.588902
14.205172
6.295671
12.838074
8.749354
11.243602
12.466507
12.675418
9.955217
8.027580
4.852114
5.322545
12.602694
8.775586
6.019332
12.705036
4.759815
12.786760
8.542309
7.352467
6.717244
6.321254
4.737196
12.740357
8.952525
11.002159
4.970922
11.759446
10.480536
9.722027
4.387930
4.390737
4.634495
2.684429
5.352639
9.920215
6.733432
2.839831
6.045471
4.772512
-1.015858
4.138481
-0.318022
-1.348958
6.647897
5.660799
1.622279
5.027043
4.372486
5.212203
1.927142
-0.696328
1.668235
-2.741583
-0.610970
-5.621517
-5.639150
-1.100018
-1.351380
-6.696405
-1.136780
-7.255632
0.380054
-4.858364
-6.558322
-2.269250
0.943795
-6.958205
-0.808885
-4.341276
-6.345491
-10.269661
-8.068721
-4.573985
-2.378526
-4.993438
-8.850605
-4.272928
-3.238183
-9.558709
-12.378847
-10.918921
-7.693573
-10.226247
-4.164985
-11.752393
-9.266224
-13.699668
-11.966935
-11.234149
-12.319837
-6.362280
-7.952735
-11.588782
-7.454203
-12.478149
-6.992265
-4.999302
-6.850548
-9.236721
-6.552919
-11.950519
-6.011830
-14.910201
-14.117557
-6.442418
-6.182254
-6.623307
-13.653279
-13.704662
-10.362177
-9.826851
-13.588457
-6.094485
-8.430247
-9.903567
-5.957590
-10.084130
-13.429889
-6.193295
-11.777157
-5.148101
-12.813490
-10.352321
-12.789911
-12.035203
-9.018776
-2.611211
-8.380319
-4.937557
-2.572258
-7.378990
-5.878160
-4.866217
-5.407731
-5.531765
-4.007330
-6.382386
-7.524144
-0.420323
-3.710640
-2.172990
-3.368054
-6.781993
-1.692312
-7.056309
-0.679709
-4.706246
-5.887791
0.084237
-4.780288
-0.621442
3.099420
-4.244795
