-4.680076
-2.947455
-2.534175
0.495826
4.048771
4.670987
-1.452219
-2.227498
5.954926
6.986231
3.557651
7.385184
-0.294010
8.313522
3.515777
9.787525
5.963538
1.471676
2.744882
3.220545
8.827221
6.468974
5.747977
8.530519
10.773912
9.683574
10.079832
9.412875
6.467974
4.040519
8.213008
8.987842
8.283211
4.538755
5.865132
12.355417
11.619851
7.443848
9.420069
4.979528
12.979771
7.116745
8.555626
10.739761
11.297317
13.125552
13.701624
13.468321
8.182387
9.372716
9.058980
14.045077
9.046425
10.726221
12.201670
14.653335
13.080947
13.931211
8.536020
5.571136
9.788308
6.756914
9.450606
13.759402
5.248827
3.951910
9.693271
4.318667
4.912306
9.365661
5.561244
8.758178
12.169112
4.735785
4.054649
7.639976
7.045489
10.014738
7.763662
3.404133
2.616303
4.854860
0.094698
8.676974
5.715172
7.464181
0.397304
3.929699
5.623113
6.282585
2.834077
4.858032
-2.357032
-2.449112
2.280042
1.615082
-0.046004
1.641481
3.585815
1.951381
2.777473
4.093627
-4.072023
-1.367054
-4.153484
1.572484
-6.771539
-4.028106
-2.677645
-4.699170
-3.006602
-5.984138
-2.624603
-6.814031
-5.148995
-8.384412
-2.186282
-2.460642
-10.491020
-8.624902
-7.799696
-9.682431
-2.998765
-6.558962
-7.768533
-11.225782
-3.040289
-9.189174
-11.258190
-3.134658
-13.040567
-13.214222
-6.070125
-8.290195
-5.099477
-4.202259
-11.952990
-7.216804
-11.840664
-6.811918
-8.526456
-8.653355
-7.261621
-7.748422
-6.987163
-12.283329
-12.866811
-13.051362
-11.509363
-12.473993
-7.202799
-8.323097
-12.624061
-9.448591
-14.079790
-6.509847
-9.609567
-7.059305
-12.538528
-12.597485
-11.747888
-12.344919
-7.698269
-9.618207
-13.464330
-4.853541
-6.675232
-7.273272
-8.230045
-12.803598
-3.625311
-5.833810
-10.840088
-6.283401
-10.033883
-2.681173
-8.793396
-3.506844
-3.884746
-6.614144
-6.864112
-7.243638
-9.490062
-6.973960
-9.531423
-2.860132
-4.381741
-3.193021
-6.927881
-1.208193
-0.345142
0.217222
-6.374510
-6.028687
0.944469
-2.798696
-3.124298
4.299155
-0.503858
1.491790
