-0.356520
-1.090422
-0.570805
-3.093069
5.783121
-1.286918
-0.462315
-1.719597
5.957788
5.296568
-0.574898
3.021685
7.774218
3.461002
0.504063
4.262865
0.118704
10.325369
5.691673
6.656307
7.754709
2.262758
9.944972
9.218676
2.206179
10.724537
4.676192
3.781398
12.358369
8.839594
6.861719
12.134964
9.224979
3.900943
7.761319
12.655012
12.780714
7.457589
10.424323
6.518437
4.664392
4.763218
11.600522
8.292393
11.376607
9.471063
13.781867
6.954117
10.211462
11.946648
10.293967
6.461549
11.803851
7.065402
10.991351
5.964347
12.603790
7.214414
5.640127
6.531944
11.518751
13.688825
13.309077
13.019732
9.478794
4.443216
7.856179
12.553708
12.335742
9.231166
9.880110
10.907367
4.494558
5.691303
10.868099
2.651491
5.658425
5.189893
1.216910
8.339546
6.177897
2.536849
2.487714
3.803619
5.778974
0.741579
8.402560
1.298696
6.545810
1.724183
1.746841
6.758455
-1.456369
4.910758
1.538595
-0.194016
-1.944097
0.997797
5.175381
0.424159
-0.006306
-5.257394
-1.561147
-0.954637
0.432743
0.159808
1.796688
1.980667
-3.638495
-3.779120
-2.582703
-5.098224
-1.009736
-6.648700
-7.849839
-0.373465
-7.263966
-3.977455
-5.690562
-3.659804
-10.097891
-10.119551
-3.188873
-8.966744
-5.371461
-6.774164
-9.028881
-7.217970
-7.357788
-4.508788
-3.680205
-5.300175
-7.504069
-8.884128
-12.765920
-7.123583
-12.981627
-11.447104
-10.678003
-9.934969
-7.627104
-5.041029
-5.788194
-6.316122
-4.909233
-11.917015
-11.322177
-9.184077
-9.907665
-7.957356
-10.686682
-5.699036
-7.038232
-12.784674
-9.747307
-5.904433
-5.144957
-7.049188
-11.586276
-11.079911
-8.166968
-4.518228
-8.434850
-11.268266
-7.080253
-6.853901
-8.965043
-6.459196
-7.773871
-6.866387
-12.210362
-10.493039
-8.702460
-9.042166
-10.640793
-4.862556
-9.507626
-9.425732
-5.254580
-2.038448
-4.948363
-5.219389
-9.714877
-4.587101
-0.513240
-1.575962
-7.853088
-0.475319
-6.134652
-1.038872
-1.378201
-0.019942
2.321124
-3.841015
-0.063117
1.706396
-4.222979
-2.400029
-4.997584
4.992990
