3.804990
-0.026735
-2.485549
-1.235799
2.478152
4.849599
4.791842
7.181525
6.811222
-0.381270
4.996189
8.213326
-0.284508
0.983649
0.451002
9.236394
3.003393
7.855017
4.623186
9.540000
8.499973
6.601714
7.375574
8.212290
11.025612
7.036300
10.224015
9.407693
9.931487
9.898043
7.612849
8.456687
3.789111
5.799840
13.242035
4.112792
9.928300
14.292323
12.093898
4.796034
5.089258
7.430085
10.415876
9.203073
12.374009
7.253073
6.546731
14.919776
5.588057
5.583153
5.247679
12.554963
8.180399
5.171082
12.531916
14.546508
14.744532
9.361074
11.877319
11.196288
10.626789
12.758834
11.212668
6.457876
4.101719
4.182963
4.265400
12.313376
7.968550
11.798634
6.560705
7.392084
6.614846
10.333901
6.343249
2.373976
10.945552
1.658673
7.399240
3.448112
3.283200
0.459397
9.266789
0.529999
5.208671
-0.535761
3.747327
-0.199728
8.117318
7.523532
-0.232349
-2.426560
2.833105
1.720313
4.124055
3.300469
4.281157
-2.315871
-3.495106
2.924185
-4.809887
1.672262
2.465295
-5.126565
3.294173
3.093724
-3.486835
0.702760
-5.208676
-6.364129
-0.890492
-6.443423
-6.441118
-6.279985
-9.494096
-8.603916
-5.260764
-1.243293
-3.062941
-7.248360
-10.963544
-6.092321
-11.423270
-11.450773
-10.864710
-2.787733
-4.395536
-12.280501
-10.049779
-6.821981
-5.278602
-11.515870
-6.435145
-3.983002
-13.810305
-7.848355
-7.795224
-4.601345
-8.013629
-7.039150
-7.633335
-5.516476
-7.680963
-5.302545
-9.969614
-7.898035
-11.909174
-8.168765
-5.251553
-14.923392
-10.950786
-7.302440
-8.882312
-6.193201
-6.944284
-12.970752
-8.404409
-12.453857
-7.448133
-12.224942
-14.296715
-12.060167
-9.395190
-7.304578
-4.396787
-9.172638
-7.512797
-3.483980
-10.817405
-6.828921
-4.667748
-7.952764
-8.291903
-9.268499
-9.716450
-6.386626
-3.548939
-2.295096
-5.552902
-8.618727
-6.126550
-1.883418
-7.291770
-5.659340
-2.137053
-8.685764
-8.622322
-8.151406
-8.370068
-0.225141
-3.506263
-5.083763
1.351372
-6.277271
1.872133
0.227530
-3.442396
0.928336
-2.915873
-4.079219
