-3.874519
-2.903032
4.544025
1.163469
-2.354410
-2.671169
-0.892973
-0.144822
-1.586335
0.518714
1.628611
7.379885
7.299915
0.102483
4.892616
6.930610
3.563514
9.117933
9.100192
7.766263
3.930823
10.917755
6.449219
2.901339
4.742873
9.608515
5.439881
6.300093
12.092317
8.314312
4.360562
4.190071
5.078272
12.228889
12.700476
13.026724
13.605280
9.557651
5.616951
13.468224
8.922468
5.234730
8.324164
9.802652
8.996123
10.488001
11.620677
5.662113
11.250625
5.027237
5.038183
14.529978
12.762081
12.319282
11.545413
8.844280
13.494310
5.231469
6.870134
4.569281
12.326966
13.226959
12.595003
8.972434
10.323712
9.269677
11.178052
7.577809
8.990336
5.367178
8.933649
7.071753
9.369846
10.575353
4.877721
11.189948
2.417213
5.633655
10.222918
10.602928
3.683246
5.685764
5.140342
7.142790
7.705983
8.098790
7.679999
1.038139
-0.982649
3.667450
6.271026
0.123201
3.850558
2.001186
4.273511
-3.423538
2.531411
1.982591
4.548783
3.251451
3.278521
-3.784818
3.337145
2.017001
-5.603683
0.477921
2.331506
-2.731085
-7.190218
-3.067958
0.985343
-5.225810
-5.493906
-5.409014
-6.664250
-6.755436
-1.398535
-8.343780
-9.314001
-4.858283
-9.232344
-5.907408
-9.302705
-3.387544
-9.421850
-6.273790
-5.688437
-6.294703
-6.759085
-6.448244
-5.174255
-9.015322
-4.790625
-4.282742
-7.910227
-8.956718
-9.523033
-11.544559
-13.378162
-11.042537
-10.800359
-7.234078
-6.253491
-9.747177
-12.313561
-12.694085
-8.260142
-11.742528
-10.983628
-10.857401
-10.776162
-5.175010
-8.589525
-12.672416
-12.900163
-9.828060
-6.897464
-12.510374
-8.033881
-6.306529
-10.591736
-7.295382
-6.277135
-7.224432
-12.084200
-12.509427
-5.809310
-10.579096
-10.832001
-7.113174
-9.091014
-10.764276
-3.321044
-7.549933
-4.856134
-2.496563
-4.487100
-7.622393
-7.851853
-2.569866
-8.626761
-2.726712
-3.706363
-3.401911
-1.410114
-8.435324
-0.195767
-7.960953
-0.748916
-5.829241
-1.041499
-2.699907
-6.936415
-6.723035
3.030552
0.047485
2.218401
-4.685618
3.607010
3.617529
