1.763114
5.440736
1.497280
2.498529
1.977561
2.076564
1.437203
3.425215
-0.001995
4.108053
2.879504
7.269718
0.541902
0.490690
1.059838
4.725793
6.288635
4.135187
7.049146
7.816110
8.391498
8.915380
5.774159
3.988106
3.478621
8.171334
3.356690
11.175252
12.398600
10.284018
7.976434
12.125260
7.037710
11.941723
4.752381
9.264599
5.701970
13.162224
7.892877
7.928080
5.306156
7.076279
6.135931
9.848665
14.618353
6.254261
14.355768
8.017824
11.336951
12.431264
5.655876
8.353551
13.102506
11.540006
7.915403
6.949644
8.344414
10.836655
6.441133
9.942601
12.453784
6.391800
10.114980
8.597877
12.774983
12.713318
12.725839
8.188553
4.838643
5.834206
11.510616
11.066416
5.708712
11.100103
6.384540
2.484878
9.103742
9.526647
6.387166
6.805410
3.270446
5.399123
5.219463
3.343211
4.202517
2.090390
7.310991
0.010620
-0.527604
0.754329
-0.547917
-0.761324
2.381048
6.557159
0.104268
2.265742
4.143227
-0.399465
-3.614229
-4.800805
-1.641787
-2.570390
1.612149
-3.681090
-1.847999
2.693207
-0.619805
-0.481231
-5.944201
-6.866647
-7.262222
-0.878044
-5.225285
-8.455063
0.236091
-8.559042
-7.588474
-9.808357
-8.319306
-2.956390
-5.243562
-6.076137
-6.591064
-10.420970
-3.090351
-12.003316
-8.292480
-12.009964
-11.652763
-6.804931
-4.373044
-12.173257
-10.663837
-8.588272
-4.717682
-8.742110
-13.395694
-7.280753
-4.915607
-12.402363
-6.238089
-13.674546
-13.696111
-12.093834
-7.954625
-9.916429
-8.989941
-10.021112
-12.144981
-5.401315
-5.033470
-8.927857
-6.411769
-11.494662
-11.545426
-5.685004
-11.099753
-8.086150
-9.612365
-11.010224
-10.140199
-6.767427
-4.212993
-12.040569
-8.873601
-12.890652
-10.117534
-7.015310
-7.442809
-9.999096
-3.303819
-6.774214
-10.246710
-6.810641
-5.810212
-2.343243
-6.241823
-6.238005
-8.833326
-8.204686
-5.187770
-3.321096
-3.821169
-5.040512
-7.995194
-0.532669
-2.584821
-6.459463
-7.738133
-1.769935
-2.532691
2.373630
-1.136399
2.615145
-0.868414
-0.927262
0.559498
-3.035190
-1.144651
4.249069
