1.171236
4.816866
2.667889
-2.289717
-2.074365
-0.760805
1.171344
7.097049
2.623380
2.786875
3.219212
-1.015608
2.527226
7.895836
4.679819
0.950106
0.378259
10.133348
4.879243
8.897720
5.717951
8.573268
11.217975
9.299653
6.057830
3.632740
9.767689
3.790952
12.133983
4.676261
9.809867
10.952962
8.415141
11.574072
8.530820
4.114674
9.204771
11.944122
13.076379
5.800151
4.668043
10.707030
8.366649
4.861561
5.036092
12.315370
9.554515
10.464752
8.356626
8.583717
14.838143
14.536795
13.539487
11.904582
6.970271
11.512308
10.020320
5.770844
12.215831
8.113229
9.023314
13.238438
6.939629
11.416879
8.634682
6.461442
4.035920
5.526584
10.402839
12.677917
4.328778
3.969669
6.083641
5.593075
3.530565
10.864595
2.802835
3.248290
8.301888
4.346210
8.012933
9.132141
7.931454
9.132967
7.071236
8.743204
0.704614
7.515273
4.952999
4.274718
0.898600
3.581325
-0.773513
4.673562
0.783732
3.660452
-0.077825
2.301481
0.987811
4.477161
-0.630463
2.452682
-3.346088
-5.625265
-1.201747
-5.442310
-2.642794
-4.396500
-5.833560
1.028003
-2.429751
-4.229503
-7.997212
-5.035702
0.167109
-2.309344
-8.189966
-1.980407
-5.504400
-5.447856
-3.981890
-10.306562
-10.963992
-7.571105
-10.429717
-7.986617
-6.117482
-11.978901
-10.724106
-8.293268
-7.076375
-3.634507
-6.808328
-10.130751
-9.267781
-12.901711
-4.214764
-6.522584
-12.648401
-6.374298
-8.992002
-11.404505
-13.543551
-10.173801
-8.034993
-7.541840
-9.008259
-5.647055
-10.745608
-13.002072
-9.089677
-8.083107
-12.224479
-13.026683
-6.621086
-12.923729
-7.616061
-7.863121
-7.001821
-10.304579
-8.478902
-13.699366
-11.047682
-5.173517
-4.507620
-8.300921
-3.988464
-6.890812
-7.225184
-11.798476
-4.832389
-11.484213
-11.311636
-4.513223
-10.027624
-9.110528
-6.013348
-1.808473
-7.173506
-0.891754
-3.468864
-9.789087
-8.309131
-3.112540
-2.517392
-6.012684
-0.713903
-2.054648
-2.910781
-1.190604
-2.907479
-2.759248
0.691657
0.861792
2.056558
-2.407702
1.260628
-4.180788
4.043220
2.478558
