-0.937412
-3.502028
-3.594711
1.976856
1.934334
6.175267
0.639517
-1.349692
7.557454
1.263292
3.740213
4.683712
7.064535
3.346757
-0.359970
2.658226
0.501055
3.658165
3.986666
9.193805
8.496982
7.829389
10.323620
3.985787
8.293409
3.314533
2.880812
9.287872
7.912114
4.838439
11.695948
5.098617
6.680478
5.229164
13.846994
4.979458
7.652864
7.079309
9.153259
11.407323
9.256840
8.595975
13.368824
10.801246
6.053989
6.178279
7.241646
7.355430
11.927545
14.318827
7.268520
12.462492
10.718112
13.521172
11.275475
14.626823
6.533903
8.500576
13.299264
12.957877
6.845185
7.223785
6.865855
10.581128
9.455101
12.711668
13.196061
10.878625
5.705809
11.645564
10.778996
7.289436
8.735801
11.934072
7.561712
1.888409
3.760235
6.051228
4.929499
9.067590
2.744666
5.068356
9.422659
6.068333
2.447813
4.526649
0.918374
1.631594
1.167676
3.639602
6.151578
5.129196
-1.292728
-1.677918
0.046899
4.955193
3.956305
5.372923
-2.618739
0.739002
-2.406478
1.302775
0.039425
-6.145854
2.456225
-1.786577
-3.095747
-4.514255
-5.056604
-0.665112
-7.409246
-7.020442
-7.002632
-1.578078
-1.091351
-4.643936
-5.326399
-1.352525
-4.254472
-2.314813
-3.746076
-3.891440
-5.730711
-5.391638
-9.067412
-8.223677
-8.849306
-5.742398
-10.112386
-5.812144
-4.688589
-5.223655
-4.787674
-4.533153
-8.784901
-9.656159
-11.128735
-8.529704
-14.340260
-14.288850
-10.804214
-7.203016
-10.682692
-13.478550
-7.459697
-13.454773
-13.646056
-6.492777
-10.444863
-6.293379
-6.375480
-14.253104
-5.046210
-12.119651
-14.180054
-8.278409
-8.045703
-14.330555
-6.415527
-6.544269
-9.996659
-9.458477
-4.597297
-13.149432
-6.240953
-7.008948
-5.865747
-5.230196
-7.817687
-9.753784
-9.234947
-12.245337
-8.088931
-11.363701
-3.854689
-4.403611
-10.426715
-7.818376
-10.290687
-1.419688
-6.876723
-5.559177
-5.479095
-4.540075
-2.937662
-2.894028
-8.560133
-2.809068
-3.207373
-3.906862
-1.555112
1.334730
0.152886
-0.734122
-0.873343
-0.064466
3.518748
0.195865
0.758033
-0.644218
