-1.808622
-4.121984
1.359377
3.930486
-3.430653
2.017089
5.714630
4.028008
1.205018
6.029854
2.649829
1.051299
1.835492
6.040512
2.427819
7.428553
9.778867
0.549828
6.102038
9.335656
7.629226
6.709342
6.455812
2.141318
3.539908
12.175857
9.404249
8.692515
5.233154
3.398632
10.607577
9.509385
7.021515
10.732371
5.795006
8.868386
10.462240
7.467114
11.529349
13.099036
8.198773
8.167775
14.688546
14.622252
9.229160
13.652442
6.910902
5.397089
14.816420
6.715240
6.108195
8.742176
9.839309
14.722170
10.996841
5.125037
11.425274
13.692488
6.186694
11.270274
4.633845
9.312162
6.517713
7.804187
5.252046
5.223376
10.954604
13.355646
11.300845
12.346450
5.763360
2.729328
8.327784
11.337384
4.439255
1.989645
7.799415
5.210686
1.955322
8.040945
8.371956
0.981489
9.389469
5.851224
1.685292
-0.472562
6.247978
-0.325521
5.075092
0.805731
0.218772
2.662606
2.539727
-1.396849
2.083413
0.267680
-0.066149
0.377994
-4.127684
-1.108986
-1.339842
-1.735953
-3.059304
-1.062600
-3.005800
3.066486
-3.550038
0.642375
-0.488217
-6.691733
-5.835330
1.118844
-0.355635
-3.730674
-5.389154
-6.604150
-6.456388
-3.601577
-8.186623
-8.913758
-1.790296
-6.486758
-8.011643
-8.083116
-2.081366
-10.876336
-3.007571
-10.614757
-3.250064
-3.589516
-9.866104
-13.270262
-8.796247
-5.948100
-13.858869
-5.214356
-14.126237
-12.035642
-6.728176
-4.808645
-12.684617
-10.417248
-10.511653
-14.100312
-14.046065
-11.723336
-12.230164
-12.246401
-13.642390
-6.888731
-5.271758
-5.895289
-6.242450
-13.547210
-5.132957
-8.067353
-7.865625
-10.984227
-11.962206
-9.784096
-7.639829
-13.186463
-9.863226
-10.052571
-4.615060
-6.789665
-9.471514
-13.415582
-12.054790
-12.129617
-9.550334
-10.194915
-5.247602
-10.054357
-11.692173
-9.332904
-2.842982
-10.276106
-10.028222
-2.120960
-2.053327
-7.555407
-9.133262
-0.051852
-1.405431
-2.897542
-0.439689
-1.643637
-0.595164
1.742892
0.212065
-5.979790
-4.812427
-2.649049
-0.263801
-5.301881
-1.781764
-0.864443
1.219317
1.234257
