4.697058
-2.842632
5.263627
0.416712
5.845140
4.244995
-1.843701
-1.890691
1.176456
7.403834
3.284564
7.517968
2.031757
1.276152
7.141715
3.803315
2.023409
4.909839
9.097355
10.661806
5.177864
5.193561
2.578139
11.377442
4.697601
10.804757
10.497377
2.838685
8.948763
7.284104
8.951612
5.760234
9.968551
11.402905
5.761421
8.309778
12.353057
13.815209
12.511389
13.534285
13.382470
6.917346
6.206094
6.534776
13.102707
11.843546
13.437698
10.902515
14.263720
9.184619
11.737245
10.930610
6.708701
13.955081
12.173423
5.940901
9.451335
5.217840
9.914677
13.844025
11.417133
10.266615
8.692427
4.344274
12.933216
7.995872
12.641519
4.317580
8.587491
3.462206
8.130095
10.801238
11.150223
11.171149
11.439069
4.006501
10.964771
1.406245
8.867090
1.747304
5.825999
1.658398
7.537428
6.528542
2.120515
6.919193
5.054540
4.005637
0.192496
-0.480094
0.335003
1.269048
-1.471299
-2.961884
5.678232
1.728374
-0.651504
-2.073707
0.030059
-1.735748
3.138013
-0.457881
-4.109997
-3.860837
-5.757335
-1.119328
1.039226
-2.983490
0.665498
-1.854032
-0.840253
-7.155648
-2.649113
-1.367416
-4.944533
-0.899024
-1.222747
-5.711913
-9.954669
-3.917136
-5.742310
-1.818073
-6.784978
-6.471219
-9.656135
-4.515778
-11.052688
-11.530273
-8.481100
-4.610257
-9.888626
-9.425176
-13.377279
-7.182219
-11.673492
-5.903503
-5.477511
-5.581519
-7.136872
-11.495634
-13.726225
-11.973852
-13.186335
-8.164845
-7.924301
-7.200601
-11.785006
-11.991762
-6.210926
-6.369791
-9.950577
-14.351295
-11.098704
-5.552870
-7.285224
-13.338600
-13.489039
-9.936168
-11.803137
-12.092566
-5.605816
-13.470062
-7.131278
-8.708978
-7.826573
-10.611309
-8.797217
-8.009866
-12.669795
-12.187313
-10.524847
-7.651999
-5.271744
-5.800051
-6.034718
-11.741682
-10.136445
-10.928591
-1.950275
-3.918534
-5.111300
-3.804256
-4.407144
-0.523016
-1.476597
-9.156177
-7.650937
-4.500974
-5.301577
-1.956098
-1.285363
-0.323816
-0.840217
-6.304427
-6.413372
-0.069812
1.828768
-1.278811
-2.296171
-0.669008
