2.573943
-0.526220
1.337811
2.050314
-2.699006
5.889136
1.057928
1.604574
2.985843
0.912616
1.247412
-0.092273
6.547293
2.559622
8.498174
3.687078
6.049791
0.448469
5.421440
1.853164
3.762123
5.814560
2.871221
5.048348
8.836835
5.715894
7.557061
4.359223
4.290894
6.115439
12.043066
7.845739
8.377317
12.914123
13.893591
10.382878
8.862640
8.679475
8.856012
8.826404
11.088686
13.575706
12.887808
7.943809
6.624943
5.690656
7.875062
12.444115
9.706057
6.858017
10.107881
7.249457
12.767303
9.136939
9.523444
7.708967
6.161829
9.650188
6.784954
13.381020
11.457301
8.737066
11.267408
10.930500
5.049851
13.430579
11.827189
3.666314
12.818056
9.421625
5.903926
10.843431
6.903426
7.565822
10.947701
3.937528
8.774827
2.197820
8.155756
10.249284
7.614547
4.630541
0.252385
7.380498
5.493596
5.564850
5.797746
-1.156858
-1.260171
7.873192
4.662303
0.946661
-0.313031
4.342883
2.387842
0.974134
2.657090
2.910524
-3.968937
-3.141072
0.556821
0.852208
3.805366
-0.686687
-4.749793
-6.811278
1.143591
-6.642903
-0.111709
-7.792185
-4.390475
-4.920630
-7.299035
-3.446736
-5.869511
-4.667283
-5.129843
-8.701579
-3.211933
-3.034674
-10.609133
-10.976585
-3.732818
-10.018076
-9.967682
-3.901466
-12.093411
-10.010512
-12.056522
-10.695397
-9.055159
-8.244661
-6.134732
-12.141010
-4.642240
-11.332219
-13.710535
-13.778848
-12.989955
-6.469392
-14.190782
-6.968606
-5.129249
-9.428970
-9.345029
-10.761106
-6.979438
-12.707567
-8.959018
-8.725347
-14.460306
-6.625764
-13.256087
-10.875496
-5.417076
-12.399711
-8.877784
-9.021066
-14.488075
-9.704175
-6.681245
-5.121290
-9.474192
-4.646934
-10.715516
-5.978563
-12.013114
-6.507223
-9.967295
-8.007422
-3.942822
-10.939486
-11.368099
-9.591795
-4.699422
-7.285970
-6.173614
-9.944664
-3.936145
-5.107783
-10.498599
-5.936803
-5.402157
-7.168070
-4.614746
0.252687
-5.515437
-3.872299
-2.532110
-0.149585
0.863446
0.196814
1.809841
-6.687097
0.034947
0.190930
-2.250776
0.993440
-1.444439
3.909605
