-3.014992
3.413010
3.958297
1.850572
0.403869
5.985003
0.966367
0.918484
5.629418
5.896123
5.567828
-0.379516
2.988916
0.685621
7.633358
8.820852
8.671742
7.866547
1.321466
4.276420
2.250993
2.276289
3.856173
11.696396
10.206317
8.193991
8.240686
9.594598
7.452193
3.407878
5.380906
4.316907
9.057756
4.515696
8.382522
6.208112
5.263245
13.163024
5.903820
5.724770
9.838851
11.756261
5.929091
13.194720
14.175688
9.529144
10.017419
14.248892
7.994342
11.406244
7.388247
12.784600
11.520409
9.128140
13.737155
13.444056
13.677271
5.104395
11.166652
6.849997
7.044569
8.337994
13.820018
8.617666
9.803627
11.954811
11.199247
5.009650
4.370078
9.936812
7.975670
9.565967
4.483760
8.595775
8.154553
2.739959
4.919317
4.484149
8.451544
3.471125
9.040280
4.880063
9.494910
0.946369
8.894620
4.987878
7.326818
-0.561564
-1.582794
-0.919302
-0.171528
-2.420215
-1.956879
5.022107
5.976654
-0.332173
3.305555
2.580789
3.510858
-0.988775
-4.659760
-3.504763
-3.930145
3.111734
-6.452248
0.373523
-1.638457
-6.038110
-0.539972
-1.064039
-2.461367
-1.731820
-8.791664
-5.006085
-2.543080
-3.647703
-3.429925
-6.037335
-8.121364
-8.746515
-4.021149
-3.156036
-1.727770
-11.143334
-9.816217
-8.721162
-11.095469
-10.230673
-3.631231
-11.596703
-8.222005
-9.712067
-5.160350
-5.454636
-12.399003
-11.461420
-10.335495
-5.785678
-10.766954
-10.414851
-9.767922
-13.856105
-9.289909
-5.451998
-6.587203
-7.747667
-14.882924
-5.706466
-9.107659
-5.555921
-11.959196
-10.910700
-6.668336
-5.271856
-7.267221
-9.681731
-8.506613
-7.446685
-10.597992
-11.613528
-10.988572
-7.892770
-4.780194
-6.071177
-13.360945
-13.423198
-13.375916
-11.576978
-13.008145
-7.001511
-11.194633
-5.399869
-2.634236
-2.819600
-9.721800
-5.195838
-11.199806
-4.382972
-8.018187
-10.257969
-4.762695
-4.879870
-5.181059
-6.811650
-3.474210
-4.701135
-8.581464
-6.734272
-3.441569
-6.358798
-2.859080
0.470017
-5.560562
-1.510858
2.088342
1.512742
3.602918
-2.308869
2.946692
2.511995
