2.942643
2.952767
4.129218
4.026366
6.071704
0.823721
1.937385
0.123426
1.414675
3.493438
7.543290
8.506162
2.952389
0.960828
4.294651
9.784214
0.391994
6.687041
6.084273
6.259425
4.142037
7.380317
9.733080
5.200803
5.351570
11.304899
2.895320
10.170570
9.090371
8.707116
12.875605
11.850336
5.669989
13.273279
5.162024
7.530573
10.201177
13.761919
12.992346
14.092009
5.424227
10.513293
9.507764
8.035548
7.214944
13.344632
12.238334
9.538456
14.645280
7.912504
6.359788
9.632664
10.698034
6.200785
8.552014
7.237206
8.060278
13.971879
11.781049
6.191920
6.318399
14.245214
8.446434
12.638409
6.540758
4.952562
8.923506
6.382549
11.058186
5.101193
8.733028
7.261181
5.077657
7.009163
4.357286
2.256677
8.823275
1.587651
2.435203
7.762069
6.368671
3.707902
1.565148
7.171285
3.929001
6.273459
7.748258
0.835274
5.189287
-0.865818
-0.204313
-0.705204
-0.094383
4.946760
-1.239416
-3.126789
-0.848904
0.803297
2.499088
2.553639
3.332941
1.948218
-0.040336
-5.189584
0.421384
-5.636258
-6.935593
-3.141226
-1.655702
1.150814
-2.913210
-5.971829
-8.864630
-3.364932
-1.810502
-0.337439
-9.419639
-8.739890
-6.704111
-4.849983
-10.750164
-10.997647
-11.555065
-3.998521
-7.036487
-9.561008
-5.140227
-7.220280
-9.339776
-7.325113
-10.348475
-13.060058
-12.342983
-6.260377
-9.842593
-8.217462
-13.391432
-8.018447
-12.395054
-7.841129
-9.315743
-4.796729
-10.365223
-12.518052
-5.972769
-13.942295
-7.725463
-13.656003
-13.486118
-13.672315
-10.333400
-12.758000
-8.491890
-12.216550
-7.460305
-9.272691
-7.017090
-10.543422
-9.771226
-9.267707
-8.459780
-4.873041
-6.827712
-4.118016
-10.900298
-5.733751
-6.971543
-6.922046
-5.809514
-7.143154
-3.674152
-12.388634
-8.876359
-8.632593
-10.884501
-5.036700
-4.952410
-9.422396
-6.191896
-7.589260
-1.572285
-5.057059
-4.968983
-7.100380
-1.478205
-3.414154
-2.835002
-0.196367
-0.941787
-2.272743
-4.723421
-5.940142
-2.914192
-0.600833
-5.733177
1.974437
-2.216651
4.052278
3.934451
1.985527
