4.785110
3.701134
5.917265
2.296051
-2.375339
1.067472
5.553637
-1.147176
0.804612
0.496698
0.483252
3.766750
6.736477
7.097447
1.913567
9.702463
6.404943
6.578831
7.599632
1.194617
4.237631
6.393690
4.089563
2.667420
6.580111
2.557914
11.585826
11.763597
6.705849
6.856388
5.577974
7.714748
9.792373
10.768814
4.645049
7.090000
11.620459
10.862401
10.909350
6.419935
13.324318
13.717549
11.467941
14.218344
11.679806
11.711966
5.615992
5.726793
6.062266
9.922529
14.970401
11.868097
6.699487
12.146605
13.792462
13.774957
13.416334
7.334665
7.366873
14.100644
8.035442
9.528416
5.048434
5.060281
7.450609
8.961483
3.848238
13.181031
13.210522
3.523713
12.615855
10.064874
9.496596
4.245379
10.047346
10.290057
1.842948
4.801372
10.478447
6.595995
5.483858
3.420330
1.675205
7.099691
6.316386
7.916432
6.633576
6.234648
0.414213
-0.212579
3.832164
0.510038
4.010237
1.059334
0.548333
-0.171807
0.649174
2.186986
2.387364
2.472364
-3.055073
1.787046
-3.446832
-4.529993
-1.733056
-6.089664
0.547998
-7.218873
-3.895894
-6.869400
-6.112682
-1.823850
-2.378303
-3.598547
-5.926059
-2.880039
-1.293697
-6.227677
-3.316750
-7.461526
-10.465802
-6.889900
-2.725884
-11.576056
-5.816277
-7.757569
-9.595855
-10.774839
-4.317404
-9.044922
-9.626483
-8.277842
-6.733733
-11.734441
-13.078010
-5.212801
-9.152354
-7.745948
-9.228371
-8.334451
-9.663766
-10.016965
-8.411701
-13.190364
-7.679500
-14.231342
-6.290477
-14.704251
-5.055479
-12.804162
-8.358669
-11.085380
-12.954070
-8.908576
-7.583307
-13.013934
-12.411860
-7.843309
-6.614606
-13.954071
-8.716120
-11.813049
-10.866722
-6.682099
-9.298304
-4.688862
-7.269538
-10.186486
-12.801883
-7.735654
-3.922172
-10.886236
-11.782448
-5.902735
-10.159617
-5.904564
-11.108761
-6.912362
-5.043323
-8.903271
-5.554429
-6.917338
-6.024306
-1.765526
-6.972258
-8.110542
-4.037930
-3.758985
-0.162754
-1.550956
1.961047
1.705735
1.402900
2.743431
-1.758484
-2.244835
1.659052
-5.155895
-0.913828
2.364693
