-0.320601
1.994895
-0.346112
-2.509949
2.975456
0.434239
-1.677647
2.929480
2.771503
5.549894
-0.997884
7.634441
2.389029
6.858831
4.931337
4.625258
3.336819
10.114544
1.326833
3.333391
8.017538
4.162217
8.994982
5.506822
2.772775
10.777664
4.852028
8.837871
4.676500
6.698102
12.919029
8.631329
5.022178
9.461284
9.148586
11.739462
9.236230
12.231251
5.378660
4.605568
10.922981
11.877552
10.365681
13.834448
10.608947
6.673045
13.647122
14.582188
12.973507
11.880928
14.248522
13.974821
11.786713
11.497777
5.939247
8.415094
5.801253
14.646284
6.483523
4.858849
4.658253
10.986799
11.813886
10.688047
5.399567
8.481819
11.699041
5.188476
6.253450
11.123302
5.920170
7.826677
11.171636
9.869385
2.884330
10.853336
6.052886
3.649776
7.387002
9.674096
6.277096
8.606882
6.185089
7.844868
2.703648
0.870228
2.051111
7.525541
3.763671
3.386106
7.573474
4.313726
3.285739
4.559461
6.364300
3.740003
2.155029
0.484380
-3.199864
2.301109
-3.610998
2.020758
1.652805
-0.660363
-5.047351
-6.495707
1.122033
-1.283200
0.584477
-0.127773
1.502301
-8.528796
-7.930011
-1.983222
-4.794700
-5.233867
-7.918685
-7.533468
-9.520883
-6.581075
-7.368376
-4.466701
-2.878680
-2.627091
-9.920209
-11.396187
-3.098145
-7.894254
-8.103420
-9.441994
-11.321168
-6.160977
-9.393917
-3.963889
-4.174867
-4.091698
-8.005833
-8.006720
-8.395172
-10.128029
-7.244504
-4.762764
-13.060787
-11.612313
-14.571914
-6.425218
-12.489106
-10.053990
-11.566869
-11.864715
-11.810191
-10.384665
-8.499065
-5.646757
-6.456458
-8.747027
-13.668700
-11.842656
-12.241111
-13.134845
-11.188920
-8.545643
-5.634990
-13.840024
-11.262350
-3.921314
-11.867612
-10.539128
-12.129582
-9.688415
-12.838997
-7.430452
-4.039811
-10.757458
-9.146941
-11.818517
-9.554038
-11.164811
-10.021693
-5.669141
-5.694167
-3.489159
-7.120630
-0.111624
-7.934151
-7.377848
-4.708030
-0.294877
-7.491180
-7.515118
-3.093259
-4.894905
-5.881176
-0.077769
0.869363
-1.149407
2.892916
0.519773
-1.547523
-1.536659
