-3.984994
3.501593
1.307947
4.656790
1.392239
3.719204
5.239070
-2.044976
3.759464
7.117970
2.231807
0.848577
5.810568
1.009765
5.254585
0.821849
9.297133
9.318652
2.572176
9.023362
8.713128
5.939374
2.138510
4.545308
8.839839
6.652108
5.807554
7.279459
4.335368
10.511342
8.493796
10.692774
9.624447
10.795439
13.818294
5.441390
10.010900
11.880066
5.986651
9.742270
12.088563
6.872349
9.888473
8.234390
12.297252
14.489469
9.250201
9.160932
8.844289
5.131309
10.059274
11.371014
12.817160
13.922315
13.954951
13.454752
10.835881
6.188390
10.395549
7.763145
13.254144
10.913171
11.133416
4.228361
5.808631
12.798619
10.039686
12.711067
10.927492
4.697769
5.985123
12.462671
12.159968
8.924632
11.409075
7.525814
9.547644
6.908783
5.331572
4.394837
1.988696
7.060181
9.798074
8.794039
5.327338
8.852411
1.046308
3.050988
6.703991
0.738105
1.218980
0.948894
1.855816
5.608719
-2.106376
0.364123
3.295622
2.244643
-2.045941
-2.567612
3.193276
-4.719219
0.687380
-4.510606
2.581949
-0.832857
-7.006280
-2.052283
-6.738033
-1.185027
-2.641995
-4.391412
-5.213433
-6.573458
-0.311498
-5.874561
-7.953045
-6.032909
-9.950616
-1.692049
-6.513100
-9.673657
-2.133479
-11.498305
-5.380080
-11.744281
-2.608865
-5.340635
-12.638667
-7.757343
-8.878786
-5.923408
-13.389550
-12.176344
-4.736130
-6.295471
-13.963518
-6.506311
-9.183103
-13.672011
-13.406814
-6.227102
-13.172428
-9.398142
-11.343876
-11.153285
-5.643479
-5.213676
-11.368699
-6.325642
-13.863213
-5.298494
-12.499109
-11.633595
-14.267529
-6.252577
-8.954403
-11.579937
-9.273565
-12.224792
-6.358697
-7.207115
-11.864101
-7.106990
-12.432299
-12.875380
-3.615549
-12.972220
-3.311623
-9.658013
-3.302955
-7.937613
-2.960698
-6.093637
-9.478163
-9.391523
-4.894831
-2.443998
-6.968235
-2.043493
-3.059758
-6.496344
-9.952135
-6.194166
-1.239592
-7.210901
-6.680481
-7.805120
-2.347360
-2.845270
-4.897652
0.717991
-0.173965
0.562813
0.645636
-1.146232
-1.082244
-3.309567
-3.631023
-0.991715
