-0.399090
1.735678
4.381960
2.597922
-2.000041
-0.241565
-0.762867
3.933281
6.768801
3.275207
1.478152
8.095971
1.858342
5.363657
6.981223
3.345065
9.508785
7.343153
4.697463
9.626644
3.262986
5.366742
10.188445
5.628426
2.718997
10.176503
9.324285
3.658409
4.032600
11.760889
12.136021
8.933946
7.399661
13.260922
12.745754
4.712457
11.716852
7.900894
6.841864
10.097956
13.208884
6.895132
10.167910
14.501546
11.630631
11.247884
13.489584
13.222311
12.125972
6.683084
7.721890
13.618460
10.051846
14.899627
10.647903
6.942015
8.613382
4.718377
12.578339
7.206343
13.839049
10.120669
8.257485
6.018100
5.791040
10.796422
10.577417
3.887175
4.299069
6.780212
7.820384
8.784288
7.295534
8.439260
6.172401
3.018140
4.000109
1.493550
4.858958
7.817368
1.561475
5.849083
2.060952
6.391177
7.765787
1.862150
0.333019
6.843119
3.235258
6.755283
1.940860
2.152414
-0.391393
-0.168783
2.974500
4.561157
-3.142999
-4.051225
3.479750
4.003205
-5.211528
-2.213036
-2.968907
-0.811580
-0.646984
-1.005887
-5.398377
-1.755025
0.869334
-5.612692
-7.305488
-4.203862
-6.293871
-5.870693
-1.649122
-0.694152
-2.351344
-10.188195
-8.385272
-5.943258
-10.896907
-8.956868
-3.393228
-5.150555
-11.956605
-11.783748
-8.704832
-5.080692
-8.381547
-11.583917
-7.604158
-3.849542
-3.962141
-5.989238
-10.818508
-11.105020
-10.449995
-8.396093
-11.265533
-8.920719
-12.166356
-9.602063
-11.082191
-14.766702
-7.837766
-9.861281
-5.135367
-12.398533
-6.857795
-11.455562
-11.183687
-10.580183
-12.954508
-8.500064
-5.484694
-5.349411
-12.427405
-7.794973
-5.379806
-12.243619
-5.585631
-11.278585
-13.462655
-8.987256
-10.786466
-8.286544
-10.628104
-3.634262
-3.665288
-3.397584
-5.224575
-12.229102
-7.140601
-7.138009
-6.398772
-10.430470
-4.393127
-5.792577
-4.519261
-1.337682
-4.295516
-5.640576
-6.838764
-3.823144
-0.052956
-1.418218
-2.631957
-2.967184
-7.559196
-1.394227
-6.554739
-1.188137
2.358821
1.091231
-5.781299
3.639021
-2.401024
3.658828
-0.244020
3.073507
