4.032842
-1.502381
5.239022
3.908857
-3.139438
-1.446764
1.961834
-2.210397
-0.740698
3.279264
2.010597
-0.770258
0.975134
1.662637
1.849379
5.081968
4.467826
10.042116
3.176455
7.476065
1.141741
10.462678
9.665656
3.286346
3.399153
7.158694
10.147855
11.251066
6.819639
11.285238
10.363405
9.594810
9.299650
11.329197
6.393128
11.982283
5.774106
5.257583
8.650826
9.015024
6.463402
5.845793
9.923553
8.611501
7.323250
8.600710
11.786964
7.750280
9.737823
7.854462
11.211419
9.268033
8.431977
9.338360
14.410972
5.611258
7.077435
8.180588
10.197282
5.267830
10.569393
13.561810
12.735015
8.880450
5.915425
13.390743
9.506417
4.309257
12.621397
10.457090
3.994689
8.378982
8.776710
5.867262
8.360343
7.143370
11.157456
3.098746
2.036565
1.969059
0.926010
8.202325
7.213887
4.708466
3.172125
3.119303
3.081084
3.255060
4.151360
-1.883834
7.234989
-1.104004
-2.646635
1.191420
5.504711
-0.916993
3.355574
2.127759
2.071265
0.383875
-3.352730
-4.914150
-5.210552
-2.282007
-5.916015
-6.484769
-5.615864
-2.936235
-1.855894
0.559634
-3.044804
-0.417490
-3.741210
-0.906895
0.240401
-5.173111
-0.102467
-5.125812
-4.236943
-10.861802
-3.114868
-3.384289
-10.435953
-2.881940
-3.259748
-5.734729
-3.882633
-5.770358
-5.175223
-10.546103
-8.498605
-11.534051
-7.690330
-6.007362
-6.751815
-4.711510
-8.967719
-12.455079
-9.289304
-6.461097
-10.325566
-10.923106
-13.411288
-5.252331
-13.182186
-14.168270
-10.388251
-12.631090
-11.878815
-11.224082
-8.927987
-6.856899
-12.827230
-14.783362
-13.284285
-11.177463
-9.695118
-13.367643
-12.593620
-11.729238
-10.451326
-11.873197
-6.639663
-6.180821
-11.606356
-11.811510
-8.849860
-8.170344
-7.440626
-9.361697
-10.280811
-7.981262
-3.216868
-9.976986
-3.158724
-3.143750
-5.194112
-9.683746
-4.013164
-1.970573
-0.627298
-8.450712
-7.673012
-5.029506
-2.901001
0.435601
-8.111269
-5.971426
-5.206916
-3.692316
-1.803201
-6.738759
-4.090497
1.477907
-5.289327
2.321164
-1.309023
1.508213
3.443692
-0.149556
