1.799373
3.050398
-0.358165
-2.791397
-0.874831
3.966330
2.182066
5.511883
-1.895223
-0.380931
7.229498
7.464367
3.731009
0.382451
8.048501
8.983121
3.601717
7.360822
4.462769
1.472238
8.044732
9.078344
5.281515
10.368503
11.591322
2.866022
8.524853
5.165856
7.233261
4.888388
8.598042
12.685345
6.480061
10.971744
5.207100
4.123542
12.481705
8.781412
8.586046
6.096976
6.713211
12.438428
11.173803
13.354666
6.353810
7.187065
6.773720
12.613655
14.247896
13.092128
12.504767
8.333227
7.591182
7.504181
14.798153
12.926653
11.091398
9.804553
9.186365
14.333001
12.259303
5.513293
8.045873
7.934857
7.283101
13.610287
12.043754
8.507217
12.478179
11.798601
6.268619
10.953246
9.232999
8.139239
11.877128
2.677098
4.262806
9.195328
10.863866
8.991464
10.607380
8.449101
1.520684
2.669541
3.181102
6.083391
-0.693788
6.168148
0.617718
6.853699
1.943595
4.414920
5.671055
4.840854
3.137816
4.874806
2.343518
0.507763
1.338247
-1.344071
-1.399701
-1.620782
0.711143
-1.525929
3.371226
0.698654
0.681724
-0.656357
-1.490043
-5.151662
-4.622378
-7.154131
-0.526708
-0.197337
-2.835807
-9.351848
-0.592514
-9.749373
-7.653092
-9.365248
-4.978157
-3.817338
-4.833706
-9.062232
-4.053063
-11.849657
-3.196386
-3.272301
-3.010046
-3.595974
-9.571371
-3.541529
-6.483427
-6.642317
-10.169864
-5.683633
-4.914030
-5.311943
-6.262094
-11.970190
-7.329908
-13.810167
-10.594237
-8.368167
-11.018270
-11.379588
-11.993019
-10.926397
-12.891575
-13.689157
-10.906627
-12.069504
-5.037315
-7.224517
-9.130355
-5.882833
-8.848953
-10.436467
-9.220963
-8.944921
-9.471515
-7.912835
-4.902758
-10.793492
-13.229740
-8.329677
-5.109072
-12.288598
-9.675346
-11.879656
-12.865743
-10.889026
-6.080423
-8.443895
-7.822217
-10.997564
-6.717621
-2.221980
-5.651163
-4.736371
-10.009316
-4.148409
-0.306075
-8.703764
-1.646429
-0.685539
-4.497293
-3.552207
-2.981977
1.228903
1.740779
-7.073026
-4.865559
-1.297698
1.914738
3.663267
-3.558989
-3.334345
2.380857
-4.398151
