5.145652
4.000114
1.280702
-0.966951
5.871798
6.001815
0.392233
4.280048
0.322695
1.818213
5.899673
5.045125
6.522814
1.417752
6.257132
5.608232
8.640890
3.641692
4.075962
4.908752
2.650580
9.289916
4.567769
5.890004
10.625545
8.203327
3.508248
7.397829
11.663953
7.838127
10.081597
9.156255
3.896490
12.159465
5.107158
7.765859
5.125990
11.070529
13.614849
5.882613
6.642367
10.506584
5.146298
13.501821
6.917824
5.684593
9.004768
11.179926
10.016744
9.591760
8.876796
9.713585
9.364394
9.396089
14.375294
9.235521
9.713383
9.670224
6.830665
11.319367
13.547523
11.614540
12.280296
8.081346
12.948629
11.754194
7.259946
10.570571
7.858257
7.450455
11.973775
6.963359
3.619214
9.988031
9.979776
8.233864
5.136803
9.867645
2.529921
6.352544
10.464094
10.134292
0.256874
2.652172
-0.430603
5.007096
8.598940
6.168984
4.941394
2.601321
-1.746294
-1.744369
4.049120
6.461123
2.758878
-3.220509
-0.226696
-2.508190
1.115100
0.468650
-4.169586
3.641738
-2.301709
-2.648290
1.415993
0.637617
-0.811073
-3.805095
0.626606
-2.773639
-4.306088
-2.973953
-7.172394
-5.812830
-6.378072
-8.494641
-7.408035
-6.957286
-5.184817
-3.951643
-2.464077
-10.367341
-4.787114
-6.484215
-4.327744
-5.543637
-8.677206
-3.344212
-8.207211
-11.700217
-3.994366
-9.852432
-4.286304
-13.385278
-13.216739
-13.107357
-13.896796
-6.115509
-5.814847
-11.871595
-5.212153
-8.940351
-7.589172
-6.900517
-9.899099
-6.320304
-5.651188
-13.595812
-11.385233
-14.475088
-6.500621
-8.754375
-7.102470
-5.777095
-5.621229
-13.575240
-13.425748
-8.621014
-9.846170
-8.048930
-11.858702
-9.130258
-14.061278
-12.314848
-8.445743
-4.295814
-11.716373
-10.879979
-9.909172
-10.997379
-7.675257
-9.277778
-5.756758
-7.306394
-7.259975
-6.283669
-9.622592
-4.683903
-7.623844
-7.761352
-1.661039
-2.931285
-9.157667
-3.646302
-1.026578
-4.376540
-7.385075
-5.359477
-2.794731
-0.701398
1.318606
-2.386086
-5.211576
-0.156942
0.907415
-2.887798
-5.246319
2.297042
-1.001623
1.234610
