3.537655
0.379997
-3.737747
4.338874
0.784936
2.790953
-2.707246
0.725075
-1.208154
1.642956
2.564301
-0.196169
-1.016702
6.613175
3.317607
-0.061798
8.531049
0.926634
2.445007
2.953564
1.908921
5.333892
4.239656
6.646779
5.351502
11.027477
10.175039
8.148234
10.812043
9.090419
13.068369
10.648495
13.553417
7.418728
5.266725
12.192924
8.049422
10.415953
5.416950
8.260703
12.421089
6.502266
14.182377
9.198453
8.769959
5.569149
6.798049
5.424860
12.385747
7.229654
14.055733
5.265778
11.960046
5.283132
11.160974
6.142826
12.390401
14.199301
13.497269
11.552691
10.394617
12.889318
14.038912
13.713781
4.500385
5.795277
7.773099
6.027994
9.434458
7.419030
12.479989
5.785834
6.340466
10.374368
2.477210
3.343386
9.702984
6.229600
10.012010
4.489278
4.368970
4.744454
2.728880
4.174114
2.638623
5.119953
-1.006013
6.829711
-0.826934
4.259440
-0.884404
1.721369
-0.500735
2.601983
5.963682
-1.284976
4.703104
-1.694862
-0.262060
3.800874
-4.483653
3.261715
3.894878
0.613001
-1.785252
0.322503
-2.581763
-4.506016
-1.180222
-5.401624
1.316182
-2.068736
-3.479222
-4.308784
-8.734408
-9.525422
-6.976517
-2.987240
-4.496368
-4.297107
-1.542420
-5.262640
-11.061801
-10.460062
-2.682624
-10.442663
-12.112905
-4.307593
-3.996546
-5.146937
-6.020691
-4.903422
-11.413560
-11.055205
-6.458822
-11.314541
-11.087420
-8.479766
-7.934915
-10.573971
-9.468672
-12.271642
-11.970362
-6.207674
-11.104143
-13.244934
-9.111005
-11.505806
-14.038912
-13.955670
-13.991732
-11.448411
-5.224180
-11.817229
-10.451685
-10.115411
-6.343831
-14.395758
-5.080473
-11.761994
-4.485257
-5.596186
-4.872688
-9.276947
-10.000104
-10.586809
-12.957987
-6.293296
-7.691155
-10.204886
-5.992869
-11.113674
-5.259977
-6.608445
-4.737275
-7.329572
-4.051505
-8.207941
-9.624651
-5.435262
-9.891289
-3.693138
-5.353824
-3.864228
-1.546839
-3.583012
-1.330690
0.906859
-5.244599
-6.622276
-4.819340
-1.899169
-0.348641
-5.542532
-0.027707
-1.233850
1.386122
1.058240
-1.864725
-2.548701
