0.082345
1.942150
4.569876
1.326884
-0.076401
3.489298
7.047602
5.370501
5.095412
5.542454
5.709100
8.061903
2.357028
8.840910
5.564643
5.490658
2.514607
9.812466
5.805023
8.562829
1.742987
5.016574
3.592197
8.336171
8.119723
12.185422
6.869581
8.798184
11.788930
3.596721
7.252458
5.538125
6.944402
7.277154
9.953291
9.637498
12.104579
10.886038
6.364729
4.971112
10.003530
8.782484
10.079487
13.346806
12.232508
6.839580
6.275505
12.097050
8.585086
9.143427
12.253180
14.946882
6.515003
8.361211
7.783098
13.271490
14.322982
12.460563
12.955758
11.160367
11.579080
11.018943
7.066612
5.570951
10.220485
11.678255
5.724961
11.643679
6.452744
8.859590
12.548068
9.103437
5.423854
9.121219
8.068638
4.803182
3.595857
2.762836
8.705184
7.904788
2.301605
6.841639
4.391565
7.647021
3.693200
4.813489
1.251945
0.557492
-1.277327
-1.134362
2.887591
0.105420
3.809166
4.636590
-2.291941
1.839203
1.836718
3.708357
-1.634676
1.441781
-2.170747
2.496439
-3.709023
-1.384903
-6.042756
-5.957214
-1.501500
-2.591459
-2.464291
-5.450986
0.582544
-8.314259
-2.581834
-1.156530
-6.230522
-2.530067
-6.664740
-5.200065
-6.294660
-5.227576
-5.704103
-4.216201
-3.696323
-8.927098
-7.877689
-4.552787
-11.356171
-8.265079
-3.530948
-10.441897
-9.133630
-5.410856
-10.914624
-4.959265
-11.284808
-10.265167
-14.173813
-7.316115
-5.139260
-7.761796
-14.429018
-14.014598
-9.294616
-14.734609
-8.402121
-13.403507
-6.972844
-8.305961
-9.193543
-14.005883
-14.667135
-11.907033
-4.997615
-9.779654
-14.201486
-10.049862
-9.352109
-6.472282
-13.670483
-14.229016
-9.383477
-9.571824
-4.744361
-11.577212
-7.876826
-10.981513
-5.336295
-10.514899
-10.986515
-12.285124
-3.288477
-8.938879
-9.763571
-5.692247
-9.137187
-3.879010
-9.125111
-4.660345
-5.794990
-8.053744
-3.141765
-5.221757
-3.704795
-4.934655
-1.087415
-7.213198
-3.361577
-6.049737
-4.687172
0.173171
-3.255206
-1.705676
0.128767
-4.387373
1.423456
-5.432198
-5.082401
-0.998398
-0.659540
0.174582
