3.808603
1.416596
-3.727087
-3.457028
1.078246
6.338216
6.467495
6.785491
6.002812
2.499109
4.720092
7.382434
0.617458
4.265037
6.495159
4.628107
2.004191
8.103282
5.689140
7.119612
8.817637
8.788305
3.448610
3.392953
6.445104
2.925396
9.647870
6.520274
5.665173
6.573453
9.723871
10.509226
4.163086
8.856714
12.414032
7.109570
13.351746
5.080788
11.998305
9.439370
14.427312
11.108362
13.796608
13.097080
5.320854
9.848905
8.239043
5.669774
7.604723
14.832849
6.173725
14.609556
5.703315
5.515980
8.541714
5.707426
9.604856
11.975370
10.596241
13.919997
8.463976
6.210129
13.148552
10.841891
10.159656
13.030135
13.411193
6.077512
5.722421
9.961070
12.182195
6.948653
10.236388
10.058626
2.938785
4.351820
7.277995
3.526761
8.123251
3.984300
10.614169
6.677500
9.351446
4.062269
7.176678
4.486023
0.959853
0.124684
4.106558
1.477735
2.201590
1.475922
-1.872171
6.101680
-0.288571
6.209607
5.864918
-1.354072
-3.986564
-0.278215
-3.653099
0.681035
-4.408413
-5.194255
1.476102
-2.825824
-0.153162
0.125564
-1.055228
-1.131574
-3.310258
-4.191146
-0.614140
-7.260055
-8.105745
-7.644633
-8.872456
-0.572630
-2.460891
-10.775546
-1.625196
-9.474865
-4.141021
-6.588160
-10.449046
-10.044897
-6.658083
-6.538416
-2.992385
-7.085221
-7.667565
-7.834667
-9.130704
-10.607301
-6.668280
-6.828796
-13.058457
-6.495839
-12.783976
-12.274696
-8.131762
-10.337827
-8.756703
-13.705332
-12.830726
-12.764790
-13.323869
-10.261878
-6.287778
-9.487264
-5.803647
-12.089339
-8.435269
-12.400764
-7.136501
-5.181158
-6.722220
-9.494731
-8.849580
-13.507314
-7.837209
-13.191487
-8.117845
-11.293785
-7.231404
-13.234140
-12.755408
-13.382291
-4.810039
-11.452612
-11.147312
-5.907856
-8.593900
-7.582830
-2.372303
-7.930648
-6.949328
-8.073789
-9.937385
-10.630012
-6.765217
-7.844692
-8.997277
-4.807799
-7.235553
-4.967587
-5.617027
-2.186137
-3.685606
-0.988665
-6.724523
-6.532758
-6.532795
2.378499
2.252552
2.418409
-5.757287
3.528472
4.229730
-2.895890
