-3.038502
0.190724
-2.908451
5.801503
4.692133
0.694446
-0.711671
0.765580
6.473295
1.743301
4.441366
3.981459
5.532922
1.213152
8.240213
2.915035
9.378917
10.261747
4.964373
2.559770
8.279950
2.909353
6.706319
3.034477
4.722893
3.990035
2.619343
3.296081
12.006505
9.332774
8.775393
8.388829
6.308637
7.822573
4.687905
6.979684
9.341502
6.969396
12.336695
6.942351
11.678478
8.712765
11.731319
5.692884
9.069572
9.192434
7.448655
9.833760
13.292134
8.238160
6.401067
11.337768
11.178111
7.105675
9.766021
11.623749
6.882212
7.691194
6.687977
12.732277
13.491109
8.439369
5.214455
9.810044
6.366285
4.158228
5.961305
12.199699
6.252291
12.936776
7.540275
6.868461
9.119085
3.193430
6.034415
10.870730
7.469710
8.660127
2.764528
2.920828
4.576402
1.382707
9.287534
1.982465
0.539177
5.168900
0.696354
5.794395
3.671015
-1.796836
0.626669
-2.505053
-2.143802
-1.822204
4.800508
-2.169639
-2.720579
5.209269
1.424585
3.725008
-2.729352
0.861858
-1.440374
-3.516129
-6.354518
2.050020
-5.544380
-4.575998
-0.636660
-6.653912
-0.507418
-2.209980
0.215001
-9.236893
-7.350972
-0.601651
-10.035274
-3.032429
-3.099585
-7.790870
-4.514266
-9.479725
-1.622833
-4.865585
-8.795378
-4.685486
-5.819286
-5.361362
-12.602452
-10.394248
-5.364865
-13.249813
-9.905271
-13.543548
-11.370452
-12.278576
-6.870053
-4.913078
-9.828355
-9.943077
-5.644585
-5.174696
-9.246084
-10.276894
-13.875927
-10.657557
-5.978673
-5.767039
-13.068359
-14.400512
-6.783653
-4.990833
-12.948604
-9.585048
-9.932102
-11.897683
-9.302811
-9.911856
-4.871395
-10.747647
-14.016138
-7.040146
-11.776108
-6.942632
-6.747020
-13.239213
-11.234998
-11.391216
-7.898417
-13.022218
-8.122161
-7.577150
-9.128316
-10.634141
-9.538387
-6.659351
-3.182102
-3.926677
-3.057419
-0.954529
-7.607141
-2.275958
-2.583436
-6.954759
-2.101941
-2.793477
0.224164
-0.942503
-1.086527
-2.324885
-3.911840
-2.220270
-1.459839
-3.533413
-5.031690
2.807643
-5.078384
-2.076573
2.215219
-4.214881
