0.999685
1.182918
-0.233722
-0.192185
4.427448
-1.622408
-2.080655
3.566035
6.220504
6.312142
3.990345
6.767132
8.917212
-0.634633
6.661837
1.418707
5.040654
8.657323
2.277312
8.755254
7.858019
4.216358
9.561140
4.426148
10.502907
8.916157
6.285801
11.692702
3.035361
7.830648
5.578776
5.022638
7.302333
4.156873
8.176851
6.403428
11.815888
9.548739
10.322168
10.073079
14.602083
6.446402
9.638744
9.599496
6.097991
14.896869
5.301711
8.039786
12.862803
9.947982
14.573117
10.871978
5.769181
13.017750
14.243232
8.879725
11.161235
12.893034
14.285956
12.045243
8.280245
13.949388
8.512220
7.075656
9.258514
10.878479
6.864555
11.255942
11.143913
10.265151
8.920587
5.467567
3.425347
3.854661
8.272073
6.760218
6.688915
6.319857
4.061417
10.018919
6.157421
7.164368
1.874012
1.846236
4.947606
6.138833
3.582644
1.859903
4.079254
2.372725
2.453919
4.038557
0.051873
6.535715
2.226617
4.325694
0.259381
4.655005
-3.100294
-3.809815
2.179099
-2.527433
-0.504878
2.639003
1.966019
-6.029119
-4.279834
1.210100
-0.378341
-4.071972
-4.803946
-3.456561
-0.915933
-4.214020
-1.040538
-9.051606
-5.223910
-1.531159
-5.035494
-4.260126
-10.081379
-9.870803
-3.144084
-10.007664
-3.070971
-6.555882
-7.004676
-8.099295
-11.076649
-12.068059
-3.928344
-5.255585
-5.004046
-11.842693
-7.909313
-13.915350
-5.377657
-11.410828
-12.301611
-4.633416
-11.010912
-12.991780
-13.173613
-13.277278
-6.363651
-9.111225
-6.249983
-9.189809
-13.864270
-12.602871
-14.110263
-9.066302
-10.671209
-6.585817
-9.601525
-8.366471
-13.455625
-6.159976
-9.938154
-6.692368
-10.994123
-4.866455
-13.179063
-11.681221
-10.118076
-12.457374
-6.042358
-4.121683
-9.870176
-6.087686
-6.222824
-5.881136
-10.601069
-6.088636
-4.304809
-4.228874
-8.545608
-8.086142
-7.927174
-4.991666
-5.851831
-8.854957
-8.029615
-2.565530
-3.830487
-0.703908
-7.338562
-6.520301
-1.720476
-6.944126
-4.040859
-0.654885
-6.949154
-3.612482
-1.676115
-2.035117
-1.767376
3.864475
-5.041018
2.319108
