-0.133768
-0.788797
4.099926
2.575686
3.106892
-2.895925
-1.633565
0.397038
3.733596
1.254200
3.145039
0.668752
2.695731
5.379638
9.301054
7.174289
7.266139
4.112596
9.578569
10.303893
9.660931
2.172276
5.572756
3.438737
2.120223
4.622697
9.916202
10.327466
6.918782
12.370862
3.430630
9.837592
12.045463
6.629642
4.013548
10.938503
13.476333
8.512899
12.439775
5.319580
10.466973
11.688440
12.709614
6.700192
7.917779
11.344174
12.019327
13.245105
6.500110
5.554405
13.063589
5.379482
11.162285
14.691243
8.811816
8.328896
10.659500
7.321335
11.305757
7.071270
9.932549
4.907670
11.682940
9.538978
12.553389
6.758642
10.042879
8.554279
8.095234
12.201734
8.258709
5.324446
5.307483
7.326133
7.228724
10.850949
9.492828
4.236239
8.535830
7.502357
7.997679
9.391041
3.810302
5.774593
5.309020
3.161597
-0.970668
6.276631
7.163665
2.126779
2.347925
3.029738
6.793558
0.313016
-0.504422
5.678263
-1.435365
4.829658
-0.833672
4.328036
0.191903
0.499501
-3.635631
-5.069392
-5.008366
-4.508191
-3.974425
-0.037994
-4.657663
-1.405081
-4.072239
-5.757322
-1.971542
-8.268843
-1.899446
-2.440751
-8.821150
-7.150320
-3.880016
-9.671945
-8.723116
-4.801077
-2.741557
-6.781421
-4.311841
-3.481537
-6.404519
-7.706900
-4.005920
-10.169767
-8.165905
-12.294808
-9.217685
-9.936045
-12.628161
-11.130056
-8.581528
-10.809854
-11.090231
-11.990277
-6.105520
-12.202658
-13.352683
-9.923080
-7.437335
-11.612275
-5.585328
-14.460959
-9.192508
-11.990454
-11.352349
-9.575781
-7.063112
-9.804083
-14.294306
-9.822120
-9.309605
-9.745008
-8.173145
-11.640372
-13.919103
-5.607911
-8.482143
-9.113996
-5.461368
-12.814236
-7.141718
-9.626294
-12.012712
-12.595544
-11.922709
-3.155489
-6.813441
-5.512759
-10.952745
-8.942038
-3.030769
-8.733157
-6.169025
-9.528371
-1.135048
-8.109009
-8.198462
-6.229740
-8.404304
0.372373
-7.551062
-5.319194
-1.797645
-5.536557
-5.090924
-2.530453
0.092460
-0.681960
0.193202
1.540178
3.264557
1.701226
-2.167120
0.367009
