2.631115
2.879428
-1.854465
1.473298
0.703743
-1.013238
6.732014
-1.419950
6.735714
-0.930079
8.283857
4.422826
1.500691
3.387367
1.680701
9.495821
7.988430
3.086264
5.399317
8.555452
11.054400
6.283082
9.241498
2.772188
8.299114
5.912650
10.423625
6.971433
9.634202
10.707194
8.925999
5.837093
7.609455
4.083020
12.620646
10.886246
4.363774
11.371180
12.392088
14.427965
11.273707
10.471555
7.307952
8.409761
12.943400
10.718571
8.264210
13.761510
12.826609
14.515380
14.773985
10.298232
12.134935
9.815796
9.617106
6.553132
6.391206
6.149748
5.897269
13.103499
9.598058
4.497666
8.916385
13.831749
6.936010
12.274809
5.248691
6.066541
6.817358
9.420532
4.085875
12.479459
5.463835
10.529588
10.588109
3.529601
1.634866
2.675549
10.019461
1.278914
7.207456
3.057263
2.298558
4.095509
2.741448
0.803332
3.799560
0.986663
0.463849
0.452369
6.540263
6.854240
3.225056
0.462247
3.127806
3.800879
1.336099
-3.854706
2.752301
1.294671
-2.123849
-3.249097
-3.687126
-3.376910
0.921688
-1.051616
-6.704730
-4.397987
1.470551
-4.384042
-3.695016
0.338273
-8.955427
0.447227
-7.577830
-4.396046
-5.157044
-6.607990
-7.660723
-3.986001
-4.321562
-11.236586
-6.460553
-4.569409
-8.318822
-6.936092
-7.431822
-6.723940
-7.892868
-5.429004
-3.920545
-6.290844
-4.744132
-5.645882
-8.582895
-13.713585
-5.760605
-12.916547
-13.219849
-11.154776
-12.051124
-7.740893
-8.018683
-7.932784
-7.244028
-12.215488
-13.004797
-9.822227
-8.636504
-10.073155
-8.977907
-11.532776
-8.967151
-10.764610
-6.253541
-6.474876
-12.224701
-8.965740
-7.259308
-10.435870
-5.596172
-11.786711
-10.912310
-10.275352
-5.462749
-13.070353
-9.230123
-7.092541
-4.047505
-13.045912
-6.468082
-7.759305
-10.876599
-6.530268
-3.432526
-8.305503
-4.626428
-5.053463
-4.396728
-3.378188
-9.648409
-7.760374
-0.309704
-6.709919
-6.455969
-1.861106
-6.873944
0.816476
-1.857771
-4.070225
-3.759607
-6.174431
-1.190341
-5.012464
-6.202848
3.343096
-4.225391
-4.422066
-1.996921
-3.797773
