3.818251
-1.251308
-0.177454
4.048118
0.058298
-1.900477
-2.176290
-0.975825
1.891754
0.997488
0.479461
4.536955
7.841995
7.455647
-0.023892
7.051502
1.462023
0.399393
1.357580
9.570176
10.040760
3.762317
5.936248
3.958314
8.950416
7.590957
2.961971
6.298234
7.723890
3.792043
9.230293
5.226966
10.292229
7.170021
11.621349
11.614411
11.656386
5.262321
7.361369
4.935334
8.648015
9.975133
10.178062
7.002370
9.799923
11.969146
12.244406
11.770213
11.664277
12.882797
12.453486
14.803580
8.644417
5.103405
9.342334
6.065257
11.982475
8.093428
14.262681
6.074590
4.804294
8.722534
5.987154
13.626838
11.059456
11.018895
4.502476
9.383083
11.163283
8.606930
10.364550
3.059837
12.172824
6.704168
4.364419
9.010869
9.685348
4.847384
7.082341
5.845952
7.610099
7.876709
9.727349
8.060768
4.243506
1.053716
2.915534
6.226266
6.890205
2.551435
5.474656
2.739325
3.605711
-1.016449
0.162184
-2.758613
3.379797
-0.366514
-2.495899
1.131542
-4.685953
1.085905
-5.803226
-0.292698
-4.176203
-6.818304
0.028024
2.266582
-0.253398
-3.190969
-7.466100
-7.739472
-1.538201
-0.743053
-4.857525
-1.500174
-0.165808
-0.931278
-1.816532
-7.401674
-6.671601
-5.486360
-7.004837
-8.199303
-11.544858
-11.905363
-7.084024
-10.664653
-9.883093
-12.863823
-5.195545
-9.661675
-9.074788
-10.213568
-4.737635
-12.990711
-6.348080
-12.757602
-9.095998
-11.243150
-5.987672
-9.814091
-13.280114
-9.374938
-14.855710
-13.298081
-11.045639
-10.324351
-8.490067
-11.759783
-12.447781
-12.264059
-10.138906
-10.352338
-11.977235
-9.950209
-12.011820
-13.337234
-6.218294
-11.974336
-12.621636
-5.210096
-6.749968
-9.574185
-11.044121
-11.669553
-6.931768
-8.226623
-4.337661
-5.856740
-9.811497
-9.890210
-3.363317
-7.028373
-3.723703
-9.697999
-4.263578
-10.473142
-6.345716
-5.301247
-7.415800
-7.874995
-1.342372
-8.644486
-8.047080
-8.911320
-0.738433
-4.783342
-7.240697
0.924350
-7.315294
0.470383
2.353511
-4.067321
-2.942633
0.759428
-4.829998
0.493213
-4.243079
0.767321
