-2.619544
2.540980
-0.238251
-2.505269
0.118555
1.285245
6.190049
3.557915
2.450549
2.740874
6.604704
0.171248
4.409130
0.468164
8.840943
9.221672
2.703778
4.461927
4.517780
0.960844
2.906924
8.314345
9.230255
2.573941
6.582318
7.559618
5.851785
11.698572
7.123095
10.888492
4.952765
4.495186
11.662233
3.779233
8.116456
5.708272
9.388864
12.689253
8.636930
5.334056
12.092525
8.317773
11.386248
12.704495
14.632329
13.558811
7.871864
7.101560
12.900377
8.978996
5.578110
8.277316
9.829759
5.344507
12.225862
9.613947
6.711274
11.311340
9.462487
8.313483
4.866860
12.455420
8.291812
13.588885
5.022790
11.365561
8.019002
5.958171
6.974712
7.912968
3.598474
9.384515
12.392884
11.301817
9.807228
2.593675
2.626057
4.766885
9.538751
7.977804
9.010467
8.763834
5.972332
-0.173502
3.744322
1.879601
2.598671
3.065269
-1.441450
7.894376
-1.037119
0.840624
5.968617
-1.875224
0.984206
-2.328779
-2.500878
1.711389
3.994857
3.771460
3.624211
0.196117
3.970160
2.273740
-2.868402
2.399193
-0.252291
-1.463512
-5.083187
1.035599
-6.697327
0.730482
-4.588470
0.123222
-9.482662
-4.020083
-1.045356
-8.308762
-10.024933
-3.307238
-9.914425
-9.925945
-8.150938
-6.188057
-6.811184
-3.176052
-9.960402
-5.688872
-4.183360
-11.903208
-8.044306
-12.659726
-12.873085
-11.474370
-10.669158
-8.862488
-5.912469
-5.591543
-12.960267
-10.305982
-9.572924
-10.279909
-6.710701
-12.588901
-8.426617
-8.930116
-13.489175
-5.180795
-6.240929
-11.606493
-11.740353
-6.050271
-9.155570
-9.054458
-13.825318
-6.412421
-10.249038
-13.779585
-10.802967
-13.757121
-7.546086
-10.215883
-11.766407
-13.837680
-12.575215
-11.801527
-7.624397
-12.613439
-5.562934
-4.673244
-3.982149
-7.162796
-3.190859
-11.321744
-3.221394
-9.262752
-7.465736
-7.298641
-4.564123
-6.302828
-1.571037
-4.909502
-7.348535
-8.086669
-4.127875
-3.327129
0.152572
-6.368727
-2.283849
-2.741580
-4.834879
-5.059478
-5.052402
0.594469
2.622192
-1.791119
-3.626629
2.698612
-5.148582
3.386779
