2.698300
-3.414776
-0.305771
4.142338
-2.110161
-1.035175
6.659434
6.641602
-1.376189
-1.886244
0.915216
2.365747
6.214109
1.398806
5.197286
7.012507
0.485383
7.843637
6.313616
5.447477
9.735968
11.285961
3.315490
8.900709
5.952463
2.410253
7.813252
3.571857
12.456652
5.258384
12.423831
11.666735
11.083862
6.584586
6.436133
10.674712
13.324696
6.246853
10.296445
13.684949
12.859811
13.243212
6.673197
14.765438
10.170306
14.088603
7.005793
12.166224
13.565068
6.460249
8.184297
9.567366
13.541946
5.604809
5.042889
6.722561
8.844682
9.812587
13.832634
5.388279
6.988143
12.268110
6.322022
7.235038
10.027164
9.097653
3.875068
9.502613
7.328401
5.775825
4.870137
3.134098
5.819089
2.393492
6.944261
7.648878
3.832375
8.261042
2.333868
8.818692
6.114259
2.797431
7.647456
7.657577
7.043166
1.616792
0.436625
-0.080943
4.787233
0.013542
2.069497
2.901427
-1.425058
-2.226111
5.472950
-1.380295
5.058999
3.944234
-1.116686
4.869048
-2.780486
-4.005203
0.435089
-0.295104
0.511012
-4.406026
-6.792248
-2.242741
-5.986541
1.395778
-2.959128
-3.821714
-2.219030
-1.538992
-9.378004
-1.241214
-4.746709
-2.241747
-1.829347
-7.371544
-1.307569
-4.194116
-3.711627
-11.637885
-4.579634
-5.114963
-9.595778
-6.152327
-6.485901
-12.918145
-6.613009
-7.269884
-4.768789
-6.250474
-7.036488
-9.564075
-7.141294
-12.082399
-8.936474
-9.795107
-4.965547
-5.861744
-12.731972
-5.786674
-9.332717
-11.270466
-9.097250
-5.762775
-5.326375
-13.811290
-8.366937
-8.794093
-11.313361
-6.338890
-6.876836
-14.505629
-6.490694
-12.922326
-5.943607
-10.798458
-9.129785
-11.382015
-6.038688
-13.990176
-8.648424
-12.092411
-13.373483
-13.358432
-8.030643
-12.311758
-7.609807
-6.799791
-5.625091
-11.951614
-3.352242
-3.121572
-9.910353
-3.618302
-3.094293
-7.652489
-8.960568
-5.942387
-4.632943
-7.212572
-2.302244
-8.559365
-6.375690
-1.872645
-5.092704
-5.955147
-3.445096
1.816984
-4.387920
-4.138613
-1.944073
1.455004
-3.275190
-2.860314
1.691568
3.005408
