3.781724
-0.746428
4.932181
-3.421912
-1.545781
-1.324077
6.616768
-1.159234
6.056677
-0.582798
2.685979
2.622077
5.445049
2.532610
9.064330
4.528517
5.869714
5.063058
9.803724
6.023002
1.306088
8.101571
8.992642
8.147385
6.380488
6.999908
7.587870
8.089453
4.763148
10.492564
9.719803
11.502137
4.096497
10.865532
5.655687
9.241184
8.542463
10.081955
5.700382
7.985156
5.336829
13.103567
14.397654
6.130127
5.665910
7.909561
14.670396
5.378085
12.940120
10.429400
5.922168
14.391636
10.003859
7.435671
14.677446
8.150580
5.113114
10.268848
6.735327
4.947184
13.598486
7.902689
11.959055
12.194502
12.386853
3.875548
8.766900
8.722476
6.636151
4.993648
10.610361
10.469229
11.361386
8.432224
2.262478
11.573500
2.894322
4.390840
7.043438
8.585440
7.180152
0.470711
0.582538
5.587391
9.161863
0.566334
4.612769
1.585269
7.598433
1.918690
2.935261
6.149487
1.475221
-1.362467
3.222608
0.140415
5.813507
1.734821
-1.829491
-4.133268
-1.418853
-1.621221
1.132496
1.732947
0.787346
-5.077537
-6.663671
-3.318215
-2.508560
-2.461804
-3.508526
-7.383469
-5.674601
-1.737919
-5.680489
-9.613197
-7.179671
-9.238496
-6.427098
-4.682046
-3.212753
-2.924080
-3.657502
-10.389500
-10.211023
-6.478752
-9.272797
-8.626378
-11.790306
-7.665438
-4.442171
-6.877683
-8.272145
-11.383424
-8.652594
-10.359096
-6.291003
-6.706397
-6.359891
-12.943354
-10.768990
-7.192774
-9.407987
-6.403344
-11.694995
-6.647481
-9.590618
-14.900391
-10.733029
-6.765956
-10.620929
-13.563535
-6.522802
-8.766666
-6.037416
-12.176162
-12.075070
-5.479062
-8.393546
-8.858281
-13.842519
-6.746989
-6.071003
-5.628686
-10.263489
-13.245569
-10.229974
-4.019700
-4.759239
-8.093975
-6.422070
-4.568894
-10.586939
-5.646467
-7.889591
-8.526353
-10.653439
-8.563331
-5.529269
-10.849944
-3.745711
-1.748558
-9.569357
-1.467216
-1.460254
-0.982691
-8.843531
1.140811
-4.207698
-4.160935
-3.223664
-5.434222
-5.105837
1.255450
-0.019950
-0.363007
-1.065742
2.098244
4.009313
3.985404
