-1.941856
-3.041726
-1.571714
-2.423901
4.234541
2.272649
-2.184481
5.183728
4.527813
5.456205
4.566444
1.386086
0.131276
6.023679
0.076039
5.915572
2.400887
1.516835
5.294596
10.734300
3.706627
5.245224
3.769996
6.156795
10.005084
10.138730
12.073503
5.298322
3.475358
10.033590
3.931284
10.981555
4.909819
6.495193
13.812130
9.448575
6.698062
13.000477
9.693994
11.648114
7.544332
14.243273
5.178153
8.208619
7.456685
5.288655
7.269561
12.565340
6.164536
5.514264
11.999572
7.130654
7.862874
6.546785
10.722820
13.474460
5.582401
13.734124
8.861771
12.552138
7.538641
7.828308
8.059357
12.094432
11.570018
13.001774
5.844715
12.104680
6.112591
4.509184
3.868183
10.967405
4.311200
8.038756
6.365028
3.637571
9.449511
2.087236
6.736752
5.469942
9.077378
3.044250
4.131449
0.718034
6.529939
8.367590
2.812965
0.788513
2.434829
4.245113
7.359626
1.587808
-2.514777
0.256979
4.712194
-3.634421
1.971006
0.325967
4.512584
4.409177
-4.563062
-3.484674
-2.227283
1.367732
-4.459291
-0.375787
-4.324496
-0.086501
0.427224
-6.091070
-5.922200
-5.069600
-8.343769
-1.798167
-3.165359
-0.573979
-9.065783
-6.378601
-5.373319
-6.238733
-2.385430
-4.316885
-7.137181
-9.788934
-3.530545
-6.167756
-10.991810
-3.158486
-11.808605
-6.642981
-3.637498
-6.766658
-11.407313
-3.902898
-13.598848
-10.627237
-8.626498
-5.310448
-6.200982
-5.226206
-11.398665
-7.774041
-14.688998
-7.903193
-8.793222
-12.132667
-5.470556
-14.686909
-12.713629
-7.429947
-12.504688
-12.133296
-6.325897
-12.532888
-6.488644
-9.989327
-7.418688
-8.553684
-14.017552
-7.576226
-7.967098
-6.129704
-13.091517
-11.941509
-12.266490
-9.756344
-11.751314
-13.146642
-7.872730
-6.545339
-9.879061
-4.383790
-2.882279
-8.356502
-2.453203
-6.117672
-2.533679
-8.539536
-2.252729
-2.141972
-7.766054
-9.594258
-3.404541
-6.667389
0.257058
-7.754476
-3.588098
-0.283560
-6.351342
-3.642352
-0.969383
2.454907
0.242232
1.042138
-4.425245
-4.123959
0.128396
0.419323
3.690035
3.638850
