-4.205854
0.613748
-2.145199
3.753933
-3.315031
0.207678
4.540489
3.891702
0.469793
1.575942
-0.085104
5.387612
6.820316
0.170954
-0.412487
2.339357
3.674830
0.396447
9.647225
3.923077
8.638371
3.936303
10.904359
11.575336
7.641900
10.755972
5.719451
4.900392
7.179216
7.861314
10.720787
7.614878
5.377529
5.050441
4.438868
10.761283
13.423541
13.599522
7.292431
11.777720
4.762347
10.169520
11.151769
6.053148
11.598752
7.433679
5.839920
5.126774
5.341067
12.104693
10.218745
7.757287
9.218915
9.569606
8.591376
8.481059
13.292856
8.163675
13.921927
7.696140
13.032466
7.460877
12.019815
8.645415
8.947374
5.105449
10.887566
4.222323
10.801845
6.232723
5.250810
9.176667
10.985696
11.303443
2.152067
4.679785
4.445144
7.688741
7.979714
2.972901
6.186427
7.348387
5.335172
1.275415
1.558482
4.554379
3.087189
3.037041
-0.852410
-1.116129
3.000842
-0.235884
3.096905
0.511817
-0.923927
-3.164089
-1.028562
-2.081548
-1.185758
-0.916056
1.076237
0.205889
3.415585
-2.459665
2.470395
-5.911049
-5.264977
-3.777634
-0.124658
-4.230177
-5.705986
1.240999
-4.218269
-6.943763
-1.010451
-8.075849
-1.073237
-8.632156
-10.058130
-7.378857
-10.932425
-5.638652
-10.916060
-5.217136
-10.756060
-4.282389
-10.604454
-8.412469
-10.451831
-6.009410
-4.977284
-7.413158
-9.387059
-6.178473
-7.261154
-11.969318
-7.595430
-4.737577
-5.167336
-8.197528
-13.135577
-13.477148
-6.101080
-13.216922
-7.900099
-11.113564
-12.983157
-12.744087
-10.552343
-11.461758
-7.969946
-11.154587
-13.127132
-12.578571
-14.017386
-12.372474
-13.464919
-6.566023
-8.231996
-8.551196
-5.379746
-12.888500
-13.885666
-8.869766
-6.577576
-6.521761
-11.553729
-11.161180
-6.770927
-13.000766
-7.373361
-9.205941
-4.936165
-2.576979
-10.743753
-5.732202
-3.201034
-10.803072
-4.181414
-5.677709
-8.143025
-8.468691
-2.474792
-0.294091
-7.986777
-6.373596
-7.357401
-3.980771
-7.048593
-6.015481
-3.188865
-5.532217
1.209983
-0.198148
-3.960959
2.188522
-3.128932
1.234793
0.213930
0.219008
