-3.444632
-3.993678
2.271725
1.850635
1.373262
-0.395662
2.873475
5.260365
-0.834244
2.702581
5.853415
3.236837
2.824173
7.175779
8.855787
0.187594
2.476682
1.152447
8.305335
9.914984
8.568357
5.942069
6.073342
11.230392
6.021695
7.708469
3.320133
6.397694
6.001583
4.455462
11.358702
5.192881
5.234040
12.166775
4.348530
10.955811
4.428010
6.143972
13.365027
11.052172
4.628036
7.828792
6.273766
7.847820
7.777902
10.161855
10.436704
7.498028
7.636931
8.769408
10.910258
12.732650
7.429237
7.732293
11.799212
10.887469
13.016358
14.086902
10.395504
8.556912
10.637662
10.496322
6.487913
9.317382
7.909917
13.434453
12.054885
11.066902
6.602341
10.348814
7.331410
12.157912
6.408991
3.293436
8.773628
7.689338
4.630103
6.198118
7.156490
7.513153
7.087012
2.528056
4.071749
4.169823
6.219792
1.880630
2.426491
8.574199
-0.200662
4.627647
3.856303
2.882328
4.373565
1.831604
4.733804
1.980767
-0.892283
-1.737156
-3.554716
0.742049
-0.105742
-0.068022
2.325762
1.265107
-0.920863
-4.821117
-0.081002
-3.004540
1.410934
-3.127962
-2.035052
-7.332024
-6.603462
-3.281337
-7.076425
-6.917961
-3.224647
-4.967501
-10.240793
-4.643730
-6.426721
-8.577858
-10.412235
-8.409457
-7.703035
-5.687971
-6.954909
-6.933978
-5.790506
-7.416065
-10.883602
-8.346482
-8.797758
-5.284414
-12.286452
-13.274453
-8.485719
-11.856192
-12.132245
-5.959264
-12.718933
-8.361373
-12.517572
-14.753529
-10.257067
-12.515691
-11.218886
-5.287636
-6.154955
-5.577032
-12.103546
-9.205205
-8.563023
-11.851119
-7.000167
-14.200794
-11.990766
-11.728510
-6.823035
-8.476571
-5.011990
-13.221034
-7.620649
-12.286893
-5.043949
-11.018284
-5.933893
-11.380498
-9.709794
-4.179505
-8.631108
-9.756026
-8.977221
-11.130902
-6.863365
-4.488828
-3.042815
-6.704335
-1.191671
-8.972678
-7.918721
-9.467395
-5.483112
-7.622478
-0.771167
-8.730150
-4.943288
-2.528956
-4.944064
-3.928392
-0.322752
-1.312140
-6.123613
2.896180
-2.979759
-1.798067
-1.175413
2.326948
-1.785328
3.427943
