4.227752
-3.999132
0.708196
-3.002509
2.103185
3.491197
4.508459
6.386618
2.397357
7.462188
1.934245
2.386979
0.464534
5.809803
7.800351
8.352613
0.502322
7.021210
5.821390
1.855051
5.024934
4.271175
11.170184
9.890011
3.767463
8.636965
6.637520
6.982325
5.855865
9.853365
9.161309
11.528945
11.464918
9.186350
6.746243
11.011714
4.326079
8.496598
9.328209
4.752671
9.483419
6.657182
14.560292
12.981782
5.877554
12.667503
13.836489
9.677167
12.185469
5.096123
7.136547
7.223893
7.140545
12.528346
12.841220
10.087863
6.472622
12.288424
11.273063
10.389040
13.032644
13.823501
6.104748
12.742516
8.197599
8.937251
4.270096
9.602425
4.115550
12.336777
9.068299
11.005085
5.477711
2.491810
6.836524
5.946538
3.922319
9.289177
5.598730
6.971708
1.146859
6.021828
9.305591
3.579194
8.134756
7.704331
5.546306
6.355510
7.330145
3.720155
0.190082
1.422246
4.403550
-1.583947
3.905256
-0.111324
1.759004
-2.642006
1.387340
1.714938
2.622534
-0.309154
-2.705507
-3.412834
-3.515889
2.602524
-1.312879
1.389434
-3.911614
-3.967180
-7.306003
-1.276858
0.386690
-6.303738
-8.193397
-5.146033
-7.343017
-3.201975
-7.733552
-9.168053
-9.664263
-4.319237
-7.578648
-6.552750
-7.654590
-11.155899
-7.869047
-11.137568
-5.225607
-4.724105
-13.024506
-8.667282
-9.235911
-8.447050
-11.213422
-13.658251
-8.659480
-6.574372
-6.953503
-8.253943
-12.113715
-5.469320
-6.745049
-11.823067
-9.205800
-14.091050
-6.141912
-8.063604
-9.633764
-7.547778
-11.439021
-14.339226
-12.390206
-11.422225
-11.746332
-5.495390
-5.669280
-6.532211
-8.387056
-7.190090
-5.169115
-11.685000
-7.829260
-6.206401
-13.599921
-13.227923
-5.611449
-9.121741
-8.915329
-5.258911
-7.077999
-7.765928
-8.715350
-4.723720
-7.376806
-8.461195
-3.158130
-10.748549
-6.449916
-9.557966
-4.724529
-7.129367
-5.013513
-0.883567
-8.835245
-2.754836
-5.896199
-1.099771
-2.142886
-1.289704
0.874435
-2.593539
1.931756
-0.039536
-4.554176
-0.764251
3.709300
3.303557
1.216306
3.515716
