4.705477
5.498591
2.086048
-2.466892
3.228275
-1.638663
0.375564
4.422267
4.196460
2.104098
4.126588
2.542979
2.396380
1.909288
8.034079
8.783473
0.105019
6.068156
6.241997
2.490612
3.241644
4.083204
9.357977
9.903014
10.057482
10.186323
12.473182
6.314119
5.000768
5.313181
5.901237
12.317679
6.158953
8.461413
4.953723
9.549077
10.103126
7.263497
11.002747
9.748569
10.592573
12.474148
13.989461
6.473507
9.923438
6.642512
9.438482
8.392228
14.284487
6.085931
9.658059
5.540598
14.886202
6.630542
9.606613
9.122736
14.723395
5.576493
14.265729
11.680356
8.522372
9.530323
8.424148
4.550436
6.023825
6.499666
10.480239
3.730486
4.634408
5.850320
6.100308
3.499214
2.909037
4.310391
7.751179
10.775523
3.904806
10.659066
6.354522
3.447946
5.246568
7.827718
6.730367
4.162463
2.493305
9.152289
4.063579
2.425825
2.328307
4.497751
-2.059857
2.031378
3.117591
3.327267
0.900888
4.566656
-3.666449
2.952485
2.249878
3.389601
-1.532334
-1.905053
3.020849
-0.851688
-2.990357
-2.617069
-0.016083
-4.335914
-6.719401
-3.176313
-4.728629
-3.878698
-2.913987
-6.482940
-2.697797
-8.151302
-1.063595
-3.329238
-6.105495
-5.784875
-5.063816
-1.786162
-1.959441
-3.292023
-10.828927
-10.430778
-11.205519
-10.473628
-7.453373
-9.820718
-4.783672
-9.156987
-6.099617
-13.239311
-13.614401
-7.558867
-13.679067
-12.856356
-4.727132
-14.402966
-13.468743
-8.007538
-7.169665
-12.977278
-13.670194
-11.127660
-5.441268
-10.640389
-5.152657
-13.167593
-9.410888
-9.571140
-11.987219
-12.260211
-7.137784
-12.658335
-6.561208
-5.892822
-13.321619
-13.543792
-11.099575
-12.804436
-9.564502
-13.891086
-13.376115
-10.216106
-8.999577
-8.545402
-11.975549
-12.349730
-4.500080
-11.681611
-7.739079
-3.876928
-6.015829
-4.065989
-5.279259
-3.946023
-7.890515
-4.969793
-4.713414
-3.332730
-3.009331
-0.808912
-8.440272
-3.706679
-8.917553
-4.271799
-3.578729
-5.772976
-1.408458
-5.343502
-6.089299
-4.448740
-2.161096
2.209081
-1.657406
2.613478
-0.829481
-0.343060
