-2.411347
2.455115
0.965866
2.711172
-2.327115
-0.685602
6.317633
5.195845
1.635421
1.362099
0.847863
7.865765
3.669934
7.457908
1.207845
0.037797
2.119332
1.074467
7.754162
1.981901
3.415406
6.884257
2.562319
9.225630
6.549201
6.088799
8.646377
4.376692
10.048180
9.272124
7.179408
13.390933
13.125278
9.439153
11.899724
9.094692
8.870081
8.593627
9.479635
9.651294
5.223761
8.795609
14.597267
7.104209
13.135539
10.016584
11.674245
5.932893
13.198258
8.417492
11.195342
9.020044
12.125283
6.360743
8.876814
9.438408
10.167137
12.747873
11.072432
8.173328
9.652897
11.163401
10.305041
12.868829
10.298626
7.318816
5.900218
3.802100
7.900915
7.456818
6.563588
8.436962
8.851844
7.568918
9.070984
5.428433
6.800858
3.047979
6.978201
5.101556
4.539092
3.966742
5.123575
3.073833
1.408458
0.079975
8.690326
0.884714
3.712379
1.385532
5.077929
1.070982
0.251580
1.838132
5.830693
0.556195
2.453685
-3.523670
4.189496
-4.829734
-2.021173
-2.455725
-1.279451
1.500703
-6.080195
-2.270369
-2.779499
-1.715386
-0.647219
-5.503066
-1.409712
-1.857522
-4.427474
-4.923115
-3.540222
-3.240379
-3.118503
-8.830289
-7.630041
-1.815914
-7.451647
-4.940482
-7.910572
-4.729740
-2.401064
-6.347615
-7.186039
-10.308831
-6.336171
-10.022128
-4.250337
-12.227780
-9.150168
-12.583789
-10.166210
-4.207210
-13.617576
-13.664395
-11.003692
-6.578638
-14.108497
-14.093194
-7.595064
-13.457639
-7.754582
-7.875854
-5.053170
-14.030222
-12.536926
-13.016609
-12.791932
-8.807029
-7.648700
-13.530503
-14.738185
-12.911634
-6.300786
-12.923554
-8.080568
-9.011512
-13.108387
-7.054369
-13.697078
-5.703700
-6.201577
-12.352911
-13.448844
-4.479202
-9.178021
-7.199893
-9.674987
-5.037338
-6.068526
-2.405882
-9.015124
-5.281866
-6.077467
-4.157614
-3.140656
-8.949251
-6.503767
-8.003086
-7.909194
-9.426242
-5.450350
-1.488497
0.187449
-0.840420
-4.740546
-5.677309
-1.448799
2.258191
-4.818759
1.005097
-1.749449
-1.405256
-1.179866
1.825629
2.938091
4.416127
