1.040885
1.508650
4.547351
-1.702460
3.100698
3.529009
6.054762
3.279063
2.300401
4.573943
3.465431
7.793920
3.159465
2.740175
7.468207
2.061450
1.533854
8.631939
4.300892
3.009838
5.312656
10.290591
3.407924
3.366345
4.215504
2.926126
4.566390
10.297743
11.322244
11.784358
10.489586
5.148580
4.865789
7.607812
10.965765
13.861791
8.177724
9.884198
11.755363
7.209052
9.547295
8.641694
9.792680
12.017892
11.051517
14.176982
10.411440
9.650673
14.470667
5.876289
7.696942
8.416402
6.550700
8.761476
12.629681
9.589630
5.379197
12.143063
13.584147
5.351816
11.219572
13.117546
4.442372
8.782275
10.962000
12.112208
8.106437
5.483227
9.793247
6.749979
8.800088
9.474628
10.231978
6.110742
3.740870
10.031697
8.790931
2.853667
1.766268
3.184460
4.458470
6.161064
9.749253
8.793468
2.502651
8.855076
0.031107
-1.295756
7.654599
3.879429
-0.870594
6.352016
4.770618
-1.652184
-2.945333
3.663185
5.775330
2.217276
3.906726
-1.378599
-1.136559
-5.113485
-1.818304
3.186489
-6.193075
-1.262404
0.499677
-6.316595
-4.258885
-6.358020
-5.784346
-1.975977
-1.573319
-1.052743
-5.584482
-6.356786
-10.062747
-10.108973
-8.415458
-4.992111
-5.932178
-7.391597
-5.722250
-6.904974
-11.384111
-2.582209
-10.456985
-5.030168
-8.197771
-5.722106
-8.574320
-13.067835
-10.149282
-11.028572
-6.594441
-6.049458
-6.788036
-11.510271
-11.309715
-10.854740
-11.537930
-10.827568
-12.494296
-10.818907
-5.359929
-10.601348
-5.442423
-7.738011
-7.216884
-7.011839
-5.159575
-8.976159
-11.418166
-5.878901
-11.278873
-14.796688
-9.288553
-12.321238
-11.882558
-10.405276
-7.383194
-7.230065
-4.796427
-7.790935
-8.736567
-12.688818
-12.553999
-12.776621
-3.842816
-7.986858
-7.369352
-12.448127
-4.872406
-7.193295
-6.261693
-3.230030
-3.416759
-8.045061
-3.938078
-7.438590
-2.163507
-1.920721
-8.428000
-9.202936
-2.097865
-2.430751
-1.392266
-5.334429
-7.966454
-3.090043
0.443286
-3.545520
1.018136
1.196308
-6.176131
-4.452481
-4.700774
-2.491592
2.358055
4.106353
