1.310799
-3.101879
-2.024341
3.956417
5.553020
-3.084298
-0.226041
4.276166
4.583863
2.232672
3.936671
4.914979
8.502460
-0.234664
5.256897
1.943241
4.920520
1.600792
7.776417
10.652690
5.181096
9.052978
3.746928
10.623793
3.205763
11.786044
7.635367
10.977389
8.399328
9.718526
8.490501
3.913310
4.699448
6.154074
12.672895
6.991113
5.888064
7.574762
12.089642
5.944091
14.181091
10.886103
14.409487
12.003612
12.022141
10.714937
13.748663
6.401658
14.915412
12.860273
5.415862
11.622480
5.337127
6.924918
8.822171
8.323676
8.076229
6.906412
6.041866
8.193557
6.660733
12.265036
12.107768
10.603859
4.354807
6.249217
10.975223
10.913642
12.236031
10.950164
7.177354
5.171600
6.861125
7.811286
6.424193
9.455174
4.290951
6.367348
4.934917
5.005850
4.988023
10.094220
7.126799
9.322639
7.306157
9.086425
7.216369
3.548070
2.609307
-0.604171
0.166761
0.511059
3.501719
2.122822
3.171815
-3.735373
3.155089
0.175862
-1.187778
0.664692
-2.322040
-3.618053
-3.237082
2.215555
-4.295329
-2.134065
1.166333
-1.854725
-4.479399
-1.878042
-3.984132
-3.623175
-3.820342
-4.846955
-5.906253
-8.086330
-2.248849
-1.497640
-5.055700
-3.084050
-5.547751
-9.455365
-7.359710
-11.466843
-3.340293
-5.331688
-11.059117
-6.581771
-4.626843
-11.361960
-9.280920
-4.580853
-8.669266
-7.934089
-13.607625
-9.050255
-9.819925
-6.393788
-5.288864
-13.580870
-9.291481
-5.396163
-8.691337
-14.344050
-12.107651
-11.160476
-8.748646
-6.123242
-9.871117
-5.982540
-14.049029
-8.558291
-11.247108
-5.812943
-7.719706
-9.661941
-11.005355
-6.506126
-9.602585
-4.696323
-11.248484
-9.000796
-7.883106
-10.521931
-10.712940
-9.126225
-10.995107
-13.283474
-8.853769
-7.511075
-9.259195
-7.029791
-7.401075
-7.483813
-6.367393
-3.777240
-10.556796
-10.657988
-1.592810
-2.971130
-8.140951
-9.253633
-0.850398
0.080881
-0.747388
-1.312525
-7.220804
-2.641701
-5.209057
-0.958389
-3.631937
-1.827457
-5.816547
-1.532721
0.789704
-2.191365
-4.322484
-4.988974
1.952311
-3.932297
