-0.320316
4.183963
-2.282841
4.963699
0.634685
1.056002
1.173359
6.731222
4.624061
-0.970864
-1.312340
-1.186088
0.892509
3.153109
6.207259
8.849221
2.162920
5.085123
3.802631
3.809234
6.055851
3.894558
6.145058
5.607476
5.627437
9.521841
5.212846
4.786672
6.306358
7.659105
11.594546
7.833509
11.416807
13.088414
11.342672
4.449979
13.814920
14.090689
5.809700
9.012339
9.469509
9.984139
9.498495
5.482020
8.366449
7.970322
11.101741
14.393532
13.414383
9.039445
5.565940
14.668273
11.188397
11.511653
14.070587
13.853218
5.333222
13.645068
10.477247
8.059739
13.138785
10.376664
6.901460
12.866256
4.304777
10.130296
4.312106
7.356640
13.085353
6.302964
5.865937
7.873392
4.084356
11.385240
11.473799
10.411338
5.530089
8.312199
3.411647
5.179322
0.685300
8.988046
7.327563
3.325022
8.603939
6.155488
1.239488
5.896117
-1.445609
-1.411965
1.997622
6.095501
3.154273
6.538110
1.880369
2.726777
-1.973419
2.637537
4.697046
0.310740
3.679432
2.694577
-4.727144
-3.995099
-0.675386
-6.564487
-4.941072
-5.358925
-4.245266
-1.011551
-7.169661
-2.449337
-6.666128
-5.372061
-3.293313
-0.044333
-3.276447
-9.473756
-10.243311
-2.396172
-10.847774
-6.957552
-7.399983
-4.767477
-10.154804
-9.740905
-5.115018
-3.905468
-3.647976
-8.455107
-12.493516
-5.740528
-5.951620
-13.749512
-11.191001
-11.068353
-12.424410
-13.743691
-10.487891
-6.127438
-7.821884
-9.913693
-14.218896
-5.087770
-11.768129
-7.717626
-9.061042
-11.710470
-12.151718
-8.945553
-10.359874
-5.588058
-9.354568
-10.907667
-8.223455
-5.136593
-11.533394
-8.780655
-5.832938
-7.365039
-10.001528
-4.419266
-10.304375
-13.386441
-7.368838
-11.086662
-7.320959
-9.551747
-4.559993
-9.286506
-7.770068
-12.010455
-7.743418
-8.323408
-2.359618
-10.043006
-8.248692
-10.997802
-5.885881
-4.809747
-3.522016
-9.012989
-8.044622
-2.590419
-1.340012
-0.187118
-4.659694
-5.165076
-1.672912
-1.836105
-5.002585
1.334978
-1.717253
-1.510736
-2.604265
1.534064
2.762443
-4.890556
0.886523
2.011380
