-2.165177
-1.960674
2.356676
1.253161
0.214211
1.454313
-1.445223
0.423673
7.392549
1.984939
5.101100
3.590433
8.187178
-0.145843
0.167366
1.840499
0.453086
7.359656
4.738861
4.299839
4.377621
8.554705
8.059640
11.745944
11.851822
7.514918
11.574689
12.275426
6.708497
8.353562
5.355957
10.218154
8.656999
6.498798
13.154928
11.722598
11.799709
12.621920
8.702860
13.091266
4.957978
9.457256
8.370123
6.497699
10.398018
6.117553
6.724396
7.242746
10.237517
9.462153
5.801909
13.033915
14.417796
7.383532
9.735525
12.782030
10.131230
6.702973
10.818650
8.423701
5.942907
12.071197
6.190483
4.358525
5.484198
9.039953
12.676951
10.605735
8.204355
6.865294
11.576846
3.634428
9.533102
8.181192
5.006118
3.732825
7.034398
1.691576
8.425124
2.680596
8.144703
6.673450
6.714142
3.084566
0.904852
4.895908
8.785163
0.648129
7.962316
2.386015
5.766562
4.920609
1.431343
2.812174
0.833264
1.047640
-2.162147
-4.143549
-0.009758
-1.321588
-5.311610
3.738706
-0.070316
-0.939866
-3.045107
1.829596
-6.886483
-3.805570
-4.207607
-7.883729
-4.309019
-2.297917
-5.269028
-1.234012
-7.918219
-7.724563
-8.904063
-8.335706
-9.119309
-7.649571
-4.791579
-8.638506
-4.190088
-7.405683
-5.057338
-11.914644
-2.987925
-4.424129
-6.140501
-10.580934
-9.234114
-6.782000
-4.369473
-8.698905
-4.689559
-12.866160
-10.541925
-9.133674
-11.666151
-6.818920
-13.624938
-9.884629
-10.284147
-10.974792
-13.642661
-8.132943
-6.524846
-14.564361
-10.965317
-9.015351
-13.232620
-12.271057
-6.428222
-5.839839
-10.464948
-5.014417
-9.694807
-10.463038
-7.383477
-6.671017
-14.070385
-7.442088
-8.418064
-9.556402
-7.977159
-13.622112
-11.320504
-12.513375
-4.528839
-3.719268
-11.931681
-6.201786
-11.586690
-4.994199
-10.696721
-4.955937
-9.849256
-7.436756
-6.994037
-6.502930
-4.327780
-6.974798
-2.946423
0.014069
-0.630441
-5.833078
-5.623852
-6.621143
-4.624500
-2.044599
1.133263
-4.414966
2.621371
-3.251247
2.108561
1.810687
2.769693
-0.608140
1.071511
4.644089
