4.950032
-0.717495
5.133295
2.013472
2.974974
-3.106657
1.212997
4.947845
2.903978
5.127593
-0.813962
1.428293
1.668345
8.164914
0.132852
7.032596
5.158224
7.707083
9.598826
1.280779
4.245876
6.577754
1.870374
5.176699
7.133345
7.401951
4.259930
11.477427
12.519977
4.126785
5.745786
9.960743
5.030100
9.436942
4.108730
6.441379
9.052170
11.127019
8.266863
11.993943
11.972121
5.396112
14.406419
8.551566
8.899570
8.752842
14.891867
7.617330
13.158263
5.962950
8.434284
9.530793
7.761640
6.421172
5.313996
10.433245
14.357224
9.552471
8.444105
10.010660
5.419039
6.983799
4.248157
13.661189
7.578706
9.811653
5.686214
7.862689
3.735137
4.996288
2.925178
9.402810
8.745527
12.035006
9.051932
8.742218
7.126398
3.944906
1.627917
7.706904
3.839319
6.636212
9.233146
8.270615
9.498012
7.799403
2.056906
5.508623
4.270866
5.231758
-0.096359
6.251445
3.138017
6.017684
2.186391
-2.015495
-0.417107
2.547344
3.581632
1.419030
2.196074
0.334520
3.866121
-3.545322
1.655368
-0.431735
-3.596114
1.436678
0.251737
-6.038623
-4.276167
0.461154
-3.265098
-2.732973
-6.968146
-8.597584
-5.368772
-4.535949
-5.575115
-9.434590
-2.469288
-9.797630
-9.753560
-5.234165
-5.473300
-6.190982
-10.369899
-8.508307
-12.144521
-13.043453
-7.410023
-8.392520
-8.387600
-12.161761
-6.336371
-13.651261
-7.241414
-6.775647
-5.179448
-5.441121
-5.897228
-11.663474
-10.562126
-8.072247
-11.680245
-9.585358
-14.218048
-9.613591
-8.059335
-12.928612
-14.311906
-7.138361
-7.849932
-12.438258
-10.008038
-6.714184
-10.881666
-12.172905
-9.931510
-11.937699
-11.773363
-7.873585
-12.822606
-4.728386
-6.370648
-11.258513
-7.887949
-8.229224
-9.283540
-8.594221
-8.744953
-8.919541
-11.246305
-10.478677
-10.533513
-11.409063
-10.140952
-6.426480
-10.605967
-5.230933
-6.214653
-6.899851
-7.227454
-2.500742
-9.510125
-3.364662
-6.818382
-2.750069
-7.869259
-6.958341
1.001685
-2.149946
-2.663545
3.095329
0.569316
-4.180750
-3.390702
1.127368
0.394920
0.962216
