4.205638
0.744933
-3.589141
5.123032
0.476439
4.472252
3.876660
-2.065638
1.333480
4.460308
4.625092
6.578946
-0.996033
2.992645
2.583227
1.402303
6.770553
4.777075
5.688189
5.221970
6.992730
8.944836
5.914704
4.239503
2.795082
5.683518
5.691443
7.265661
9.997597
3.838619
5.105803
10.290708
3.792499
9.872674
5.509924
10.299114
8.435057
12.814498
9.105296
14.452465
13.821833
9.053223
8.786409
11.573823
8.060957
14.797695
9.776980
7.740587
14.333258
5.005378
14.446642
14.883083
11.295725
10.365577
5.705371
9.592803
6.096380
11.401733
14.487559
9.466830
7.251058
14.089920
6.026107
7.696589
10.638551
11.168336
10.332256
7.878080
5.672010
5.627408
10.611295
7.749951
11.437888
11.354552
9.113906
2.431983
6.693764
9.334648
3.099539
2.267833
8.261585
3.914744
5.537363
8.017212
1.308736
-0.317382
7.657017
0.903454
2.524530
4.122615
6.137842
5.989613
6.755672
4.364444
-3.047682
1.314186
4.403698
4.629592
-2.248598
-4.521384
-4.120104
-1.560474
-3.600405
-0.730387
-1.193844
2.769202
-0.911326
2.491444
-4.768232
-7.708920
-1.303985
-6.371707
-7.512286
-8.097986
-2.728214
-0.943593
-8.578107
-1.226726
-1.660076
-5.524033
-7.149207
-3.483055
-7.796286
-8.173938
-3.142924
-3.974131
-5.024277
-12.673161
-6.489524
-7.299921
-7.391860
-7.109829
-8.305840
-7.858761
-4.358313
-11.411327
-11.785707
-5.179869
-11.732890
-7.297162
-6.350213
-7.263261
-7.598145
-6.005339
-12.118651
-13.487225
-11.048977
-5.959506
-9.398389
-11.517402
-9.387390
-6.012000
-7.296787
-11.251673
-9.940996
-7.003923
-5.356459
-5.375682
-6.349847
-10.664433
-10.984634
-8.486762
-6.976858
-7.875501
-6.001373
-12.587832
-10.679809
-12.891167
-8.786560
-11.668833
-4.011507
-6.172778
-4.417241
-8.182022
-2.466408
-3.352758
-2.746937
-6.382034
-5.278748
-3.233751
-5.425707
-1.491139
-2.015336
-0.656448
-7.813250
0.100095
-6.053852
-8.586589
-2.358810
-3.808359
1.570200
-3.012831
-1.086263
1.837740
-6.263683
3.563700
-0.006209
-5.479727
-2.677713
4.955087
