-0.227929
-2.006779
-3.716810
1.603445
3.914472
0.711812
2.294967
1.031977
-0.522821
-0.815395
1.185793
4.336954
-0.383089
4.429455
2.173087
4.815891
7.643754
10.257715
8.877994
4.757381
1.380515
9.917342
10.675923
5.156203
7.608724
4.241389
10.011146
3.566297
11.364823
12.733523
6.229932
11.917450
8.723613
11.629724
12.707349
12.290830
13.769977
6.097117
10.346508
4.939224
8.318977
10.127414
9.229848
6.253111
10.869347
10.948528
10.564994
13.413917
10.120144
5.976039
11.435369
12.930951
8.036227
10.295633
8.704821
9.117930
8.707438
11.303085
5.936010
9.874256
8.937524
6.222532
5.006540
12.905481
12.498230
11.835697
6.578748
6.212897
5.344993
13.022692
3.600848
10.494065
8.544618
10.134367
7.501621
4.321814
2.962599
6.312488
10.787804
1.178435
10.132768
7.637862
2.640341
5.841752
0.121663
7.598287
6.991443
0.093607
1.145534
2.203835
5.361071
4.720321
4.863854
-1.329126
-2.771288
5.810167
2.511287
3.740684
-2.369739
4.806609
-2.249385
3.269959
-0.284670
-5.761944
-1.690227
1.430226
-6.113102
-0.004852
1.306433
-7.949257
-3.830799
-4.993311
-6.582471
-7.366080
-3.533805
-3.235167
-6.518250
-1.934958
-9.255870
-3.605441
-5.303215
-11.220715
-11.083866
-6.431716
-9.659369
-8.625962
-7.075041
-4.081468
-10.379355
-12.374872
-7.531779
-8.438212
-3.772793
-11.469390
-7.066907
-4.325766
-7.553851
-6.699969
-6.780280
-13.927648
-11.844980
-13.271006
-11.609099
-7.768789
-13.908085
-6.231930
-14.208612
-8.549740
-11.024677
-13.014043
-5.172107
-10.082306
-6.749705
-11.298238
-12.407794
-7.630481
-10.546745
-4.832632
-12.693457
-6.369839
-10.579489
-13.559027
-11.858896
-13.241175
-9.087276
-12.607558
-9.021917
-12.025467
-7.167626
-11.663429
-10.880965
-8.535685
-10.234215
-9.932290
-9.227890
-6.333326
-4.746028
-4.952320
-2.238777
-3.664311
-1.554090
-10.245596
-8.888699
-3.861566
-0.339213
-8.756405
-6.093235
1.279013
0.154145
-5.467553
-3.583911
-4.138200
-3.130753
-1.652844
2.255560
-5.155186
-3.455483
-2.096159
-0.799322
1.897413
