-4.026052
3.781878
2.110368
1.176895
-2.146295
-1.677016
-2.544335
3.985837
3.010986
1.040558
-0.107743
5.489733
8.932916
6.902463
8.754601
6.847734
3.440322
1.076638
2.966903
10.329378
7.568650
4.492814
6.677618
6.678819
8.243387
6.524532
10.939532
9.024148
3.891195
8.190388
6.129356
4.155448
3.683719
12.319614
12.666968
4.193865
5.411717
11.135766
10.326235
11.945355
9.023988
10.250057
9.968006
6.935241
12.384125
7.537130
5.129965
14.330972
13.893428
5.147442
6.338197
14.425355
13.965547
8.465472
14.495666
5.499356
12.089404
5.734398
5.028549
10.906936
5.309213
13.323433
10.516183
6.700758
10.075966
11.066993
8.044943
6.711020
11.273703
8.843046
12.722204
4.261990
7.280645
6.022423
3.513561
4.022391
9.986507
3.887619
8.117618
9.799429
4.543631
9.278791
4.141115
8.735426
3.516097
5.223123
-0.281539
7.425507
0.754945
3.115526
-0.779243
1.197188
3.892104
1.862475
6.379833
5.686776
1.465809
5.203982
4.994931
-4.724526
0.511133
1.791014
0.217301
0.817791
0.801494
-5.593526
-5.237344
-4.905025
-1.097057
-7.166759
-4.127180
-0.663477
-2.700200
-1.253868
-0.193009
-5.053493
-3.355749
-10.191653
-9.918889
-7.019037
-6.174711
-6.845339
-7.427685
-1.986224
-4.537813
-7.064386
-7.163104
-11.131633
-3.301574
-12.947032
-6.092736
-6.113793
-3.852439
-3.946009
-12.317708
-4.212896
-7.435770
-12.377176
-6.480985
-5.493839
-9.901227
-9.143909
-10.813630
-11.519231
-9.236800
-11.336806
-6.277446
-14.239166
-7.584055
-12.218061
-13.006607
-9.399589
-10.896609
-7.644112
-10.733385
-12.232213
-5.165735
-12.758405
-13.358419
-10.582879
-4.892731
-4.801416
-5.701863
-4.248898
-3.979647
-8.885489
-10.295822
-5.238072
-6.933018
-4.159121
-10.245366
-4.324201
-11.061336
-8.481964
-2.975434
-3.648120
-5.103204
-3.623143
-8.387148
-8.514000
-5.909213
-2.167940
-5.428288
-3.142932
-8.593232
-5.615076
-6.498260
1.270512
-2.793388
-0.364262
-5.759865
-6.818334
-5.135596
-5.687550
0.515258
-0.161180
1.666067
4.281807
-4.507002
-1.864326
