-2.967819
2.769178
-0.522207
1.302085
5.613944
2.447821
3.482698
0.034252
-0.231269
0.299530
1.718670
3.596602
7.123118
6.357307
2.780437
2.960197
5.530941
7.472249
1.861103
10.774181
10.093443
10.049090
2.411160
7.980494
7.514702
3.169155
5.503184
3.813857
5.121276
6.675763
8.548766
10.499057
10.366734
4.769128
5.822529
8.227134
5.576051
8.713856
5.807518
10.077346
11.083978
8.965709
13.462295
7.965182
8.023973
12.888299
14.724777
10.765638
11.382978
7.256829
7.701323
8.522284
10.622133
8.700731
5.879098
12.942663
10.341512
12.514271
14.154147
9.377099
5.693026
6.780122
13.862364
13.942367
8.958599
9.916447
7.611114
12.244226
5.568599
8.492966
10.978803
11.983237
4.614010
2.709726
9.136013
4.310778
6.227183
2.858802
6.699201
6.843557
6.466283
6.169547
4.925870
5.311258
-0.441541
6.940419
0.335241
7.179321
2.623048
3.096831
7.012270
7.377461
6.387512
-1.972943
0.529890
3.919815
5.770687
-3.648214
-4.207744
-3.136457
-3.713781
-3.763583
3.757862
-3.563786
-4.269430
-2.153035
-3.947174
-5.062253
-3.945522
-7.044452
-1.601650
-7.080268
-5.969221
-6.741803
-7.283608
-9.670250
-5.635173
-4.041088
-3.636141
-3.046473
-8.122484
-4.556018
-3.871500
-4.958138
-11.120661
-11.691500
-10.250757
-7.600599
-8.927214
-10.661286
-3.962980
-12.920623
-13.243615
-6.169969
-7.380679
-12.443358
-5.357984
-14.251632
-5.642038
-14.005278
-11.194418
-12.068857
-8.554522
-9.397469
-8.395450
-12.402973
-12.121778
-6.463549
-6.426366
-8.874255
-13.478730
-12.064361
-14.061406
-8.580297
-6.256937
-12.473881
-9.258027
-14.444778
-7.459651
-5.459223
-9.015111
-7.481299
-11.079596
-11.960506
-9.678365
-13.587107
-11.372119
-11.275882
-6.665870
-7.128862
-4.103179
-5.691139
-8.841083
-5.867209
-5.451246
-4.172938
-8.569952
-3.681477
-2.289968
-6.579444
-8.548475
-7.993426
-1.662810
-0.345941
-3.288488
-6.465917
-5.666620
-3.609529
-6.336610
0.684378
-6.802816
-6.271596
-5.892916
-4.201822
-0.465382
-4.972124
0.037386
0.298094
-4.385711
-2.349668
