-2.601954
-0.792896
2.426100
0.374561
-0.873070
-1.609792
6.366713
5.050577
6.783105
-0.712620
-0.196306
7.680006
3.559053
4.511862
0.650871
7.384323
7.683124
4.346459
1.001974
5.430378
8.339073
9.570800
5.240096
6.953692
2.160107
6.725416
3.633699
7.661611
3.030106
10.821409
12.410564
11.537777
13.471540
6.590198
11.054985
9.540283
13.812286
5.143862
13.275899
8.220077
10.987094
7.936562
12.997314
9.521275
12.264261
9.292962
12.517788
13.329367
7.032721
13.384800
7.064680
5.528101
7.700535
5.215083
13.644424
9.230426
8.202142
11.277510
14.432139
5.164151
12.067190
5.695977
8.925103
5.817867
7.391521
12.988903
5.534910
10.973100
11.787571
10.749946
11.703059
8.204458
3.746076
6.911375
3.948131
5.267926
1.748680
11.156802
5.867102
10.106042
3.638589
1.256212
6.620185
2.955708
8.720078
3.323286
5.604506
-1.049897
5.202134
5.604305
-1.679267
5.542675
2.767533
1.857718
-3.126210
5.264200
4.506125
-3.316830
4.614367
-1.740342
-4.226872
-1.687244
2.659678
-5.866118
-1.543622
-2.143707
-1.152496
-7.375115
-6.939378
-4.841668
1.338221
-5.048044
-7.776946
-6.877201
-4.006823
-0.913123
-8.496810
-0.491755
-10.032867
-4.174957
-2.896148
-7.043239
-3.070730
-9.107992
-10.466607
-8.361547
-5.139403
-12.291777
-12.301163
-4.290889
-12.948897
-4.313516
-4.094074
-12.213825
-11.765678
-7.869058
-7.610769
-6.949505
-4.920824
-10.517905
-11.564000
-13.839638
-8.646447
-10.657259
-10.945239
-7.955893
-6.164765
-7.386210
-9.628268
-9.211434
-13.627003
-8.297931
-12.217984
-5.972083
-10.737564
-13.237918
-8.234289
-10.960668
-8.398077
-6.892445
-9.446791
-10.557250
-13.238947
-4.490723
-8.714486
-6.756767
-6.775279
-12.734126
-4.392666
-11.978330
-7.638601
-9.149934
-11.144487
-10.311456
-9.308743
-10.683513
-7.682912
-8.273025
-4.312719
-7.810438
-9.240224
-1.608758
-0.634464
-8.693346
-6.049353
-1.220323
0.933710
-0.475647
-6.238313
-5.115118
1.382946
-5.152691
-5.374511
-5.586418
2.624096
-1.293325
-4.602393
1.885260
-5.094778
-1.539458
