2.268294
-2.410864
-3.995384
2.090205
-2.347568
6.041343
-0.649212
-1.064546
5.520323
2.993463
1.310176
-0.552444
3.029919
0.352501
6.640870
0.391795
0.932357
8.887947
8.996900
10.181300
7.124784
6.196876
7.758302
3.434428
8.660359
11.364000
7.612150
5.729147
9.097385
5.223540
9.997389
8.414007
11.308197
7.140846
6.666316
6.851430
9.438100
14.071787
6.690013
10.145971
13.088213
7.340869
13.784633
10.339119
8.442151
7.875060
6.732863
5.898758
8.328614
6.501364
14.283415
12.994850
9.929381
13.068815
6.634941
6.219219
14.663459
10.553296
13.535787
12.773142
10.967790
13.936761
10.000664
10.884123
8.156861
12.261247
13.163214
10.441452
10.062222
4.238896
11.724021
10.083354
5.255906
11.710989
5.433453
10.736642
9.803372
9.110319
2.612031
6.591409
5.596750
4.222476
7.594857
5.924058
5.049545
-0.583655
2.704860
4.524880
3.506831
-0.134800
-1.040121
5.145185
1.959629
1.068450
-2.229139
-2.177918
-3.906464
-2.010678
2.330262
1.421364
0.958160
0.528291
1.151265
-2.082256
-0.936339
1.523931
-5.785211
-4.077647
-3.078078
-1.820510
-6.117681
-4.862723
-2.958606
-8.704988
-9.402070
-7.750593
-4.767007
-1.900549
-7.347488
-4.911140
-7.176426
-3.961241
-4.141883
-9.828168
-10.224181
-9.757561
-5.645960
-10.201153
-6.059634
-10.035057
-8.919990
-4.223113
-4.253827
-6.806303
-5.292445
-4.066540
-11.285401
-9.720842
-11.615140
-8.808871
-10.455991
-4.893051
-13.025961
-5.135644
-7.859574
-14.334504
-9.742826
-12.317356
-13.062103
-11.643800
-14.161810
-6.900463
-11.618633
-7.568649
-12.760852
-9.662902
-12.550943
-10.474948
-14.483206
-14.018171
-7.510719
-8.791770
-5.641789
-6.455581
-4.598341
-8.771688
-6.171868
-8.621390
-12.291491
-5.633397
-11.464369
-4.800496
-7.448475
-7.597977
-6.475913
-3.342940
-8.247430
-10.656100
-6.187905
-10.500618
-2.094328
-2.806511
-3.231759
-7.752334
-6.034350
-0.762680
-0.744904
-1.055608
-0.836754
-0.431960
-3.031118
0.184490
-6.305234
-0.817677
-5.609983
-4.796945
-0.287324
-5.396994
1.653233
-2.527961
