-2.111955
-2.832136
1.268250
-3.398988
-3.195835
3.209160
2.160210
-1.456226
7.461558
3.234416
1.055776
7.798568
1.395104
4.181550
1.112854
3.514196
5.620644
10.063500
7.851348
2.440399
3.030088
8.442466
8.396760
11.798446
2.310770
11.106907
5.598051
2.780670
11.490685
11.796954
8.649200
6.354858
11.563573
10.201255
6.087560
10.564953
6.909928
5.572241
4.584126
14.145859
6.848378
7.541019
9.104915
13.524735
6.473992
14.549182
6.643419
7.239927
12.575263
11.356753
5.638924
6.054048
6.817669
13.124668
9.064247
8.361094
13.218882
10.946106
5.133043
9.118670
5.396731
13.507956
7.246210
11.109578
11.038931
5.029298
11.028495
9.856737
8.773232
3.839256
12.644796
3.339486
9.090337
11.021670
10.557345
9.739549
1.870428
1.478314
9.998986
6.456817
2.649006
0.538317
6.964633
4.440399
8.528405
0.754033
7.749769
4.909270
1.590311
0.435903
1.737459
-2.301264
6.159285
-2.819637
-3.266612
1.676107
4.487516
0.837007
0.880958
2.724508
-3.105279
0.108714
-2.565730
-3.644052
0.687480
0.317156
-2.706276
-6.351576
-7.597463
-0.133869
-7.693634
-3.134322
-6.063772
-4.055838
-3.116931
-7.930280
-3.466640
-9.038819
-6.366709
-9.448548
-2.110632
-9.109793
-9.596165
-2.517798
-9.724234
-7.580789
-4.765785
-12.229718
-3.704446
-9.581402
-6.542940
-9.772429
-10.920656
-8.484983
-12.327969
-10.149632
-11.888363
-5.977909
-13.585974
-11.854561
-9.477728
-8.054777
-8.587994
-4.858068
-8.745414
-12.983879
-9.589505
-6.804954
-5.629658
-13.663682
-7.983948
-12.845880
-4.972659
-7.131724
-12.701809
-8.116837
-10.543309
-9.978451
-4.636005
-5.479904
-9.660496
-5.804126
-6.084296
-7.802411
-7.353056
-9.079734
-5.592000
-9.055928
-10.385926
-11.582040
-10.959489
-11.366760
-5.411615
-8.429188
-2.633945
-1.880830
-9.075481
-10.198035
-10.570502
-2.976629
-3.360978
-1.207971
-0.374710
-8.185100
-5.722339
-1.465977
-8.618279
-2.225076
-0.697399
0.076626
-7.038588
-0.879707
-6.376352
-5.564722
2.484050
-4.716727
2.188811
0.053938
-4.548423
3.792751
