0.528934
1.541594
5.338415
-2.711059
0.658585
-0.580542
6.794301
1.919663
5.829666
3.867510
4.156845
6.465391
-0.265078
8.805671
0.115619
8.076186
0.230638
2.114858
2.438750
2.382522
6.873818
10.801556
4.993402
2.414189
6.357684
9.509341
4.845125
4.277467
11.035281
10.784083
6.751361
6.519218
5.100682
10.352605
10.484792
11.460325
11.562749
7.047722
12.318628
9.880981
8.117387
5.000553
11.366928
11.833177
5.010005
9.188088
6.717089
13.921641
6.863093
12.684484
9.473938
6.730192
13.257379
8.779246
5.859665
14.813140
4.998887
8.721749
6.731319
11.905560
12.648679
11.453608
13.853675
6.337503
12.298605
4.941507
12.862432
7.963526
4.041466
8.006941
8.438030
12.229497
11.890076
5.560890
5.279919
6.161301
8.042459
5.878151
2.366341
6.959375
6.511657
9.482614
7.046966
4.220332
4.825958
-0.227046
5.210103
8.654396
3.272567
2.893466
1.659532
7.393098
6.942496
-0.962234
-1.476973
-2.865779
-2.887854
-1.784916
3.134021
-3.403220
-5.181471
1.248767
-4.740986
-3.471770
-2.309502
-5.891890
-2.095687
-6.117799
-5.012385
-2.509716
-1.112291
-1.501928
-3.044345
-7.015045
-3.457425
-9.150596
-2.748698
-9.757405
-7.358510
-5.697684
-8.627507
-2.685659
-8.841682
-5.514607
-7.147235
-5.725539
-10.381580
-11.993179
-7.013812
-11.246359
-8.231974
-4.163786
-5.128091
-4.327710
-5.643797
-9.249306
-8.577590
-11.984681
-9.488840
-12.224773
-10.314391
-9.737282
-14.420607
-6.933313
-10.214214
-7.819166
-5.791337
-7.351027
-11.101284
-6.318512
-13.811244
-7.542488
-11.046927
-13.357898
-4.983336
-7.245176
-12.732014
-7.824995
-10.374310
-5.651147
-13.860588
-13.505334
-13.356958
-7.490522
-5.841224
-7.941257
-8.537866
-8.340886
-12.846304
-4.586825
-9.140979
-8.507353
-7.721965
-4.306134
-8.128042
-4.076507
-2.660696
-6.917524
-6.923973
-10.515839
-3.885101
-1.153403
-3.601920
-1.133507
-8.560004
-7.867613
0.983067
0.827318
-3.232718
-4.224094
-0.682549
1.398111
-2.783427
-3.986886
1.931204
2.694627
-1.553242
-1.820856
-1.023313
-4.565521
