3.341763
-1.205659
-0.530537
5.022786
5.641669
6.580793
1.743106
5.427062
7.490321
2.005018
6.448719
5.643134
1.654186
1.288531
2.393589
8.217807
8.509301
9.749494
6.157187
10.825791
1.533231
10.752793
6.654781
9.116139
3.438080
8.195914
12.364970
3.362626
12.147461
8.511158
10.733804
4.134561
6.075870
4.536893
7.281509
9.123047
9.587245
12.237784
4.454872
11.337772
10.471439
14.199978
8.318445
7.691252
10.048686
7.579584
8.367664
7.127663
6.251753
11.946038
13.977909
12.968411
10.206380
11.544526
8.813105
13.037088
10.000234
4.901223
6.676482
8.123807
6.970947
11.619534
9.714247
7.886738
8.114414
7.771700
5.524150
10.652821
9.018216
3.565728
6.286953
10.484266
2.519769
10.041684
2.997440
6.463097
5.319375
8.214540
3.495597
1.446353
10.580962
9.081041
0.270273
7.278728
2.215378
5.577405
1.809673
3.813569
-0.480604
1.340396
0.483156
5.289789
3.038548
2.685224
4.401475
-0.449145
5.869019
-4.056188
4.630747
0.107177
-3.253722
-5.542359
0.967809
-1.135986
-5.596130
0.810505
1.752188
-1.701689
-5.471767
-1.405702
-3.749906
-6.969499
-8.615994
-3.865395
-4.756011
-3.853509
-8.360445
-8.813781
-8.187372
-8.473945
-8.652161
-9.131217
-8.984270
-10.279591
-5.382667
-6.222501
-3.754863
-9.233887
-6.111023
-8.138140
-4.919471
-6.581913
-8.762072
-6.570840
-7.816111
-5.659571
-8.758895
-13.843111
-6.385454
-12.735411
-12.541928
-5.609533
-11.358711
-13.684588
-12.211595
-8.467192
-8.848172
-8.113068
-14.817705
-8.677698
-7.443147
-8.987970
-10.784788
-11.290293
-6.527034
-14.016155
-11.393121
-6.241427
-12.192721
-10.189920
-12.297249
-4.570403
-5.282633
-10.204531
-6.050502
-9.763610
-4.062295
-10.786056
-6.123051
-9.751498
-3.582170
-4.253948
-12.246843
-9.530599
-4.511014
-6.382392
-6.066270
-6.331822
-3.052204
-10.373268
-7.365584
-9.867491
-1.256004
-6.710101
-3.655105
-2.523628
-6.641265
-7.860174
-2.746433
0.392901
0.401945
-5.718276
-2.766656
-1.658765
0.275005
-3.814037
3.711896
-4.816899
4.323774
2.333490
