1.485449
4.794016
-0.097266
2.678064
4.459344
4.635403
-1.072647
-0.490324
2.584094
-1.221588
5.557851
2.639798
5.128071
6.235455
2.913940
0.759689
6.539607
7.796797
4.197158
2.628351
8.121669
4.676971
4.305669
9.477036
3.564949
7.153338
8.461747
5.697036
4.855434
11.444526
9.454993
9.108877
11.156875
9.994737
11.444877
9.116881
8.468899
13.485695
11.951203
9.961422
6.686402
12.419144
8.766537
10.176136
10.363898
10.810901
12.606882
12.883850
7.195751
11.293973
6.787119
9.333815
11.433770
7.635305
13.269748
14.467745
7.975120
9.239283
10.603705
8.331538
9.805519
4.576342
10.569976
10.960254
9.538829
8.117065
12.914855
6.192410
3.507093
9.504452
9.386633
4.544523
7.733163
6.520817
10.411646
8.919985
3.579256
10.364355
9.440441
10.790526
4.011810
8.010431
6.202334
1.447102
7.616114
0.766617
6.184947
4.504097
2.253926
-0.935606
1.948546
6.030719
1.537186
-2.129154
0.696187
1.796434
0.828183
1.800007
1.146008
-4.258621
-3.884690
0.979486
-0.311797
3.465087
1.117455
-4.744407
-2.993143
2.236986
1.045631
-0.952914
-8.332212
-3.105738
-2.507629
-7.989058
-1.523278
-8.765239
-7.141357
-10.332709
-8.518565
-7.921578
-9.615599
-10.269027
-8.940405
-3.492840
-8.291849
-4.117047
-10.145155
-3.368920
-12.107000
-12.982750
-10.885407
-11.223147
-4.893552
-5.112308
-4.770270
-8.454362
-5.158742
-7.173262
-11.474855
-13.074843
-12.067488
-11.829089
-10.223704
-8.709696
-6.467771
-12.904779
-10.523438
-14.957070
-13.750796
-12.437116
-5.631186
-9.365201
-11.076664
-10.904296
-10.840361
-12.931407
-6.404931
-12.520679
-9.326951
-8.332075
-7.765866
-7.570215
-4.634994
-7.606892
-13.690135
-7.134073
-7.825317
-8.753346
-10.461102
-7.259030
-8.808583
-8.037638
-6.401735
-7.807910
-2.807669
-3.136691
-8.741245
-10.202927
-3.644902
-5.627473
-7.464543
-6.659694
-3.482023
-6.624910
-5.266914
0.741677
-4.347704
-2.324557
-5.908042
1.585314
0.278420
0.668016
-1.299331
1.291809
-2.190631
-0.503367
3.641897
-1.800288
3.276828
3.808639
