0.938569
-4.231872
-3.229326
1.949970
5.840624
-2.169390
4.181606
3.430901
6.396192
1.448308
-1.141795
8.607781
3.796893
9.190730
5.018707
1.162802
0.291093
1.937173
1.789187
6.973500
1.821205
1.562083
6.151277
4.328149
5.796104
2.418551
8.319604
11.846265
7.142395
8.244438
8.583064
9.691699
5.808354
12.174176
5.690763
5.145067
12.480578
8.678880
13.450529
13.909438
7.646667
10.347444
11.671487
8.382650
8.869175
7.461057
13.423493
11.763213
7.807723
11.403629
6.286921
14.761342
12.336819
10.137769
13.449857
14.619067
5.902330
12.598787
14.558558
7.777850
5.403441
13.183674
4.318620
9.715339
11.725650
10.812348
12.488057
5.154016
7.018932
11.604531
3.168566
3.732420
8.387468
6.685883
4.276871
7.720633
10.407671
3.301584
1.208960
9.063251
7.590892
1.363135
6.787648
7.829888
7.006792
2.159440
3.321366
1.908911
-1.066591
1.070868
-0.468419
2.466890
5.966205
5.025895
5.337777
1.907471
-2.352351
-3.221586
-1.067202
4.656592
0.515506
-2.536140
-0.123767
-1.202790
0.771448
1.367485
2.559382
-2.064097
-7.615237
-7.322558
-6.992511
-4.832738
-7.859872
-4.784159
-0.552083
-6.307358
-4.738691
-2.439084
-3.327248
-2.416268
-3.517592
-3.332095
-8.789280
-2.876201
-3.373367
-8.264915
-6.682433
-7.813004
-12.550432
-8.288612
-8.232636
-9.617072
-8.806286
-12.245340
-10.914047
-11.486642
-5.681475
-7.234034
-9.984883
-9.738125
-9.032893
-14.027879
-13.236090
-8.756658
-9.786645
-11.110969
-13.538923
-5.634962
-9.451132
-10.027208
-5.240886
-5.260818
-5.138220
-12.098320
-7.537036
-14.695196
-13.859375
-6.582983
-5.665934
-12.871703
-13.283641
-4.774516
-8.266876
-12.839176
-6.792138
-10.742449
-9.569785
-6.451888
-4.040707
-9.628797
-5.424215
-7.520853
-3.215563
-11.160422
-5.958277
-3.652235
-6.673526
-1.482380
-1.298491
-2.520223
-0.975555
-7.158840
-8.654218
-7.914708
-7.173152
-1.405250
-1.201591
-0.337881
-5.352925
-4.921536
-6.832313
-6.508692
-6.080005
-5.991078
2.771186
-1.556026
-5.513550
3.251851
-4.537792
3.977453
