3.033539
-3.359454
1.045561
-1.154042
2.980221
-0.504917
1.688285
0.783746
6.644097
7.570298
6.794448
7.832730
6.706380
1.083881
6.973078
6.158924
3.578892
7.296654
1.984944
7.030748
4.478179
3.668783
1.739940
3.316488
6.208824
7.054898
8.658492
4.483668
10.458671
8.639212
3.659112
10.639637
5.892835
6.626091
9.436735
8.029113
10.856876
12.268912
8.123768
8.906162
13.967677
6.145703
7.452704
14.246674
13.986039
10.910404
14.657906
7.116016
8.263107
5.791289
13.039433
8.018826
5.750895
8.805807
14.673674
6.510509
5.509398
12.618271
7.484133
11.031742
7.812999
6.535271
13.845916
5.786757
10.652035
7.897443
9.875697
5.012436
11.994715
9.743405
6.663917
11.191353
11.619675
3.019386
9.008212
7.658221
10.415707
11.115631
5.450362
1.486331
9.708323
6.395759
1.554679
1.999278
7.009930
7.888769
7.887061
8.484936
0.381489
-1.641953
4.554284
2.130083
1.709752
4.825412
2.641173
1.169431
3.032585
-2.877761
-1.091298
-3.818442
0.656784
-4.345222
-0.468330
-6.124905
-3.337709
-3.485557
-6.450071
1.024999
1.301045
0.312686
-8.201929
-3.491700
-7.888829
-0.820161
-0.584430
-4.801963
-1.191721
-6.459877
-3.716248
-4.718266
-8.494427
-4.913839
-5.220963
-11.751368
-3.679684
-11.516748
-9.546557
-7.537966
-11.503493
-10.882100
-11.975919
-5.202490
-5.719335
-5.634351
-11.066627
-5.199602
-14.078564
-8.429770
-13.808448
-4.977640
-12.526639
-13.559806
-7.135015
-12.332043
-8.328244
-9.702121
-9.461018
-5.427816
-5.189555
-7.195204
-10.394917
-10.397499
-5.544513
-7.474459
-7.734664
-7.908536
-11.714988
-13.118914
-11.928316
-4.526376
-14.318185
-11.358682
-7.986673
-12.380765
-13.412565
-12.677597
-12.527917
-5.219175
-6.464274
-4.662560
-9.388809
-11.705283
-6.404537
-5.962951
-7.766992
-7.359525
-7.949341
-7.577694
-2.211587
-3.343867
-5.538511
-6.245761
-4.927558
0.177112
-3.991669
-6.176317
-8.066719
-1.251932
-4.659732
-6.718023
-5.287693
0.005046
2.636928
-1.560984
-2.711181
-5.659660
-0.762502
1.007853
2.415973
-2.009400
