4.592848
4.415714
5.280942
2.371457
-0.087658
2.015934
7.149105
-1.519388
5.464902
1.587269
-0.530562
3.121757
0.716763
7.942827
4.833415
5.505313
4.247407
3.766746
4.622456
2.556426
9.229389
2.538337
3.974610
10.535302
8.773426
8.485367
10.863821
9.679420
5.421616
5.898693
3.847508
11.535662
12.984995
12.143607
12.972557
7.118182
13.412048
10.658453
13.046644
7.901284
6.372087
12.706289
8.555077
9.265355
13.712734
12.555328
7.148614
13.768628
8.329349
14.828351
5.614943
7.334146
12.450771
14.394067
12.025304
9.293207
9.971079
13.325988
10.334500
4.610723
13.572967
14.249026
5.190672
10.599947
13.583582
9.560754
7.934005
8.188148
8.980193
12.828173
5.132842
9.841161
7.264120
12.113779
2.594918
9.075586
3.741700
2.273414
7.006695
10.145779
3.257207
2.691520
5.138526
2.875108
1.186471
7.921040
8.540446
-0.027707
4.550642
0.438003
3.433194
-2.070932
4.181092
1.738576
-2.064228
2.922366
4.714977
1.428284
1.696593
-3.249278
-4.330126
0.094160
-0.751664
3.277693
-1.951877
-1.720574
-1.421345
1.026978
-2.356377
-0.452699
-6.580744
-2.170508
-2.264625
-1.869847
-7.231434
-3.633846
-3.726186
-4.890683
-10.053122
-2.498728
-7.758512
-3.458702
-6.266650
-9.373179
-10.935231
-7.508146
-2.818268
-11.430615
-7.534708
-11.094790
-6.560808
-3.954928
-11.380193
-8.245409
-9.769405
-4.472938
-8.259301
-8.072473
-13.718080
-10.009001
-6.936651
-14.443738
-8.934144
-13.239548
-13.586113
-10.655595
-5.899714
-6.479462
-6.545998
-11.234535
-12.949832
-12.669845
-11.071565
-11.478918
-6.377435
-5.339238
-11.245511
-8.758986
-8.483306
-12.547090
-13.964635
-11.649417
-6.624086
-12.205569
-4.977266
-10.709286
-8.977376
-11.188010
-8.719967
-8.964512
-5.479348
-4.749568
-6.015584
-4.570383
-4.542313
-11.599766
-10.962165
-3.465647
-1.868833
-9.870865
-9.539629
-2.386591
-3.933910
-3.345377
-5.094027
-1.577557
-3.563835
0.814455
-6.086992
-4.054981
-6.464358
-0.138719
-3.594787
-3.283984
1.941618
0.837676
-0.649269
0.697330
-2.254043
0.968097
