0.195675
2.583929
-2.824749
-0.697666
-3.191332
4.024855
6.202854
-2.275583
0.559759
7.877085
5.609351
3.324012
5.440329
5.587424
7.394546
1.985016
5.114518
2.190523
5.635247
10.021424
7.435048
11.348645
3.115507
9.588881
11.738211
5.877846
8.185274
4.143248
9.207628
3.303047
12.660501
5.230173
7.444483
6.843415
7.728563
11.873707
10.593786
10.102582
7.298835
7.789684
12.358032
11.599940
12.164318
10.265916
7.349755
12.839543
11.004812
6.650180
13.558663
12.670023
10.785874
7.925281
6.323993
5.350711
14.162580
11.821754
7.326715
13.758951
6.222281
12.858376
13.269141
13.713108
5.813506
12.751595
13.651620
9.752701
13.168243
7.883574
8.589930
11.052155
5.229057
4.363036
9.527973
9.541638
6.611487
10.283715
11.117510
9.053228
2.979258
6.706042
2.996360
8.486428
5.105844
0.425557
6.843879
8.430874
5.590637
2.079064
7.498823
7.388005
3.166572
3.180419
2.039144
5.681760
-3.137024
-0.128818
-1.269428
2.333459
4.038668
4.324265
-0.553633
1.182847
2.885517
1.169459
-1.367051
-6.441635
-1.915766
-2.464159
-5.239189
-5.898124
-4.047335
-4.627385
-7.257438
-5.093356
-4.010461
-1.586825
-7.305983
-0.845004
-6.545176
-3.571450
-6.771479
-1.679287
-9.129687
-2.098112
-5.981276
-11.700425
-4.618873
-11.763057
-6.177852
-3.473153
-8.689115
-11.158973
-12.955499
-4.636901
-7.377793
-11.232220
-5.779878
-7.802445
-4.647158
-11.463985
-9.442516
-6.314259
-14.649928
-12.216172
-6.840679
-8.931065
-6.653571
-7.228566
-13.017429
-9.453452
-7.718465
-14.451443
-6.220519
-13.739379
-7.949267
-14.470998
-11.925601
-5.824037
-6.267621
-13.827294
-8.202076
-9.288441
-7.545852
-6.968376
-6.052846
-12.619253
-11.867065
-5.730670
-5.489796
-7.935067
-6.565020
-9.766360
-6.317553
-9.135313
-8.636386
-4.081420
-4.168114
-4.924285
-4.584153
-4.874634
-4.785268
-1.007824
-6.476020
-9.356891
-0.967098
-3.179195
-7.615400
-2.054208
-7.148964
1.528820
-1.159967
-4.614119
0.921319
-1.835057
0.349984
-2.644267
-2.719384
4.108467
-0.178412
-1.686651
