2.660858
4.155156
-3.451310
-0.058922
5.583553
4.219843
4.242889
3.777858
2.103483
0.263857
6.540957
-0.143194
-0.439707
2.547489
4.473654
9.608458
7.416747
4.201433
3.879667
9.010498
7.879903
3.674091
9.381600
3.023236
10.067986
9.250976
11.801532
12.540688
4.645856
12.466576
13.184444
12.661121
10.069879
12.565843
13.590516
12.652621
13.098413
8.292285
9.766548
13.126200
14.027722
11.467081
7.159741
8.874604
9.279256
13.743953
8.095450
6.638921
14.846463
7.686377
14.762816
8.904907
6.953207
6.685731
10.538972
7.622891
14.175602
12.896675
5.637863
12.733349
12.576242
13.234898
11.495323
13.815692
8.738303
12.673361
8.557711
5.357641
9.343811
3.981783
5.656960
3.227029
7.590877
6.735571
5.977951
7.728662
4.259327
8.863968
4.542425
8.683400
7.569646
6.621644
6.932258
-0.053146
2.056135
1.644833
4.862752
6.845863
3.573987
-0.949899
3.000591
1.246996
6.038870
4.340699
0.368353
1.658272
-1.519695
0.887342
3.501628
3.931696
2.902180
0.491404
-3.335242
3.606985
-5.290292
-1.402653
-2.451382
-4.740298
-5.951440
-7.555244
-1.508103
-5.137662
-8.564648
-2.188990
-0.115309
-5.449888
-1.955107
-4.549749
-4.750718
-5.798661
-8.936171
-5.106607
-6.923775
-11.563059
-8.681602
-7.821631
-5.055958
-10.927823
-3.878377
-8.849614
-8.895855
-7.019994
-7.736838
-6.027395
-11.406765
-5.436730
-10.722863
-7.518326
-7.831793
-5.272999
-10.502070
-10.050467
-8.552313
-11.042492
-5.447582
-12.388166
-14.779166
-9.649151
-13.888834
-5.483225
-14.057972
-14.948437
-6.999583
-5.075822
-12.937195
-14.154459
-8.567694
-5.193449
-10.027799
-7.158430
-13.572980
-10.968290
-4.259754
-5.216618
-11.488388
-12.491304
-10.859591
-8.306475
-8.620492
-5.239607
-5.640163
-11.529276
-3.517493
-7.399120
-6.566246
-3.542753
-9.164731
-4.949164
-5.854756
-10.507879
-9.658130
-7.916012
-6.605802
-9.810916
-4.971678
-7.723718
-1.989677
-1.524550
0.802832
-2.644626
1.271373
-1.542240
0.440976
1.771808
2.159842
0.764322
-3.715096
1.792770
2.930080
-3.905908
