4.154703
-0.908571
3.410349
3.643818
5.420575
3.869740
1.883058
6.958568
6.369523
2.516806
4.954394
2.841015
4.290057
3.692923
4.256928
3.797128
0.127797
2.650444
9.606124
2.669509
8.446606
10.392457
1.779170
11.430743
8.367491
9.655860
5.367852
8.394001
11.252632
10.174043
5.757675
8.443616
5.700568
12.112376
8.958430
7.843603
5.236236
13.842185
8.097700
8.434308
10.125510
5.711477
8.763829
10.807110
8.481583
5.458108
13.122011
6.679045
9.899774
13.862075
12.537648
7.896677
13.521162
12.388685
7.960260
12.208354
11.612796
6.191080
7.158744
13.434126
7.116094
13.710229
10.085659
10.865505
13.062579
10.147308
8.845947
7.538410
4.176657
7.183144
11.113707
4.957359
11.064366
4.257024
3.934758
10.639795
8.195985
11.170502
3.097777
6.176730
10.492213
4.627589
7.163103
0.771488
0.501009
8.184468
7.226688
3.946685
1.379408
2.807270
4.616621
-2.392493
0.394454
4.873161
1.472868
4.933944
0.560888
0.528362
4.151390
-4.047596
-1.605651
1.973121
3.834349
-0.052176
-3.694422
2.866589
-1.412605
-2.065931
-0.276553
-3.203834
-2.713911
0.796267
-6.401877
-4.392670
-3.059078
-3.005047
-8.958099
-5.866140
-1.161056
-3.715560
-9.862235
-5.979088
-9.414017
-2.970457
-10.559952
-8.192279
-6.141117
-9.498366
-9.276994
-10.997505
-9.933848
-5.576220
-10.554044
-11.827277
-10.646871
-7.579194
-13.297561
-8.814333
-13.975064
-8.881577
-7.987097
-7.164111
-6.286412
-13.498215
-11.730329
-10.951145
-10.174266
-8.379248
-8.430534
-10.551764
-6.302271
-6.052253
-10.446122
-11.078756
-7.527598
-5.990267
-10.023272
-9.901770
-9.979612
-4.748410
-5.755823
-8.893033
-5.197942
-11.687403
-13.696148
-8.740645
-12.998715
-6.047184
-9.949933
-6.133404
-5.909919
-11.867844
-9.893122
-11.914619
-8.182770
-5.672939
-7.114225
-3.451840
-6.318207
-3.035524
-9.745388
-0.578523
-0.205736
-5.973763
-5.131542
-3.512990
-5.639201
-5.042144
-3.803266
-2.359095
-1.639028
0.343354
-2.040570
-2.960890
1.676505
-1.512622
-0.992730
3.276710
2.631054
3.541133
