1.082902
1.442598
-1.831560
0.537735
6.368699
-2.310398
-1.079377
4.179680
-0.653351
0.056157
0.654602
3.507759
1.648946
8.821689
-0.154626
1.156958
9.050566
3.281591
9.235590
7.874186
7.010295
1.408081
3.076523
8.833519
3.150596
4.456862
8.621893
12.196400
6.080647
11.083171
11.881899
10.398724
4.458885
5.628554
12.280337
6.863046
8.437383
14.241737
4.496925
7.437706
14.376536
10.885301
5.072869
7.525220
11.349830
5.524184
8.867715
6.069911
6.437057
8.006569
6.360710
6.133213
14.728431
14.769788
10.541084
9.161073
9.657296
8.664371
7.925912
10.084794
5.923901
9.202115
7.870818
8.882367
4.632282
13.065857
9.629465
10.311019
11.559436
9.010208
9.612276
5.668890
5.860082
6.232813
7.908593
8.736805
1.870869
4.014525
9.341575
9.767733
2.694213
8.812142
0.399210
5.005550
3.803500
1.612619
1.250443
6.861474
4.877663
6.932723
1.632228
4.141470
1.949040
5.098449
5.783789
3.802115
5.483390
1.560427
4.491888
3.650676
2.907182
2.615532
-0.516464
2.716464
-5.914318
2.646148
2.388534
-6.862879
-0.618651
-6.270634
-2.195194
-1.184105
-3.554364
-8.441015
-7.698927
-8.954873
-9.524467
-5.345444
-6.548950
-7.474104
-1.693199
-3.903958
-8.288982
-5.259699
-2.087460
-3.229026
-10.604946
-8.697674
-5.972429
-7.208417
-10.053894
-9.389064
-8.074187
-11.061464
-11.103274
-12.308395
-6.749779
-10.471026
-13.330552
-10.330171
-7.109354
-10.098073
-9.046617
-9.186664
-10.512244
-10.125748
-8.835261
-10.076141
-7.303868
-12.158623
-12.443742
-6.207328
-9.104207
-10.904946
-10.339876
-14.681621
-8.359132
-14.559495
-7.989079
-11.308411
-13.817435
-11.137672
-5.645635
-13.086022
-10.905389
-7.579512
-10.892739
-9.900124
-8.622880
-12.723494
-11.770606
-9.759520
-3.897946
-11.284541
-2.368754
-11.821281
-4.154766
-4.410449
-8.386697
-6.096196
-5.958575
-8.954038
-5.899925
-4.013426
-9.475122
-4.257541
-5.207662
-8.306755
-8.024044
-2.919598
-6.932567
-1.638899
-1.965308
-5.823869
3.131654
-4.924182
-5.196800
1.728339
-0.618537
-0.264643
