4.986111
0.229661
4.130220
4.868138
-0.197889
-0.676477
4.434405
-1.548964
-0.026974
3.045189
6.170208
-0.685596
3.611066
6.288475
5.645688
2.438418
2.178245
8.343754
5.311466
7.460243
10.555855
7.778183
8.942039
5.862244
10.057061
2.648197
10.468019
4.995145
10.480857
5.680952
11.696345
12.490950
10.331350
7.064636
5.552876
11.285020
10.802555
7.085629
10.654880
11.049592
11.763678
7.351542
8.676468
8.938920
6.764408
10.399116
5.607659
10.950760
14.204011
8.360577
9.205109
8.607161
11.551706
6.754043
13.639014
5.199308
9.921647
12.759722
11.031620
5.292189
4.609310
14.209832
12.549794
6.803836
4.236022
10.686498
6.432930
4.705842
12.489328
4.438318
9.790662
7.276791
5.622667
5.868634
9.866190
3.560844
6.816434
3.082600
3.215496
9.193779
0.929984
6.375055
5.522661
2.686545
0.183610
1.972511
4.445579
2.546540
5.239547
4.678467
3.911793
-1.470381
3.677947
-0.950477
4.411902
0.617975
4.123140
0.102817
-3.508138
2.122365
-1.253068
3.856666
-2.040926
-3.235210
-3.003423
0.484402
-4.184338
-2.543402
-7.340527
-4.931434
-4.321771
-0.576329
-1.781671
-3.236842
-7.384014
-1.099392
-0.716904
-7.797878
-1.617714
-9.984163
-7.562072
-9.807442
-8.056699
-11.550751
-11.792540
-4.805255
-8.797533
-6.515839
-11.441840
-6.369047
-7.435509
-3.958042
-6.431103
-8.304273
-7.879998
-10.746611
-10.086719
-12.245415
-13.356028
-8.369060
-6.094302
-12.197902
-13.585774
-6.461616
-10.864958
-11.442417
-7.089962
-9.679662
-9.744900
-6.980612
-14.276463
-14.396629
-6.310832
-5.564592
-5.319775
-5.428639
-11.513786
-7.946146
-7.576351
-9.037954
-9.418625
-13.927995
-13.449200
-11.533955
-8.745777
-8.019310
-3.816327
-5.152303
-5.112667
-3.663747
-11.915157
-10.164883
-9.767319
-8.796712
-2.431166
-7.485013
-3.610435
-9.971456
-8.294184
-2.328763
-2.070208
-0.760585
-9.388811
-3.745756
-8.341905
-2.242825
-7.547118
-4.125556
-6.780582
-3.106954
0.747956
-3.057908
-0.757266
-5.481898
-4.704219
-6.008430
-3.040085
1.844441
1.122304
-0.495348
