-4.141892
-1.648768
2.106720
-0.284523
4.423066
-2.226389
-2.232084
7.451901
-0.127233
-0.337861
0.880397
8.186234
2.470008
3.850021
7.020929
8.742557
7.812461
1.547722
10.422625
4.167474
5.779851
10.063531
8.452385
9.708805
7.004843
4.933567
3.731776
12.233240
8.409727
11.905163
12.414763
4.414534
9.471324
11.975127
5.572535
13.793588
6.909081
5.995626
13.579998
7.423110
12.010106
12.353450
4.897912
8.212625
12.526427
12.234782
10.940980
14.336111
6.393245
11.885912
9.888774
5.140251
10.208955
12.566803
5.141704
12.671787
7.559823
11.085293
9.696819
4.510653
11.670458
7.544505
9.445782
5.375789
8.037525
12.722574
12.329224
9.663137
3.912878
8.918995
4.016914
3.129213
8.721856
7.984239
3.497771
2.784777
10.997761
2.203174
2.288315
6.760748
0.703537
3.392184
6.806532
0.237834
7.618060
-0.706301
0.386207
1.273525
1.598203
3.881012
2.857244
-2.006357
3.921010
4.396313
0.054446
-2.010691
5.286290
-2.867893
4.079561
-1.371722
2.620827
2.841172
-1.046753
2.427037
3.101477
-0.503076
0.176387
-4.196563
-5.469630
-0.998985
1.541834
-0.292272
-6.483810
-4.826350
-2.643527
-7.305971
-8.299644
-2.454481
-10.602824
-2.468282
-8.681871
-4.141788
-10.472062
-2.818266
-6.185674
-8.843829
-4.570492
-3.024566
-9.617699
-10.366649
-3.721771
-12.780260
-8.134744
-10.446218
-4.396104
-10.672840
-8.295795
-9.265137
-6.029934
-10.095623
-10.472927
-12.471922
-6.503125
-5.437890
-10.197362
-5.331382
-8.019770
-5.596833
-9.820640
-8.509056
-9.439323
-11.421899
-11.434503
-12.752679
-9.700672
-7.392411
-12.666918
-10.287933
-13.960541
-12.114219
-8.351486
-8.075586
-6.171587
-12.886385
-5.218995
-8.188733
-10.359183
-11.443071
-7.921583
-4.376675
-11.507260
-6.216055
-9.179373
-10.044229
-5.352304
-1.920251
-4.556312
-8.525418
-10.901020
-10.037526
-9.998564
-2.674147
-2.430970
-4.853058
-6.832395
-8.432898
-5.263371
-5.234215
-1.541900
-5.955050
-0.312451
-5.495488
-3.686814
-5.174355
0.694600
-0.553254
-3.060513
-1.478093
1.902701
-4.652238
