-4.383505
-2.691313
2.400780
5.925471
0.259332
1.438713
-2.647673
7.202672
0.887381
4.983403
4.731814
1.616565
-0.951475
0.763038
0.505182
9.766122
2.442073
6.350222
1.280072
4.119444
3.730784
3.677222
10.086486
7.938279
9.241299
2.377890
5.024340
2.873414
10.829750
12.835838
12.390869
8.860196
11.095168
12.647128
5.728946
9.282658
4.186507
4.768576
14.066286
5.343868
4.739584
11.704024
10.202658
7.253355
6.104308
14.341378
8.181562
11.761694
13.254904
6.646032
9.547943
11.899737
9.895511
7.521173
11.214572
13.737498
13.880076
13.648091
6.604155
5.907518
12.276911
8.140094
9.269814
9.911374
13.607939
12.669001
10.970902
9.665907
10.674571
8.379665
5.741765
5.911043
3.140362
11.911009
2.616155
7.338611
11.071183
7.662974
6.583482
4.880158
5.154250
5.898688
9.573879
5.476805
8.234720
0.890868
7.157799
1.389980
-0.932514
5.355689
5.131664
-0.605795
3.382674
5.447272
3.758416
0.999213
0.482327
-4.002849
-0.393986
4.681609
-1.465563
-4.901331
-0.102862
0.189269
2.609953
1.117642
-2.554550
1.192317
-7.098738
-0.288251
1.023256
-0.010743
-2.548318
-3.432174
-6.710469
-4.160649
-1.660395
-7.542805
-6.420494
-6.236841
-9.537761
-2.491984
-3.264321
-9.554959
-11.625715
-7.948881
-9.254389
-6.147216
-12.606843
-10.602585
-10.345015
-6.487872
-13.172690
-6.610414
-6.099154
-8.561397
-10.401833
-14.246348
-9.816928
-11.715509
-7.378475
-10.881019
-11.004828
-8.255366
-10.386053
-6.881902
-11.888829
-9.508292
-11.115873
-5.996278
-11.351141
-11.279314
-9.098271
-13.400648
-9.349802
-8.675776
-11.058648
-11.275065
-9.795059
-10.748787
-13.989149
-14.082144
-10.233787
-6.563643
-12.965953
-6.851726
-6.505076
-4.664911
-10.085690
-10.584942
-8.403237
-9.179753
-10.439578
-2.541119
-2.344125
-1.885488
-11.149641
-8.403620
-6.780740
-1.741279
-7.980096
-2.276295
-8.592017
-1.204421
-9.025691
-0.020412
-1.540690
-3.622480
-5.570411
-4.083201
-5.791233
-5.018233
-5.643634
-1.269867
-2.842032
2.570344
-2.379489
1.828889
-3.242552
4.068537
