-3.489673
0.659795
2.668084
6.006492
5.779072
2.631088
3.770629
-1.550957
5.773668
7.837871
4.484110
6.208614
5.188534
9.205969
0.643070
9.307172
5.304183
8.031166
5.934318
10.396718
6.719293
8.630524
4.342574
6.834676
3.338567
4.277376
4.290164
9.603645
3.056775
7.123111
6.079163
3.660476
9.986124
9.019898
6.291386
9.707435
11.761838
14.235672
14.067188
6.716201
8.930885
7.462885
12.261996
8.587061
12.597090
9.485836
6.265985
6.922795
9.132013
12.751111
6.541349
8.290116
11.190452
7.154551
5.002930
5.455694
7.323083
7.903621
7.898209
6.230566
8.439872
11.786304
13.684585
4.079155
12.211620
6.513230
5.391697
7.998599
11.772788
4.873749
10.651794
8.088371
2.862203
5.472868
6.323901
2.758915
4.221389
9.315212
8.312597
8.677371
7.882644
6.734778
0.381729
5.920320
7.985501
4.603203
3.393811
1.245317
4.452471
1.194213
-1.482962
4.840208
-0.274376
-1.867344
0.813656
-1.634547
-2.291009
-0.996020
3.171382
1.025419
-5.017003
0.527868
-1.623604
3.060192
-1.425652
-4.558858
1.832787
-4.491365
-0.246151
-8.033802
-0.742403
-6.303610
-8.565357
-7.102651
-3.677288
-3.620912
-2.690703
-6.852410
-9.656953
-9.823208
-8.898625
-9.101335
-6.010475
-8.905690
-2.445479
-4.024563
-8.554839
-5.492769
-8.265367
-9.959323
-8.705575
-13.015586
-9.266358
-4.614353
-4.164512
-11.661520
-13.392352
-13.721757
-9.954564
-8.890546
-9.580764
-12.974811
-10.030503
-11.249368
-14.726674
-7.581546
-9.029586
-13.519271
-11.190915
-14.773536
-6.017327
-6.999266
-8.270154
-12.419402
-8.763052
-6.407996
-8.404360
-9.369393
-12.499717
-8.824986
-12.395683
-5.055659
-7.768742
-11.818555
-11.911595
-7.745954
-11.288903
-12.053388
-3.860959
-11.298967
-3.007137
-10.271041
-8.247996
-10.309208
-10.986026
-7.268454
-9.809995
-11.368649
-7.592335
-10.333381
-7.977380
-3.697480
-2.029986
-7.757786
-3.756932
0.207525
-7.396500
-4.242421
-3.242176
-4.648751
1.255937
-3.064689
0.695878
-3.733341
2.430398
2.637513
-4.469188
-2.595206
-4.136178
0.289567
