-0.313973
1.021534
4.310118
-0.229495
0.091875
-2.340416
5.605340
1.166782
4.747543
-0.889822
4.299645
8.174230
8.664796
8.109807
0.350809
1.841474
0.330858
5.276619
8.934906
2.720114
8.442198
7.928430
4.523878
10.018149
7.569480
11.063196
3.893483
8.184965
8.605638
8.791106
9.473458
10.647327
5.492203
5.312324
3.964298
7.788811
11.800880
11.185831
11.789358
7.316421
6.965014
4.823468
8.890848
13.483211
5.564711
4.989987
12.471758
6.124213
11.156993
5.656553
6.735409
13.042257
11.006923
6.786052
8.585142
9.454712
7.355544
11.423591
9.644561
12.214781
4.577391
6.153456
9.672827
12.897866
5.661235
11.480038
10.638324
11.249922
5.070051
11.491643
6.849076
4.459837
3.384877
10.237723
7.160948
9.796848
7.552944
2.370861
3.792040
4.320387
7.764877
1.659738
4.781620
1.213670
7.041304
-0.044255
3.767541
0.162008
1.729382
8.069593
3.949011
4.925202
2.085466
-0.291787
-0.518659
4.775497
1.348683
5.323366
2.111286
-3.007894
4.224833
-3.417993
-3.341167
1.251712
1.819269
-3.707073
2.133389
-4.105127
-4.482706
-5.989751
-7.439856
-6.036278
-1.856866
-8.630126
-3.778911
-1.646739
-1.307156
-6.274981
-5.870720
-0.935631
-3.710589
-3.233709
-8.005445
-5.670084
-8.825936
-9.763825
-5.460270
-8.312750
-12.302060
-3.414467
-10.051258
-10.174318
-4.995002
-13.672437
-8.087551
-13.249877
-4.789062
-14.087886
-9.832568
-9.853771
-6.839534
-6.849653
-7.714919
-6.563878
-8.285736
-9.359648
-10.845005
-11.538020
-11.938981
-11.657500
-7.256063
-12.907806
-5.979410
-12.439781
-5.868803
-13.106384
-12.305622
-8.887057
-5.682131
-5.753858
-8.745223
-10.529065
-13.367599
-10.404802
-11.510460
-6.948254
-11.957915
-5.651879
-11.376907
-12.047711
-3.180417
-5.180646
-7.769671
-8.389864
-5.818545
-9.969945
-7.222200
-1.634749
-2.644978
-5.068563
-4.978018
-5.264591
-9.979843
-3.241777
-5.476176
-3.941451
-0.443064
-6.167421
-5.126585
1.654799
-5.409389
-6.585174
-4.205785
1.903695
-6.460461
3.549687
-2.903334
-0.370546
-1.513556
0.497444
