-3.291851
4.822314
1.727746
-0.075999
-1.922906
4.765770
5.031093
6.303837
3.538240
5.276171
-0.006071
5.413984
5.973224
4.872674
6.816728
6.848435
6.914927
3.263700
5.601723
4.008327
4.634680
2.196996
3.879671
10.690533
10.536003
9.767819
3.677147
8.939217
6.805984
10.233106
7.829896
9.419520
12.876236
4.842984
5.582260
13.119146
11.227998
12.085820
13.885080
10.160179
13.001914
10.752747
6.337862
13.306823
4.940457
5.139943
6.456435
5.206347
14.091542
11.856547
10.770326
10.704023
9.638625
7.262980
11.297157
13.062855
14.208927
11.538180
8.219522
6.952753
10.011949
14.026048
9.933624
4.841243
11.260643
9.473936
5.799782
7.397499
9.979366
5.844050
4.616993
8.693869
3.695189
10.906457
9.236264
5.801250
3.728089
4.702089
6.784316
10.444296
1.594087
2.188358
1.108566
8.568201
3.242694
4.059984
3.846704
2.191566
0.632606
6.603943
-0.914151
2.030541
-1.891019
-1.000546
3.036393
0.483579
4.567414
4.652479
-0.514006
2.830548
-3.915240
3.773584
-5.896130
1.876626
-1.900823
2.663959
-4.200466
-3.234496
-4.813697
-1.894982
-0.324572
-8.222383
-3.540841
-6.382175
-8.685926
-6.561460
-4.283522
-6.021497
-6.152910
-7.797535
-3.328948
-10.819659
-7.887422
-10.832779
-10.100778
-7.492119
-5.825742
-11.945512
-6.645058
-9.654118
-4.065746
-9.625734
-4.425395
-9.410408
-6.641384
-12.953147
-6.473662
-8.253819
-6.389572
-11.622645
-14.238156
-11.542765
-13.640608
-4.937501
-13.743181
-13.936066
-12.600342
-6.777841
-7.692239
-8.059676
-9.410716
-12.009139
-13.477710
-12.646505
-14.147127
-14.045423
-6.369970
-11.066017
-5.480798
-13.083087
-10.422997
-8.434940
-7.521308
-6.898146
-12.446607
-11.461452
-6.257682
-4.606893
-11.669905
-6.728021
-6.778189
-9.878050
-11.245205
-6.771866
-5.772023
-2.898401
-9.726941
-1.831811
-3.966249
-3.824181
-10.038468
-4.342816
-9.178115
-0.554102
-1.990653
-3.548956
-4.079250
-1.936005
-5.990057
-7.716279
-6.925052
0.790812
-3.074870
-5.688177
3.361436
-6.209797
-0.795225
1.129393
0.197777
3.773532
