5.129386
5.129966
-2.334965
-2.661168
-0.047983
-1.694802
5.411458
-2.063749
1.110151
0.864397
6.059726
1.353880
2.493906
2.821078
1.892543
1.055694
2.880482
7.997082
7.066588
10.864675
7.391913
9.651261
4.626706
7.624227
9.328644
7.894087
11.773157
9.327470
11.850524
12.517995
12.287768
10.594262
12.116789
13.233020
8.154876
8.673903
4.405503
6.675493
8.559720
8.206106
10.244487
9.045628
6.706574
14.397672
11.288553
14.515882
14.185942
13.749292
5.482768
11.894860
6.528083
5.282036
8.098131
11.850166
8.071822
7.247297
5.334035
9.368755
7.779022
5.731511
11.787367
12.981214
6.819125
13.152579
8.444966
13.331354
8.499040
10.588091
8.275785
7.224660
6.932413
12.228941
3.699071
6.035926
11.096689
11.733729
7.968910
5.744889
10.141885
5.045506
5.475094
6.854970
0.401788
5.670842
8.793643
-0.278218
5.588375
3.546910
3.303985
2.891512
-1.772746
0.421703
1.139650
2.044815
2.311380
6.161117
1.118813
0.955473
-3.561678
2.472912
-3.348501
-2.706052
3.338611
3.060587
-0.995588
-0.577560
-0.790638
-1.419151
-4.797359
-3.258828
-6.908512
-0.441354
-1.335995
-2.671767
-1.226967
-2.904672
-9.418206
-8.065750
-3.797862
-3.604527
-1.939606
-3.681640
-10.322640
-3.977677
-10.187430
-10.437490
-10.613151
-10.187155
-4.079226
-3.380749
-5.007719
-3.849340
-9.526795
-11.433139
-4.522629
-11.286902
-10.040897
-13.582053
-8.975342
-8.213317
-7.468758
-4.755268
-12.669766
-5.278590
-8.236448
-13.118938
-14.742715
-14.919789
-12.160873
-11.828447
-6.028333
-8.499099
-13.922741
-13.294077
-5.208199
-12.521928
-11.467200
-12.853749
-9.357017
-4.571047
-7.306807
-5.268300
-12.638861
-6.598301
-10.598564
-11.851152
-5.168307
-4.457102
-10.766443
-5.962049
-11.840989
-6.226017
-7.626697
-7.316593
-8.158578
-7.152596
-6.951965
-1.819359
-5.336423
-1.683897
-1.964479
-7.177593
-2.501124
-0.884541
-1.673407
-1.451265
-4.189195
-2.124026
0.255143
-4.801768
-1.463147
-0.321879
-5.857083
-2.800395
-6.261876
-0.961748
-4.418759
3.289305
-4.719984
2.077071
