0.341268
4.373606
-3.713660
-0.445125
-2.649581
3.010138
0.743571
1.579241
6.583106
-1.787806
4.234396
6.658120
3.484242
6.484943
-0.166283
7.589869
2.938675
0.818373
1.468513
2.467293
3.682193
7.736517
8.947719
5.268528
5.227094
3.788777
7.280276
10.540225
6.527601
11.722170
8.582631
6.785948
8.756056
11.161706
7.849556
10.044733
6.847278
10.506080
6.070178
5.033568
14.432686
8.286602
4.760068
12.166382
10.519257
6.907134
11.381135
7.624293
6.341626
14.581762
8.594287
14.260771
11.007840
10.848400
9.191339
11.411210
5.527984
5.725765
10.463398
8.859146
8.410796
10.156424
7.263285
10.392923
13.273693
10.760460
6.439133
11.591014
3.420282
13.082618
12.176234
6.703749
9.124840
10.886013
9.092974
5.912543
4.308855
11.349651
1.390661
8.954532
7.930176
4.920138
2.994403
6.347880
6.959123
2.040344
8.867674
1.348350
-0.489308
1.350540
5.051322
0.253281
2.463900
5.764341
0.709514
5.670736
5.099380
-1.891920
-4.432324
-2.079814
-4.115199
-1.291186
-2.476708
-0.630562
-6.389031
-4.368394
0.577359
-5.314172
-4.704364
-7.121859
-4.726266
-0.477453
-0.699411
-4.722808
-6.292164
-5.278306
-6.818479
-9.778355
-8.605825
-10.055555
-2.897075
-2.161412
-8.025999
-10.713409
-4.339683
-2.606390
-4.959993
-8.006784
-8.284726
-9.621926
-7.780412
-10.675203
-11.007480
-10.525541
-10.960710
-8.143425
-9.576799
-14.061829
-11.150989
-11.202927
-6.791441
-9.491892
-6.804901
-5.175978
-7.790386
-10.654806
-5.976744
-11.689056
-13.629857
-5.610777
-12.524686
-6.612918
-13.573319
-8.253533
-10.754810
-11.531708
-13.489291
-11.259303
-14.021057
-4.859850
-8.248487
-4.442362
-7.562568
-11.786266
-6.478794
-4.450883
-12.654653
-13.410865
-8.601502
-7.989192
-7.887382
-6.453094
-6.480689
-6.726305
-5.452201
-9.592025
-6.252543
-5.066149
-1.927707
-1.794122
-10.549125
-5.662943
-6.401374
-6.989645
-8.893883
-0.319169
-2.643974
-6.334011
1.254456
0.918357
1.403737
-5.294135
-4.395415
-0.048532
-0.376385
3.121551
-5.672219
-4.182144
3.534292
0.635048
