1.209735
-1.919348
-0.985184
-2.981864
-1.333213
4.259375
3.934466
-2.100246
3.949055
8.057125
6.580473
-0.643565
8.930548
6.589541
2.670600
9.156029
2.033928
3.278073
8.916692
8.400746
4.455594
10.568008
7.816754
10.940175
10.787155
12.209954
12.265075
12.276392
7.449519
3.186766
11.507994
6.691418
9.234321
6.840961
9.675417
8.029941
11.483526
5.345697
6.070236
6.582942
9.757032
6.233173
7.807243
9.697549
6.009340
9.061932
5.789439
4.981688
14.391300
7.832375
12.439458
5.491962
6.401863
6.285493
7.602964
11.543276
9.798405
14.470208
10.868984
7.370877
8.301958
12.245201
6.936326
5.705898
11.242449
12.789350
13.104757
10.053885
11.215724
9.949571
8.311474
3.396865
6.564538
6.823377
7.525564
5.801609
10.367726
9.700660
8.485420
7.107927
3.861998
3.685050
6.724698
4.197275
1.474264
0.279104
3.196678
5.339890
1.072142
0.373428
-0.230352
5.932067
5.014508
2.164842
3.951020
-2.106779
1.313906
2.579722
0.183738
-1.834339
-1.727828
-2.534109
-0.840908
-5.518752
2.528959
-3.814636
1.477198
-1.882024
0.342956
1.587709
-5.840370
-7.910840
-0.167023
-2.105881
-6.712319
-4.728675
-9.049153
-5.702324
-6.348000
-5.845100
-5.665438
-7.597834
-5.481897
-4.820128
-2.161783
-9.069689
-8.946204
-9.730296
-7.849737
-12.619432
-5.099623
-13.385398
-5.939938
-13.510149
-8.522081
-6.541874
-13.382361
-12.442171
-5.034682
-9.470448
-12.466676
-11.420468
-9.419027
-6.021331
-5.051453
-7.436554
-7.146100
-7.684414
-14.036574
-10.953928
-10.148978
-9.441338
-7.911224
-13.402958
-5.592742
-8.793504
-14.184763
-9.028054
-12.274759
-10.383386
-8.867919
-13.873991
-13.367943
-6.434869
-10.669094
-4.925865
-5.115212
-5.078981
-9.350754
-5.630957
-12.230214
-8.642315
-6.487162
-2.579639
-6.272640
-8.967054
-9.376526
-5.735370
-10.432662
-7.700137
-0.766927
-8.875169
-9.227103
-3.156414
-5.835367
-7.698004
-8.746681
-7.523869
0.698484
1.240282
2.195058
-6.068848
-4.152571
2.022678
2.172876
-2.911442
0.656002
-1.728416
2.908895
-0.693612
