0.760737
-3.014823
5.558848
1.549757
-1.227757
4.276555
1.177478
-0.481960
4.699845
-0.185284
5.255052
3.424702
4.591637
8.563227
1.636918
5.119156
3.186736
4.728936
7.812079
10.437526
6.989550
3.730054
10.194708
7.034256
10.335503
8.726963
7.426840
8.831099
3.126680
7.783882
8.657937
10.167635
7.298789
10.948824
8.283712
10.604776
12.248697
6.886831
10.589376
13.155583
5.534697
7.625362
6.681735
7.786431
12.849795
12.403467
13.146317
11.084325
8.444809
8.255000
9.797370
9.167700
10.401259
8.179694
5.045850
13.549418
11.119762
7.393521
13.417136
13.950601
6.483689
10.101336
10.894893
10.346842
10.645958
9.770868
10.972459
7.158119
12.557180
7.974898
5.048103
5.111847
7.500038
4.251660
2.610777
1.853129
9.908847
10.523873
3.734611
3.659025
3.308780
5.391308
0.499496
5.862466
2.906359
5.919840
0.659297
2.552226
3.344617
-1.789766
5.026399
1.230356
-2.053839
3.294501
6.157990
4.285917
-3.903273
-4.012594
-4.407827
-3.601570
1.806869
3.135754
2.026508
-4.225871
-4.595891
2.037395
-3.420944
-2.396090
-4.935245
-6.036589
-3.380420
-4.766977
-7.360557
0.400492
-6.162348
-6.338726
-6.129221
-3.116643
-7.810106
-7.480273
-3.797867
-6.856571
-7.759185
-8.284588
-6.391908
-8.722971
-12.383727
-7.782593
-3.620930
-6.206955
-7.891625
-4.731290
-7.517715
-4.097947
-9.983309
-13.831576
-9.065670
-5.237718
-6.457119
-11.857517
-12.749983
-5.439432
-12.753160
-7.668225
-9.009876
-5.710341
-13.134623
-11.012409
-7.673191
-7.852393
-8.201165
-12.919279
-8.169336
-13.642279
-7.787170
-5.513971
-14.080070
-14.208160
-8.418887
-10.820895
-9.068325
-9.911879
-7.987347
-9.449998
-11.134809
-8.367323
-4.770004
-4.462297
-6.099360
-3.475957
-8.807929
-7.488749
-3.234580
-2.499238
-7.872522
-10.835299
-4.051622
-4.570393
-2.380510
-9.393221
-3.912076
-4.105573
-8.023245
-6.462110
-5.404956
-5.346735
-2.556027
-0.733250
0.045229
-4.477801
-5.039835
-0.813299
-6.379201
-6.359124
3.415444
3.536812
2.197224
3.004185
1.474965
4.860818
