-2.985549
-0.480365
2.895643
4.303046
5.936139
-0.290113
5.442525
5.797827
2.424378
-0.837963
-1.042011
2.101096
0.371301
5.589170
3.083303
4.452066
9.538715
0.630661
9.842720
9.065136
2.454859
3.413579
5.729117
5.821681
7.461346
8.135580
8.351014
4.634715
11.885140
4.733660
12.191503
7.637471
5.323279
10.719876
5.954847
4.216738
11.778798
5.678736
12.081563
6.182575
10.860715
4.730698
5.882640
9.084611
6.919166
5.454238
11.244176
11.634453
12.836605
12.994839
10.361298
11.874857
10.449209
12.852491
10.598278
10.828471
11.958381
11.697035
12.689620
14.397731
10.414516
11.134796
6.992923
6.336288
5.609092
10.437006
8.596988
5.597866
11.950410
12.353237
3.771044
11.933204
7.790533
10.474517
4.749726
3.482318
7.408194
2.253016
5.702811
6.528037
8.376267
0.901467
0.456974
9.515211
2.104912
7.649685
8.881275
5.783907
8.050534
4.198556
-1.133600
0.825413
3.595764
5.926552
-1.847281
4.139821
0.789724
-1.802654
1.817607
1.908812
-2.812940
4.082429
2.026199
2.951372
-4.815779
1.450521
0.758616
-3.527999
-2.618379
1.753008
1.351456
-6.263354
-3.939719
-7.185702
-3.105215
-6.307697
-9.014208
-0.366654
-0.913893
-8.888797
-1.699948
-1.740924
-9.160029
-4.905082
-6.158952
-5.161338
-10.413473
-4.074456
-7.130680
-7.307226
-6.102506
-9.543536
-10.738072
-11.031979
-7.278957
-4.554783
-11.481926
-13.555103
-9.648517
-7.629544
-7.834495
-11.855079
-8.687776
-7.791709
-11.711218
-5.156832
-13.531846
-12.842114
-7.213483
-5.031782
-7.763182
-10.719655
-9.337556
-7.301110
-12.544008
-10.509610
-6.471252
-7.737199
-5.209221
-12.944182
-12.924786
-9.343088
-12.958999
-4.143801
-7.026608
-11.830625
-9.025183
-7.861789
-7.373218
-4.274717
-11.754895
-2.912147
-8.114966
-8.107148
-5.189004
-4.767052
-5.025129
-2.108289
-6.026566
-6.363423
-9.806034
-8.739883
-1.410606
-3.211397
-5.135406
-0.360565
-5.816326
-4.299112
-4.569756
0.730015
-2.694940
-4.979015
0.497034
-1.648868
-2.067000
-6.243466
1.581672
-1.943071
3.972006
3.963750
