4.936549
-3.212285
5.832864
5.604423
3.663451
-2.355983
2.543629
-1.254739
0.343757
1.293889
7.937928
5.536081
0.054395
6.231816
2.427794
3.693560
3.178091
2.380380
4.767660
1.207237
2.378962
9.987568
8.956380
11.571025
10.282000
11.194302
7.869263
4.209514
9.199425
11.841365
11.091433
10.106372
10.765575
5.848266
9.763926
6.630782
8.474270
10.490313
8.213829
12.744598
14.340955
5.446286
6.034784
10.684024
11.851770
9.923086
10.111813
13.940419
5.879966
8.531337
7.841972
9.838360
12.936190
11.940248
5.717535
5.696901
12.503318
10.392806
7.147266
9.196026
5.390696
4.422507
11.972779
7.083472
11.878635
7.679105
7.349147
11.903340
4.889289
6.773630
8.930992
4.178137
4.876611
3.625299
5.973359
9.495518
4.494005
10.433935
9.891771
5.599653
8.026217
3.074811
6.553044
1.625334
4.607337
6.168580
6.685687
5.111040
1.551918
5.758357
-1.792631
1.618500
5.803683
4.351070
5.728547
6.025917
-0.355519
0.689932
3.567985
0.789488
0.837116
-1.620891
1.073542
-5.398807
1.711158
0.868505
-6.071706
-5.791995
-1.624736
-0.009885
-8.067604
-7.010741
-1.254191
-3.356139
-1.410191
-6.364011
-10.012280
-3.342236
-3.699064
-8.936085
-9.644143
-2.213444
-3.054190
-2.554173
-11.451227
-9.501070
-9.831668
-8.648253
-7.884153
-4.046020
-7.973214
-12.596449
-4.016968
-13.484044
-4.105930
-9.566647
-7.508164
-6.176229
-5.882801
-10.818183
-13.838074
-12.497859
-9.788440
-6.942158
-10.492316
-11.081749
-6.511839
-5.528362
-7.679973
-13.460425
-11.032220
-12.713036
-10.604300
-6.068656
-5.455096
-6.841505
-7.661922
-5.927400
-12.436921
-6.509371
-8.727233
-13.584492
-12.610084
-9.305469
-11.903606
-12.878679
-9.856587
-5.909263
-3.372067
-3.479146
-12.823110
-3.679433
-4.521355
-11.223407
-7.174788
-3.358218
-4.616972
-4.369465
-2.189571
-10.622088
-5.736906
-9.786129
-6.286181
-4.989684
-2.546129
-3.859234
-6.083196
1.032346
0.231606
-7.694382
-1.947850
-2.866373
-0.520946
0.239166
-5.022846
2.075430
2.036900
-2.273601
-3.885471
-4.683520
