3.458896
5.597754
4.150295
0.037718
4.899459
6.577815
0.369895
3.603800
4.360930
6.889095
0.461855
-1.038537
7.005881
2.649661
2.570481
5.038888
6.220838
3.587020
2.514448
9.724480
3.525529
7.192019
9.458171
3.440161
8.236361
5.765732
11.051365
12.584437
9.725084
10.767494
11.916860
4.774467
4.040034
7.573992
10.209937
10.401779
4.178379
9.002995
11.595506
7.154329
4.627315
10.795641
7.258821
13.213001
10.850725
5.476287
10.784415
6.475960
9.478892
6.982696
7.161494
12.060012
14.094204
13.434271
13.392867
10.420368
14.540092
7.785782
5.662340
6.940049
11.759446
7.728937
4.656447
13.261283
9.834670
9.234265
4.597651
4.775537
11.895979
11.625502
4.342436
6.563244
6.967139
8.342897
11.561905
10.124262
6.319059
4.103513
6.688354
9.098922
6.390232
10.206596
8.794270
6.445277
-0.326165
4.528564
0.910706
2.243018
2.241548
2.972040
1.089666
5.708386
6.059812
3.417716
3.058529
-1.311314
-1.265692
5.349574
-1.936336
-0.704336
3.498362
2.385819
3.491422
2.739672
-3.381419
2.218173
-6.217627
-2.712466
-6.420047
0.374430
-3.629764
-8.068542
-7.011709
-1.736249
-5.607431
-3.735546
-5.295332
-4.520133
-7.814073
-0.956241
-7.147330
-7.528197
-4.629468
-2.853696
-9.045849
-7.116335
-3.885634
-4.237085
-10.110307
-3.285928
-4.522494
-5.909586
-5.969188
-8.693939
-8.400980
-8.887654
-8.997378
-9.319281
-5.986113
-8.179139
-12.347279
-7.681980
-13.431696
-14.146152
-7.291193
-9.493871
-5.125364
-10.639213
-12.613343
-11.820804
-13.599344
-7.538834
-13.686634
-11.044602
-12.913493
-9.539997
-9.678525
-14.457474
-12.057662
-11.053961
-14.002512
-9.455224
-13.021710
-11.093160
-9.076831
-8.492035
-12.264105
-4.799106
-7.579242
-11.603132
-6.894324
-11.095616
-6.327027
-5.961338
-6.954816
-6.644940
-8.172150
-3.385147
-2.509069
-10.820747
-8.807765
-9.726248
-8.042860
-6.819664
-3.977633
-4.982335
-1.538224
-1.441552
-7.653213
0.019005
0.473288
1.181552
-4.466083
-0.059159
0.577031
-1.595771
-0.790959
3.625488
0.520351
-1.588175
