-4.238759
4.206420
2.265249
5.642493
0.305461
-2.372867
6.092132
5.475917
0.570557
5.511148
3.618132
6.820977
8.000613
4.397505
5.386381
5.085515
2.021975
0.692971
8.080950
1.363755
8.907730
3.672069
3.574900
4.623285
8.253568
4.494353
5.204628
4.359221
12.872083
9.670148
8.321269
5.617111
5.127979
8.389590
8.906558
14.030777
7.717491
13.114389
10.760795
13.020655
11.021903
12.518705
13.110369
11.482739
13.622869
7.461905
7.558351
8.228142
11.746983
10.097063
14.233434
14.103097
9.108367
10.290680
10.083626
12.641638
13.122813
10.891794
11.766160
6.932767
9.312518
11.821431
6.580278
9.062125
8.426811
9.532704
6.638460
4.993475
13.078179
9.726828
11.654956
5.375454
3.051429
7.444827
4.764310
6.666760
3.389409
5.601048
6.848165
3.947295
1.091151
6.326779
0.475101
2.331484
3.573323
6.861720
3.732960
8.004093
5.405845
3.229631
1.672353
-2.498174
6.669662
3.159075
0.271011
1.761413
4.319755
-1.709860
-3.452841
1.307562
0.153001
3.348020
-0.018705
-0.985503
-5.612597
-1.313175
-4.290536
-1.562206
-5.437599
-7.043881
-3.364302
-5.063317
0.410301
-4.233273
-2.797543
-8.584594
-4.095324
-7.732925
-7.808046
-8.305758
-3.842507
-5.108246
-8.653127
-4.079110
-2.463939
-5.744812
-8.870786
-5.878115
-3.117758
-10.198945
-7.720386
-9.368248
-5.379370
-9.167469
-4.528770
-8.623561
-13.719758
-13.853877
-7.425862
-7.017407
-5.840976
-5.820059
-13.007574
-10.758105
-6.887186
-11.481551
-11.454776
-8.559772
-9.512545
-14.656955
-9.710157
-14.593711
-14.411999
-10.380412
-12.074019
-12.475536
-9.846567
-10.333412
-9.084281
-4.891101
-8.059692
-9.149715
-4.335044
-10.610440
-7.451805
-8.425044
-10.360659
-3.794297
-4.800657
-5.199966
-10.679756
-9.819443
-11.371888
-4.569345
-10.316592
-4.487316
-3.926812
-6.197953
-8.903660
-6.965029
-5.937623
-2.564026
-5.776067
-1.121359
-6.279440
0.222351
-4.499336
-1.917656
-8.249724
-5.154528
0.723850
1.429443
-4.825595
-1.851919
2.115052
-2.206855
1.884315
-2.793173
4.398652
1.922126
