1.522660
3.580713
-2.319071
0.386668
1.881167
0.517380
-0.880416
5.092738
0.169925
3.222081
3.046803
2.897146
7.184474
2.513247
1.550669
2.644991
5.894211
6.224488
2.846424
6.696174
9.628072
6.064822
10.242146
11.005266
3.474215
3.060784
10.290485
12.483026
5.333575
11.621277
3.921961
13.138061
7.617302
5.333858
8.318552
4.440031
11.861279
6.083664
7.355117
12.618105
6.695669
8.611488
8.092097
14.752100
14.537636
6.995409
11.716713
8.815102
7.709304
11.776391
11.513157
12.711443
12.854471
8.885430
6.286338
13.210376
11.190430
9.915640
10.793312
7.607422
9.809198
7.111325
7.117818
5.445718
11.748245
7.698871
11.479905
9.073085
4.665985
13.023728
4.112543
4.704873
3.907865
11.984165
5.717405
3.351297
11.610799
10.620099
10.718923
3.807854
8.169676
8.531445
2.773471
6.429284
4.721621
2.034095
5.991444
7.284734
7.146081
6.978937
3.905555
-1.914005
6.577752
1.781186
6.561421
1.312669
-2.918260
-3.609686
-0.364661
-3.845627
3.873540
-1.529699
-3.127270
2.680442
2.364793
-5.264770
-7.149150
-3.005689
-0.012588
1.017814
-7.581740
-6.110922
-6.225191
-3.410816
-2.774703
-9.045923
-4.899455
-3.427375
-10.360027
-7.542276
-3.232767
-5.186076
-9.039645
-3.770343
-11.217834
-9.747692
-3.283284
-9.282051
-9.623403
-7.637788
-4.469648
-4.033398
-6.768174
-6.338828
-5.586139
-13.984915
-8.464507
-9.068547
-7.106745
-10.189211
-7.405105
-13.097955
-10.528665
-14.375801
-10.467727
-7.903839
-9.193500
-8.881002
-8.495592
-12.337791
-5.323497
-10.935862
-9.124905
-13.079779
-14.278005
-8.999814
-14.193847
-9.667757
-6.988215
-5.580849
-14.292799
-10.207286
-9.194455
-6.300692
-6.797241
-3.849204
-11.804117
-7.952506
-11.613280
-11.813942
-6.397313
-11.596762
-9.388862
-11.245378
-7.153496
-5.862505
-9.194708
-7.324601
-5.639366
-5.678210
-2.063472
-9.542781
-3.929782
-0.720936
-6.918485
-7.834706
-4.732702
-2.176990
-6.745972
-6.451252
1.607033
-0.260090
0.663255
1.069634
-0.181153
-3.736733
2.124358
-5.542547
-3.260671
2.309126
