2.041278
-0.248021
2.500752
1.301241
5.089417
-3.033785
2.911795
4.720422
6.849789
-0.517961
0.089319
2.056800
2.010782
-0.053876
5.314633
8.557788
3.093606
5.243525
5.547467
5.499939
5.627517
11.278597
6.346516
1.883060
3.009237
8.342360
8.183206
10.486913
6.948377
5.277230
6.414752
11.872124
8.307918
7.030987
5.625595
13.579863
5.740841
5.245343
8.113410
13.016045
7.080648
12.932889
11.839451
10.415599
13.219059
7.251129
9.723317
11.137224
11.834765
14.199389
7.339556
5.742353
10.109914
13.228188
13.103265
11.766389
8.281972
12.055763
10.036237
5.418017
12.718421
12.682363
13.536585
4.776987
4.448632
8.699846
5.836168
5.943625
7.902338
3.513080
3.912616
11.371782
7.152440
4.069539
10.714314
4.018839
11.131349
7.330478
6.476968
2.321020
4.850716
1.016379
4.988159
7.775280
7.580614
6.165449
6.864193
-0.274023
7.206011
1.544382
2.359080
4.081365
-1.925558
2.043802
3.262715
2.978085
4.794658
0.894778
5.186072
1.678504
2.590180
-5.195786
-5.911206
-5.349531
-3.775676
-3.454197
0.076028
1.239326
-6.633714
-0.068217
-2.612742
-2.909425
-3.034782
-6.358708
-8.606024
-5.706765
-2.877394
-0.570721
-7.101547
-9.522266
-5.595381
-10.571077
-2.726576
-10.727045
-9.756878
-9.258670
-10.238990
-8.358080
-12.546657
-4.587736
-12.983673
-7.238744
-7.108554
-13.497970
-6.768335
-12.293128
-5.464024
-10.022554
-6.035274
-5.251686
-6.249614
-10.847174
-9.941541
-7.946258
-6.544340
-10.587043
-14.795811
-12.382217
-9.796613
-9.619484
-7.143334
-8.093475
-13.793021
-7.181298
-10.002701
-10.390290
-12.959862
-12.268749
-10.138503
-5.620359
-5.432646
-4.857610
-9.998439
-12.772634
-11.083654
-7.027951
-7.694304
-8.324271
-4.596426
-12.344733
-2.915717
-6.774828
-11.349804
-7.879970
-10.107066
-10.907475
-7.178151
-9.153345
-10.293551
-3.717846
-7.180104
-7.867054
-5.731073
-9.571578
-0.297410
-3.557858
-5.949252
-6.874639
1.338387
-2.927098
-5.123679
0.004730
1.901761
-1.997521
-2.385454
-3.801526
1.513078
-2.938859
-2.981970
3.219248
