-4.098579
3.147721
2.739382
0.432563
3.018759
1.793685
-0.059964
0.033329
-1.540970
4.885919
7.210811
8.647697
0.334894
8.255861
2.496670
8.910111
1.941866
0.957165
3.108976
2.749212
5.915926
9.236258
11.450873
3.442995
3.947864
7.830461
5.729788
9.851897
4.282842
4.154984
12.325965
6.454197
6.187751
13.314729
12.829308
9.253669
5.687202
8.794655
13.933225
6.498497
5.991824
6.814620
11.400439
9.371871
10.164848
8.570286
8.169866
13.561490
8.357826
10.193567
12.013990
7.369910
11.713560
11.811382
10.675715
9.717146
11.503138
6.995817
12.051534
4.825586
13.732381
8.286600
8.376768
7.770479
9.020071
3.990552
7.525867
12.743310
10.166501
8.319768
6.352254
9.887182
5.672384
3.582009
6.575048
4.935839
5.219183
6.563637
2.991983
5.990278
5.006282
2.889921
4.194750
3.634609
0.062710
4.813611
-0.729719
5.203664
1.990213
1.411633
6.032024
6.426216
3.275394
0.910612
4.116238
-3.376641
3.060515
1.818076
0.749225
3.116164
-3.355685
1.668940
-2.053116
0.069744
-2.467582
-4.027707
0.835800
-1.310509
-2.061972
-5.701504
-7.572990
-5.322300
-6.897182
-9.227965
-3.300575
-0.472425
-3.932165
-1.816085
-3.401556
-10.105407
-5.443807
-3.005006
-4.145668
-10.039537
-7.988718
-9.062000
-9.120875
-9.872428
-6.967852
-7.773628
-8.361792
-10.419579
-7.262646
-9.267884
-13.601897
-11.724053
-13.263114
-5.806300
-14.264484
-7.841582
-6.089492
-13.737389
-12.596366
-9.031055
-5.596167
-5.508513
-9.163493
-7.343348
-9.887380
-7.021805
-8.220323
-8.534647
-12.269133
-14.589311
-5.646549
-14.797194
-7.565978
-14.272661
-8.048987
-11.415616
-4.727424
-6.836447
-10.838407
-10.172371
-12.827317
-6.212339
-5.122273
-11.861439
-5.495430
-11.561120
-12.514573
-2.757672
-5.243760
-9.701177
-3.943751
-4.867653
-7.855515
-5.262012
-10.396610
-5.359570
-6.779115
-1.779523
-3.562261
-4.293720
-0.182237
-2.693318
-0.257857
-2.316661
-6.445751
-2.125982
-6.573116
-7.017926
-6.766109
2.956164
-2.523957
-3.618012
-5.283761
3.381006
-1.157004
-0.857769
