-0.600764
-0.750472
3.274623
4.981036
-1.983640
1.525906
7.093482
4.770452
6.774163
-1.597628
7.096646
5.659467
0.099214
1.511012
8.916240
5.020809
8.265489
5.860993
0.627912
7.189485
3.414960
10.177586
9.375303
4.830427
4.074059
7.978670
7.151801
12.355602
5.649569
3.097742
3.978976
9.405968
11.598170
13.749619
4.207612
8.551673
7.273836
5.337953
5.531925
5.037458
7.103009
8.866698
6.244315
11.774805
14.630090
5.621375
6.982626
5.971978
10.841503
10.651120
6.032708
8.402080
9.239353
14.080553
5.975799
12.724368
6.944098
14.523493
8.189964
4.550531
13.784629
6.378403
8.110719
7.327387
13.063502
6.398053
13.090609
4.113897
12.773868
6.381863
3.637469
3.367677
11.290793
2.689540
10.583728
5.962297
9.715422
2.150016
3.599133
7.191050
6.684804
0.706184
1.877456
5.327571
6.962835
8.725626
2.227657
6.688368
7.511184
5.990308
-0.019959
-0.178742
1.273733
2.824281
5.202758
4.976132
3.417640
3.157465
-0.430928
-0.281240
1.313473
-1.356733
1.353982
-6.003184
2.196619
3.112729
-3.525647
-2.238150
-1.366505
0.003668
0.610381
-4.405385
-7.538001
-8.251932
-3.585655
-4.401818
-6.881873
-3.431907
-10.389120
-1.487880
-10.704810
-8.071617
-10.955803
-5.145560
-4.604358
-4.899665
-7.654038
-12.701137
-4.354820
-5.081395
-12.394213
-10.136038
-10.513615
-11.833016
-5.699471
-13.427021
-13.459282
-7.214551
-9.955248
-9.042413
-12.608020
-6.517675
-6.925168
-6.781100
-12.572987
-9.446289
-7.861443
-9.676301
-11.765372
-8.388290
-13.528249
-14.112737
-13.909204
-7.982156
-7.368422
-8.400949
-9.449893
-12.229246
-9.201874
-10.003323
-12.638875
-10.812438
-7.627366
-6.729137
-9.241598
-11.378237
-12.952028
-9.530272
-12.776591
-9.751819
-12.033870
-7.114339
-7.141287
-12.266842
-11.636497
-2.907153
-9.451131
-6.376431
-5.926211
-6.018855
-1.877411
-7.921860
-6.816581
-3.963534
-4.036279
-6.964536
-1.977239
-1.995762
-2.756521
-1.474669
-0.108287
-0.542935
0.602076
-4.763025
-4.732896
0.867377
-1.988031
-5.098508
-3.684913
0.795963
