4.186773
1.973040
0.737942
1.077898
3.039725
3.393676
0.668512
5.617046
5.063966
7.550494
1.860540
-0.135976
0.806004
2.998870
3.630617
6.954696
4.721610
10.010232
7.691811
10.529629
2.490901
3.938059
9.122577
4.017853
7.273376
6.660816
3.648148
7.776846
9.616519
9.224651
7.666328
7.130282
7.755033
12.310712
6.471853
5.951828
12.671889
13.384733
6.228865
7.366678
7.150769
14.571905
7.581222
12.386567
8.166475
14.905699
11.954589
12.363283
7.175739
6.111312
10.104146
7.111518
11.721576
9.630580
5.603478
13.719464
10.990611
9.977606
12.575837
14.136907
8.252073
7.894874
6.602645
11.948343
13.810938
5.063786
4.595384
10.869050
7.867234
7.312515
7.970101
4.982576
3.507516
6.534933
2.612482
8.935859
8.724939
4.806351
4.399836
4.769013
5.971227
6.664689
5.665571
9.758330
1.377662
1.370223
2.416272
1.934158
2.120922
6.649195
1.759926
-0.172517
2.242091
-1.084319
2.955269
6.182178
5.684466
1.092951
-0.289583
4.935869
-2.144905
2.982847
-3.965340
1.673204
-5.573546
-6.717279
-0.105996
-6.274050
-4.406073
1.890735
1.349906
-2.190329
-8.132063
-4.926516
-4.855143
-3.043534
-3.528139
-7.490000
-2.449167
-7.290321
-5.057120
-9.781359
-9.321381
-11.680863
-4.565528
-10.577523
-4.474558
-4.856513
-10.840322
-5.291022
-11.288286
-3.549644
-5.946067
-8.709734
-8.039669
-7.472841
-9.184600
-4.379361
-6.172709
-8.205578
-14.085201
-6.340025
-12.236278
-7.751538
-9.093059
-6.512724
-7.904289
-9.081059
-6.804821
-10.190842
-12.634512
-10.848257
-6.795246
-6.509859
-13.811306
-5.455459
-13.553905
-8.881782
-9.304746
-13.162542
-6.060283
-11.757986
-6.755894
-13.162628
-12.107329
-8.817236
-9.461277
-12.957506
-9.345329
-11.038485
-11.995229
-12.019047
-8.857894
-8.528189
-5.638397
-5.162577
-7.876671
-6.340833
-10.396870
-1.038256
-7.745036
-3.222501
-3.159300
-3.534061
-4.115413
-1.104885
-3.411169
0.773365
-6.811803
-3.408493
-4.477347
-1.928362
-0.372801
-4.101114
-3.797690
-5.636022
2.772062
3.838824
1.537509
-1.529296
