0.694450
-0.114207
1.556739
4.744128
4.323800
6.190262
2.206537
4.386885
4.845011
-0.876293
7.793485
1.489131
-0.441807
0.896286
4.742389
5.123621
10.026318
1.810853
8.122386
3.797735
8.202557
9.082196
7.753628
2.356202
8.100383
10.214268
3.825055
11.887728
8.317708
4.058329
6.968025
10.434712
6.428031
7.386924
13.067729
4.078258
9.722250
7.298975
10.664157
7.771780
13.826122
10.572751
9.278262
10.680438
8.739857
5.243941
10.831135
7.849296
10.397962
10.257963
14.573376
13.112367
7.669708
10.190684
9.439757
4.886174
11.163675
5.512201
13.074656
10.666925
10.453564
12.875761
6.887892
11.226262
4.310045
12.280489
6.203312
10.754363
3.825025
6.200547
3.897219
8.968850
4.106874
10.339612
11.838992
3.998509
7.434360
3.432257
2.202152
8.740932
6.352562
7.175834
2.506596
8.193932
5.643360
2.555280
3.882081
6.959833
4.748338
3.524523
5.330877
3.614971
6.068902
6.806022
-0.062130
3.558605
5.464187
-2.212197
0.790775
-3.556414
-1.000657
0.773025
-4.059649
1.120036
0.553753
-2.669538
-4.665753
-3.016411
-0.291003
-7.746488
-5.701023
-0.445874
-4.917677
-2.824749
-8.534299
-4.676042
-4.653807
-1.789577
-7.378110
-9.275326
-10.720774
-4.598827
-5.201005
-10.666488
-4.101177
-2.739006
-4.856690
-10.663915
-8.881518
-12.443127
-6.549589
-6.820438
-3.997938
-5.910422
-6.345093
-14.017781
-13.427234
-11.668393
-4.664909
-9.125189
-11.762873
-13.734422
-11.842333
-5.147962
-11.679637
-5.803840
-10.570491
-6.367118
-6.705677
-7.567842
-9.237392
-13.890178
-8.348450
-8.063159
-8.992987
-13.193610
-12.077227
-9.452591
-7.397244
-10.311619
-4.574783
-9.385330
-13.168440
-8.743738
-5.251480
-9.120850
-11.367181
-11.309104
-4.148006
-7.003834
-11.166628
-4.928391
-8.426009
-4.174883
-2.440085
-6.763351
-9.341917
-3.531865
-8.258456
-2.414875
-1.791352
-7.677678
-7.117692
-5.940949
-0.680947
0.589548
-0.580039
-3.451263
-3.257592
-8.022048
-6.203320
1.983611
-0.514011
2.306276
2.330415
-1.974266
2.368894
1.612124
-4.783394
-3.008249
