-3.328359
-1.258759
-2.701715
1.451058
4.594072
1.141230
3.161185
1.948314
4.760685
0.373905
5.282488
6.624389
2.965665
4.616654
3.389688
1.265139
4.133989
3.422268
6.621463
3.475111
3.502865
9.889106
7.234779
4.455815
6.600791
5.381410
7.092998
3.078550
11.496390
10.963107
4.138365
9.839156
10.915617
10.490046
5.053863
10.771333
5.658403
11.557149
11.279477
7.804335
5.429304
4.991026
5.772416
12.467964
9.088650
9.480370
13.927146
5.264187
6.630685
14.217091
7.998757
12.026008
12.397730
4.985566
13.520231
7.541324
6.932970
11.715405
5.069357
9.198964
7.150318
10.652661
7.223598
6.623090
7.412266
13.284868
4.805041
7.386704
4.868610
6.191328
5.384860
5.909489
2.665988
6.953127
9.671225
3.951081
3.260756
5.174372
9.147445
4.044049
5.367356
1.556938
3.976007
4.973536
9.407572
2.709143
6.182651
-0.873781
5.240303
6.678706
-1.760306
2.721891
6.792388
6.205083
-3.104440
5.802042
4.662371
5.024614
5.206715
-3.034393
-0.688097
-2.985396
1.110364
0.134607
-3.523717
-5.239189
-5.636656
-5.710262
-5.532565
-1.765580
-2.641962
-7.631868
0.071778
-4.973248
-8.759994
-9.475247
-2.539517
-2.747785
-7.081887
-9.122585
-4.114324
-2.981158
-4.749961
-5.004555
-6.791231
-11.031562
-9.469267
-11.438001
-9.516306
-7.132466
-9.148097
-3.478478
-13.147627
-13.229255
-11.433967
-12.552817
-12.578597
-9.102158
-8.625473
-4.755323
-6.684402
-8.086352
-13.193486
-11.693863
-8.000401
-9.680977
-12.549274
-10.964573
-12.147908
-9.722312
-11.808274
-12.521282
-8.756843
-6.531165
-8.736096
-14.223726
-10.103385
-4.885175
-10.568877
-13.179884
-4.658037
-5.455254
-6.948275
-9.306473
-6.498306
-4.515511
-4.965965
-9.317295
-10.731962
-7.593091
-3.506979
-6.227259
-7.070440
-3.269744
-9.651140
-1.906882
-9.718771
-4.607988
-7.386726
-6.543931
-7.364542
-10.159036
-7.035942
-0.694406
-5.550815
-7.569251
-3.324393
-6.159617
-3.698160
-7.643964
-5.681905
-0.637000
-6.119580
-1.334936
2.894016
3.725477
-4.445143
2.508800
-1.540018
2.803448
