3.823021
-0.275097
5.068450
0.383321
-2.040220
2.295148
-0.233076
-0.167579
-0.712688
2.989175
5.583438
4.215988
7.034960
9.000553
1.027222
6.133135
3.228217
5.191179
10.469032
10.418338
8.447594
2.461940
6.971040
8.752375
6.577758
7.868016
7.659251
3.614237
9.729911
12.879411
3.679526
8.289986
8.083375
9.840263
13.720342
9.860991
10.723540
8.388844
8.006486
4.803881
14.308890
7.122165
9.981295
13.491610
6.901342
7.511370
13.863867
13.867712
12.298886
6.234091
9.770209
10.375757
9.106817
6.573313
10.136084
11.429512
10.461307
14.567091
11.463614
9.353180
9.662080
13.022736
7.647531
12.453808
6.148622
8.542540
3.719233
8.334211
10.193502
3.329950
4.122921
9.261216
4.099962
5.505453
9.996770
4.235245
9.886493
10.300993
1.751995
10.856184
2.087810
6.121421
2.798099
0.422714
2.515334
1.732292
6.437239
3.947059
1.766837
3.458421
3.076379
3.398651
0.854484
-2.108763
-2.800139
2.443524
-3.565319
-1.334524
4.463177
4.351184
-5.107055
1.723599
-5.809108
1.357977
-1.397424
-3.817258
-5.946758
-0.862386
-6.261700
-5.131949
-2.456917
-5.541836
-1.791719
0.265906
-2.863751
-4.567493
-8.977436
-7.506339
-2.330348
-5.974008
-3.506474
-11.257833
-4.336874
-10.743957
-9.453271
-3.612989
-2.977223
-7.471192
-4.900813
-7.412341
-7.550087
-9.524179
-6.531121
-7.599792
-12.711411
-7.024021
-7.105660
-11.912795
-5.550527
-7.184458
-10.243673
-6.286299
-6.788028
-8.433783
-8.164991
-12.064005
-11.014406
-9.666574
-6.175468
-11.754053
-11.697416
-6.815055
-6.409257
-10.703287
-9.119186
-5.249057
-8.063008
-12.091065
-6.427363
-12.903166
-10.997389
-13.673362
-12.269303
-10.699222
-12.048909
-7.775428
-10.286233
-12.335351
-11.132055
-9.092713
-3.302025
-12.539829
-10.957064
-8.072329
-11.849750
-9.353163
-7.552948
-3.824453
-6.474723
-6.278495
-8.109092
-6.278501
-1.172256
-1.032248
-6.497332
-3.759008
-1.022899
0.521677
-4.627359
-3.753183
-7.663167
-6.366177
2.666273
2.264017
2.000273
-0.768452
3.157364
3.136014
-2.892874
-2.515323
