-3.846642
0.570580
2.593298
0.204307
-0.263480
-0.885238
0.132343
3.125634
6.118536
5.319545
-1.527966
0.805493
7.030416
0.860089
7.719198
5.354369
3.916798
7.597150
3.717205
5.016907
4.099169
2.847348
9.866239
3.622777
3.271045
3.046744
7.628389
7.122452
4.810798
4.437415
8.841904
4.031613
11.395702
9.095689
8.318312
6.813391
7.147181
8.249505
6.361605
10.729988
12.450524
8.065296
5.691440
14.363215
10.721983
11.594629
12.052109
11.684622
9.585934
10.332998
9.363451
10.290447
10.922691
5.948824
14.463315
12.149773
9.510702
9.838741
8.866868
9.040325
14.342519
10.464598
8.808949
6.908629
9.847070
5.673769
11.063048
6.650449
7.697864
3.828864
5.744060
5.529023
3.613396
2.301652
11.167002
9.796413
3.502954
4.861728
6.070036
7.012937
2.195676
8.102827
2.539216
3.091783
3.486635
8.592508
5.859093
8.128494
7.581349
0.916978
6.263172
7.290979
3.148248
3.802056
0.475265
0.810444
3.265231
-4.127578
0.273930
-1.883315
3.635976
-1.485081
-4.538117
1.928740
-2.956391
-3.087534
-4.665167
1.289261
-1.118265
-6.551788
-7.879647
-7.704851
0.990135
-2.192974
-4.429229
-2.601350
-9.785257
-1.926155
-5.673322
-6.442824
-9.162214
-11.084266
-2.391415
-9.789299
-10.544281
-6.736045
-11.779131
-6.547921
-5.085052
-8.691204
-13.168296
-8.022092
-12.526715
-5.944338
-13.659944
-9.396509
-12.571636
-8.996969
-8.503263
-8.750038
-12.020801
-12.383887
-5.183803
-8.707289
-11.662626
-7.106955
-11.992420
-6.470642
-8.618948
-8.097364
-5.261446
-13.973599
-14.308801
-11.085010
-5.120379
-7.279320
-8.785241
-9.238372
-13.092662
-11.175199
-6.476940
-4.894837
-8.375243
-9.893668
-6.463834
-12.657249
-9.234408
-10.176232
-9.338439
-8.815634
-3.785570
-7.995986
-2.523178
-11.619179
-9.991117
-7.670865
-4.139452
-3.631466
-8.186495
-6.228645
-2.934258
-3.755853
-5.756360
-6.220646
-8.435369
-1.044471
0.615944
-2.174413
-7.179559
-1.036643
-5.479604
-4.306057
-4.645557
0.842663
-4.671706
-2.610253
-1.149022
-0.385524
1.832430
0.518243
