-3.564236
-3.435548
4.665942
2.916272
1.764189
3.146149
5.280084
1.577685
0.963021
6.007730
7.218289
7.932992
1.204845
6.493299
8.177772
7.299327
1.905201
8.548813
0.632896
6.225607
2.201724
3.441701
7.930495
4.738526
10.515594
10.803727
5.528189
3.375346
8.588679
10.340622
9.731860
10.158730
11.384033
11.098319
11.497214
13.645660
5.180748
5.014896
5.866157
9.888918
13.669212
8.714997
12.380110
12.137251
13.244277
13.805718
6.293088
12.749557
7.022027
6.899427
12.806046
11.764106
6.952478
12.938484
14.102768
8.455147
8.095963
13.600126
7.853123
7.226203
5.263137
11.636968
9.008188
11.582553
7.288551
11.319720
10.166431
6.538718
6.113641
10.983339
12.278172
5.802210
11.971107
11.122333
10.520436
6.988363
8.227148
4.484975
5.797071
2.380889
7.008596
6.298159
5.986698
5.487640
6.728217
5.959364
4.769334
8.494143
4.999455
2.899557
3.930070
-1.050892
4.032073
-2.148908
6.300239
3.693183
2.055065
1.544054
-0.297208
-2.319868
-3.457902
-3.161444
1.637709
0.898687
-6.139714
-4.735888
-5.099529
2.105260
-7.185032
-7.141138
-7.939176
1.246790
0.701766
-0.299430
-8.888440
-7.129394
-1.509699
-7.270080
-7.394122
-3.827202
-8.833935
-6.498119
-10.947952
-4.394538
-10.149221
-2.835369
-5.969543
-12.673126
-7.023112
-6.107934
-13.210765
-6.143735
-5.141992
-8.871124
-7.250086
-13.237597
-13.655320
-10.093889
-6.272586
-5.022129
-5.507951
-7.399851
-11.902582
-13.781090
-9.463960
-9.267119
-8.025771
-5.146084
-11.688365
-5.712090
-6.053912
-12.523245
-13.958476
-13.173256
-14.756492
-5.495982
-13.980991
-10.674646
-13.819157
-11.479364
-7.267321
-12.871268
-9.853599
-13.413828
-12.319728
-12.996035
-8.654750
-5.902943
-8.747699
-11.245898
-9.791468
-9.593241
-6.273784
-8.744251
-9.169562
-6.264046
-3.615176
-3.281130
-8.672850
-6.473490
-5.539742
-8.712157
-2.166716
-0.939664
-7.640451
-1.550479
-8.603042
-0.843142
-0.196095
-2.412256
-3.686510
2.172480
1.097493
-3.555476
0.745073
-3.262727
0.124133
2.396719
4.387754
1.504020
