-4.016550
4.988348
2.976935
1.808701
6.229618
6.649210
5.803579
-0.360095
6.864286
5.402386
8.195295
0.302031
3.004619
1.265046
5.062676
9.094430
7.068279
8.328498
8.825137
4.259977
2.676825
6.094110
7.766702
4.154928
6.735460
11.544060
6.478192
9.898241
6.566659
13.049433
11.979871
7.629883
12.234943
8.771308
10.350764
6.188095
5.579814
11.504208
5.372788
5.356523
11.150310
6.480713
10.539644
11.923197
14.400913
5.585628
5.366027
6.209393
8.117011
9.015152
11.917115
10.893181
13.209779
5.414105
9.627257
5.244795
14.163205
5.089151
10.627377
4.720521
4.718506
4.928561
7.193933
13.394133
11.755033
6.859064
8.456733
11.706028
9.563161
5.192002
9.366806
5.125160
9.384421
10.547214
8.271691
7.560485
2.636133
9.960205
8.770605
10.818409
7.492833
8.876754
5.295527
7.583932
6.478132
2.998157
3.788879
8.569050
4.745691
4.140033
-0.949144
4.557221
-0.132121
-0.020679
1.839351
5.653077
-1.543040
1.790184
-1.251935
0.587101
-3.069183
-0.877335
2.780291
1.190530
-6.487912
1.696084
-6.756022
-4.538470
-1.368432
-3.973304
1.263913
-5.558173
-4.097846
-1.732297
-5.235557
-1.316920
-0.293609
-4.131917
-4.083211
-1.021905
-8.720353
-7.938293
-3.525904
-4.764698
-11.707320
-7.207969
-12.317241
-10.544843
-9.875973
-6.030515
-6.552910
-9.011481
-10.742615
-4.242291
-12.825859
-5.247245
-9.838620
-8.805068
-6.389913
-4.620739
-8.536172
-10.857775
-9.178441
-9.634864
-13.676647
-6.482041
-9.594778
-10.017095
-11.102476
-10.968427
-9.643535
-5.070549
-7.712303
-10.546526
-5.834566
-10.647576
-7.813529
-11.340280
-7.507530
-4.949546
-9.681804
-4.468822
-4.547890
-5.887405
-6.424195
-11.089024
-8.891719
-6.389276
-8.804497
-4.537884
-6.599962
-2.830802
-5.999281
-10.039457
-3.129114
-10.993032
-9.099541
-6.727227
-2.564556
-2.411349
-8.596194
-8.905884
-0.559162
-0.922272
-1.808610
-8.491535
-7.243264
-2.607670
-5.554549
-5.655194
1.524954
-1.037360
0.899896
-4.623485
-5.942318
-2.298135
-5.474204
-4.997084
-3.901639
4.993016
