-3.288987
-1.186038
3.855091
-1.644358
-1.117210
-1.658390
6.868043
0.434202
5.326108
2.729639
1.636623
8.400507
7.843460
4.925171
4.802637
8.174607
9.861827
5.247420
5.880453
4.395556
4.857410
9.875732
1.875813
8.803409
8.983098
5.094004
6.740333
7.987330
6.334229
7.305404
7.713647
9.798020
4.435657
12.738199
9.573478
13.145130
12.894568
10.925570
12.846185
8.857040
10.582824
7.515197
12.080042
5.721514
8.290840
5.315964
5.797692
14.625090
14.727215
14.140252
9.428410
5.973231
6.426271
13.489432
9.928979
11.226664
11.271847
13.501102
6.186114
6.884194
6.311471
4.984881
7.839966
13.761606
6.445016
9.650568
4.248176
11.778934
6.801702
6.394916
6.081243
7.591511
10.276494
3.492137
8.279888
8.460370
10.291783
10.408339
2.186381
3.546502
7.448010
2.550076
1.892697
7.860668
4.662722
1.239798
1.986603
7.173510
5.620728
5.673101
6.388923
0.002913
1.755145
4.473979
-0.993967
5.409950
5.213382
0.040568
2.925018
4.412412
2.848290
-5.433853
-2.461199
3.557178
1.005113
0.267618
-4.582971
-3.207907
-2.460997
-7.777190
-6.842013
1.149207
-1.886317
-0.156657
-5.438790
-2.141552
-1.325234
-0.437729
-1.848847
-4.413966
-4.537818
-7.466561
-3.980290
-5.397384
-9.659720
-10.143803
-4.678561
-10.254128
-6.369314
-11.488146
-10.104341
-8.772380
-11.613783
-10.842463
-5.778466
-7.310216
-6.810229
-6.006960
-10.732570
-5.432428
-7.024760
-12.141019
-10.015007
-11.053077
-7.910584
-13.380340
-7.228016
-8.953987
-6.998860
-14.190349
-6.683565
-5.115544
-12.210416
-12.939765
-7.440193
-9.644764
-11.898372
-10.896173
-9.635615
-12.317460
-10.225739
-8.025819
-12.794866
-11.591446
-9.461841
-6.181102
-12.593299
-6.340226
-8.710584
-3.319030
-6.006247
-6.983816
-3.148384
-2.336401
-8.044532
-8.229431
-5.976989
-8.186256
-9.580176
-7.174884
-8.329735
-4.920809
-6.099767
-1.858733
-7.520619
-2.173750
-1.638869
-5.661530
0.325859
-2.914204
0.404735
-7.032603
1.849192
-0.461478
-0.558045
-0.940589
-5.112042
-2.477836
-2.946655
1.966083
