-0.354126
-0.171708
0.323344
-2.144063
5.991445
-2.411091
1.737031
-2.424535
5.793539
-0.023874
4.590130
4.244807
6.704344
8.374203
4.993518
0.044729
3.196060
9.513018
0.887392
8.759526
9.914859
5.710770
5.664794
2.879403
8.519729
7.667045
11.827751
4.816814
5.902821
5.512854
8.313110
9.590660
6.160025
12.778322
5.167962
8.409645
5.898030
5.409096
8.626348
13.272494
8.459554
13.799768
4.862986
5.268903
7.598287
11.149369
13.282231
13.927690
5.239854
13.312998
13.597782
9.836166
8.239914
7.844110
10.434632
8.776848
6.897841
7.624753
12.013926
9.214978
11.510998
13.455764
9.277105
7.878244
5.253612
8.082974
10.739907
7.532106
4.467818
4.053311
3.158689
2.738861
5.251283
7.180850
4.504667
9.099877
3.977634
6.575389
10.921320
8.499984
5.846691
8.385189
2.818854
2.003231
1.977353
-0.298328
6.071231
6.399423
7.801368
-0.515665
-1.003599
-0.868057
6.975410
4.325658
3.683702
0.503721
4.702794
5.467160
-3.121034
-3.190974
3.830755
-0.683630
-5.498653
0.583797
-5.785866
-5.575485
-3.517730
-2.782699
-1.123621
-2.350155
-6.658348
0.148825
-0.251775
0.396779
-6.368083
-6.788896
-5.622465
-6.457058
-8.850767
-3.240489
-9.270982
-1.654291
-5.466591
-2.998379
-3.740087
-2.603336
-6.165313
-7.743217
-10.675893
-4.340138
-4.754473
-4.411447
-6.229297
-4.297878
-12.768616
-8.994213
-9.648100
-9.321298
-5.615105
-5.997746
-8.163894
-11.950500
-10.115969
-9.328063
-10.761123
-8.029250
-6.005353
-12.909803
-11.839790
-13.679814
-13.257251
-9.242778
-14.290805
-10.155118
-13.664252
-7.315340
-12.292177
-6.449410
-13.133586
-9.069640
-8.625811
-14.063367
-11.789636
-13.673811
-5.934618
-9.028391
-9.410149
-6.232526
-10.130380
-11.175328
-8.521786
-6.767804
-11.908425
-10.062400
-10.786332
-7.825455
-8.638658
-4.686473
-8.331400
-1.809368
-4.940138
-5.774565
-9.221517
-4.204699
-4.054615
-7.212276
-7.622653
-2.443439
-2.033135
0.389764
-7.445281
-2.922254
-2.309320
3.070150
0.573025
-2.453327
-3.498173
0.983107
-0.356500
-1.724205
