0.755662
2.609076
0.845471
5.404645
-1.346641
5.506449
4.755694
7.172225
6.128250
5.110056
1.544401
-0.448282
8.690949
6.245332
9.122118
3.280445
0.192908
5.216688
9.599028
1.675615
3.674233
5.050625
4.546162
10.006648
6.510040
7.427633
6.935623
3.462090
12.780725
3.402375
12.009003
8.937447
7.248634
6.863168
12.056085
12.379633
13.377406
5.527350
13.946629
13.452011
5.765877
14.019504
7.100289
6.415913
13.747503
8.444464
10.107683
11.513499
10.279817
8.625704
13.133443
6.950551
10.991405
7.088569
6.011141
9.947681
12.492764
4.823409
13.116641
10.278991
13.372041
13.448593
9.387200
11.123615
8.154960
7.616630
4.120934
3.715234
13.154611
5.415932
10.697770
7.471537
11.465179
4.319209
11.637774
2.651879
11.367299
4.465002
8.302306
7.152543
5.680547
6.629468
2.280067
6.516916
2.499219
3.497193
4.511093
7.537288
1.165823
6.152550
-1.047312
3.517933
6.384542
4.826754
3.826262
0.497686
0.672230
3.281286
1.543119
-0.963817
2.901092
2.002729
-4.009345
0.378938
0.997466
2.912764
-3.433857
-3.582985
-0.439129
-2.280080
-3.396684
-2.629228
-3.753900
-6.067849
-1.113840
-8.526857
-0.579992
-3.390943
-4.828295
-10.239008
-3.667136
-4.812285
-10.630618
-3.114621
-9.087454
-10.686868
-3.149452
-12.657935
-10.522647
-7.012874
-3.394953
-11.792484
-5.647665
-7.500032
-7.766287
-7.255387
-13.337570
-5.018262
-12.157922
-12.220058
-7.329558
-11.859769
-14.219751
-6.083526
-12.700668
-12.467383
-14.190625
-9.214212
-5.802634
-7.541654
-7.043106
-5.394254
-14.612102
-10.117232
-12.788497
-13.607283
-14.387026
-6.318484
-5.972044
-4.915816
-10.432787
-8.098701
-10.131180
-13.665984
-5.945675
-4.927044
-11.007850
-8.203229
-8.750503
-8.553101
-10.309040
-8.865774
-6.710077
-2.749669
-2.739372
-11.260182
-4.619283
-5.419756
-4.150658
-6.151431
-1.751546
-6.986134
-0.574273
-6.058041
-0.741447
-4.091045
-1.219237
-4.251185
-3.301903
-4.685085
-1.293742
-0.883745
-4.098182
1.846367
-6.030112
-0.530404
-4.814861
-3.580327
-0.368094
0.047859
