-3.192437
-3.554743
-3.724874
5.407502
5.725994
-2.867387
5.260812
0.605632
0.661358
6.933303
0.475249
-0.562747
6.835176
3.994905
2.425223
7.740363
2.826548
4.839131
4.606118
1.843118
7.233139
9.483141
9.058368
7.079733
7.334301
6.943974
6.808499
6.046658
11.729212
5.047615
12.740804
3.718881
6.660979
10.821996
9.588221
8.366557
7.605730
12.951512
12.753319
12.552595
10.594723
7.666669
6.637396
9.619854
5.755498
6.075448
8.755465
9.570441
10.288246
5.770325
6.020688
13.616913
6.820371
6.095138
8.071276
5.354306
7.532110
13.129524
6.724099
11.435137
10.234699
7.500420
8.155346
12.875338
5.935954
6.282725
11.701405
4.919189
6.986183
9.641929
11.079292
11.900803
9.700348
10.478706
8.875948
5.118976
4.200517
7.360488
5.415773
2.436069
10.443430
5.109632
3.082184
2.009391
2.351684
6.339406
6.631996
4.674916
0.142061
7.027115
0.957425
0.928060
1.594406
2.193519
-2.893695
-2.654527
5.071079
0.647147
3.223457
4.626343
1.290826
-1.671544
-3.046710
2.761288
3.094835
0.248584
-6.682371
0.947650
-0.005740
-0.938999
0.835286
-8.437667
-8.553988
-5.495124
-2.256858
-5.048103
-3.683687
-10.217995
-10.199531
-0.992422
-9.145219
-3.725269
-4.009391
-3.153987
-11.674689
-2.652498
-6.821800
-7.387551
-12.368382
-7.707905
-11.816216
-11.237650
-7.261063
-6.664771
-13.844907
-13.676866
-8.723781
-9.320286
-10.344573
-6.408872
-6.460899
-12.821368
-5.340486
-11.460828
-12.817704
-9.065795
-12.901695
-8.275421
-7.043147
-8.469764
-7.983469
-7.848347
-6.156784
-13.851727
-14.094582
-5.123687
-13.833534
-6.774078
-12.697254
-10.300977
-9.568134
-6.006817
-13.135058
-4.306188
-5.360337
-8.523612
-10.499025
-10.747108
-6.428105
-5.320311
-9.970611
-7.514039
-6.901890
-10.318512
-6.114838
-7.026293
-10.215896
-9.743635
-8.031133
-6.359657
-8.960798
-1.484022
-0.119649
-3.518772
-2.408953
-7.065373
0.014491
-5.131098
-4.321118
-6.332860
-5.659696
-3.585094
0.187581
2.515322
-4.747068
-1.683008
2.399313
-2.048094
4.062214
-4.288055
