-3.542069
2.722482
-2.264977
4.383301
-0.037765
5.605016
-0.837139
-2.058227
6.190148
3.731810
-1.029695
-0.398164
0.490016
8.306395
1.501507
1.401032
5.687690
6.763501
9.496723
8.770387
9.620503
11.127391
9.912557
7.644067
6.160472
4.427826
3.169552
9.751789
9.340813
10.643457
7.497338
8.121970
4.408736
13.137883
8.959442
11.811630
13.368614
10.694431
8.274788
8.683863
13.984717
14.300115
11.453808
10.069816
12.938454
11.033213
6.396143
5.275851
12.376361
7.820964
6.578631
8.435020
4.968005
10.081264
14.489832
10.528303
6.149849
14.049890
10.588312
9.091960
8.201227
8.018002
8.713898
4.353652
6.928551
5.573228
5.988755
9.282352
6.701333
9.173881
9.185804
6.954202
9.929284
9.776215
3.199708
6.824263
8.710305
7.514804
2.545355
9.181806
10.384285
5.879451
0.890441
8.710300
6.588231
8.862570
4.349573
8.491101
1.221177
3.503491
3.577226
1.264174
3.902695
6.556374
0.558664
3.203047
-2.638167
-0.849088
2.013138
0.035997
-0.127045
-4.445768
0.519300
-5.193667
3.099173
1.224290
-5.272757
0.967879
-2.281875
-1.918234
-1.160823
-0.658958
-3.698886
0.638056
-1.846800
-8.250243
-8.940013
-0.639439
-0.693770
-8.197208
-8.043423
-8.359747
-3.444045
-11.758827
-6.392662
-11.332080
-5.165642
-10.300037
-6.614756
-4.255809
-9.713752
-11.260962
-12.678865
-7.814335
-9.104475
-12.697752
-8.885507
-8.713636
-11.181661
-5.858684
-6.262141
-6.398503
-14.378448
-13.969994
-12.704103
-14.770506
-12.334243
-13.689384
-12.788807
-5.786294
-7.565201
-13.540548
-9.803741
-5.977204
-6.917558
-11.033040
-8.814611
-14.301595
-13.586503
-5.030569
-10.185580
-11.276489
-12.318285
-6.324129
-7.929333
-13.066545
-11.720991
-12.561479
-4.904431
-10.858315
-12.654309
-12.211257
-9.099529
-9.133673
-3.632470
-7.511943
-9.631866
-10.006225
-9.719829
-6.024985
-10.471439
-3.464980
-4.662409
-1.226680
-7.647536
-3.294088
-5.381586
-6.148324
-6.205136
-4.046776
-6.939940
-5.404984
-1.794585
-1.641143
-0.742764
-1.696551
-1.702051
3.660670
-2.487049
1.860478
