2.072145
-4.368900
4.770247
1.136814
-2.365454
6.780761
0.702165
-0.038962
7.092787
0.998284
0.993184
7.327429
3.564952
5.170670
1.191876
5.960882
8.981880
5.660516
7.019604
7.807908
10.407061
7.814422
11.239393
11.147407
7.145290
4.528521
10.604739
4.041655
8.434310
4.103037
8.749119
6.896839
5.344522
9.832314
6.806236
8.704445
10.258530
10.490490
11.740542
7.673811
4.819517
14.302172
14.211785
6.978121
8.984790
5.002769
13.443894
9.045751
10.173388
7.461125
7.685331
7.285054
12.623249
8.347843
9.183083
9.859584
11.502347
12.890571
12.007224
12.468434
13.169963
9.027135
6.749630
7.299942
4.831605
13.674849
4.532000
8.563938
7.033926
4.102804
4.784379
9.972176
5.290209
2.739910
7.376977
3.210444
11.472035
11.053689
2.551213
10.102444
3.740456
6.365166
3.322627
8.535627
5.980242
0.076435
7.029440
0.680696
7.051276
5.863700
3.853708
-1.857776
2.660674
0.236891
6.432006
2.394928
5.040075
-2.989987
-0.034380
-4.361460
1.482602
-2.626335
-4.646588
0.942807
-5.484411
1.620474
-5.820191
2.261155
-7.126319
-0.963762
-4.604816
-6.667349
-6.723942
-6.016212
-6.163571
-7.123472
-3.005701
-7.511866
-3.494103
-2.236630
-6.489942
-8.530800
-3.767818
-5.518645
-9.948097
-6.616561
-10.847503
-5.961897
-6.348730
-9.383016
-11.775045
-11.465383
-4.795692
-10.536440
-4.517615
-9.645760
-4.671012
-8.981692
-9.402913
-9.400935
-11.376807
-10.038331
-5.499227
-13.626373
-13.243874
-10.995381
-8.846515
-7.576447
-6.365325
-9.568776
-9.190456
-11.870898
-6.303664
-12.722164
-7.519318
-8.593830
-8.339857
-12.212723
-6.678985
-13.638861
-13.517240
-11.551991
-9.735910
-11.493541
-10.618327
-13.391553
-7.238933
-8.859079
-12.656618
-7.975199
-9.133120
-8.440673
-11.380770
-8.036223
-4.527607
-7.726095
-3.727424
-5.307383
-2.123002
-0.901567
-5.396023
-9.375270
-1.709435
-2.570935
-5.239241
-6.648610
-7.604386
-3.246618
-4.550445
-0.273693
-1.969249
-2.073187
2.273250
0.696992
-0.115370
-3.105159
-2.697499
1.851761
-0.004878
1.092786
