2.585323
-1.481906
-0.753224
4.853474
2.501683
1.452762
3.888779
4.686211
7.414710
0.398253
2.128499
6.854338
0.496513
9.235562
8.656917
2.217528
4.281327
10.252418
2.495180
7.547303
1.316212
2.780508
5.008023
4.695814
5.053153
12.131379
12.069850
10.847459
4.672994
7.256988
10.358873
6.844130
4.320551
4.816482
7.266632
12.623243
8.738297
7.374345
11.176617
12.718431
11.387539
7.948777
11.912466
14.650209
12.833633
13.054210
7.946800
6.340764
10.724289
13.289685
13.758587
8.412210
5.193356
13.885230
10.333117
10.753297
5.278367
6.418200
12.904352
6.347001
12.112368
4.445494
5.747959
5.749921
13.496822
10.563807
5.501896
7.839612
9.191951
4.989457
12.181587
5.152722
11.968390
6.582696
9.331220
10.172662
4.643456
8.349789
2.300782
3.074122
5.437496
4.620838
1.390130
5.531905
1.192170
6.871321
1.101310
-0.250401
0.704419
6.835240
-1.339320
-0.699179
0.431164
-2.041180
-2.069440
5.008660
0.506408
0.732856
-4.451294
-3.823150
-1.337592
4.224358
2.460965
-2.715069
-5.582209
-6.590396
-2.942119
-0.933257
-0.427602
-2.042170
0.782665
-2.120682
0.991641
-6.381983
-3.906340
-4.220637
-3.513508
-4.331614
-10.454281
-6.127995
-7.116984
-3.764045
-9.006130
-11.200407
-9.794235
-2.764166
-4.036773
-10.893848
-5.061163
-6.140860
-8.410511
-12.653716
-10.177199
-10.989120
-7.032478
-9.537585
-6.690178
-11.328083
-13.862841
-9.106039
-12.508277
-7.728884
-11.543147
-12.194482
-12.395722
-13.302887
-7.701426
-9.919767
-6.443091
-13.239288
-13.311451
-11.561190
-9.500115
-6.608877
-9.023082
-8.916200
-11.751220
-11.309570
-4.800090
-10.171919
-8.641413
-13.369533
-6.446088
-5.178199
-8.515357
-6.905513
-10.334811
-13.002557
-11.135895
-4.828703
-6.421037
-3.416145
-5.307069
-7.587833
-7.565241
-9.992376
-9.612112
-5.627932
-8.677108
-9.012862
-10.314436
-5.177904
-3.689642
-8.815107
-9.022741
0.169388
-0.196654
1.239679
-3.683731
-5.824882
-5.628975
-7.091422
-1.006719
-5.753562
-1.849106
-5.210942
2.257550
-3.529155
4.465884
0.165702
