-2.980780
-1.848066
5.108709
2.557641
3.993563
0.172903
-1.953825
4.835755
-0.555117
-1.655383
0.130690
4.903684
8.178176
1.131729
7.460720
6.405183
0.099763
2.449335
8.837808
3.149803
2.397729
9.589074
6.503968
8.012996
7.128772
7.712519
9.895456
8.294712
6.028704
11.700998
5.728947
12.725246
13.541276
13.015660
4.286212
12.738226
4.368050
13.277535
5.196817
10.927069
10.656045
14.514372
7.396418
12.536720
12.146619
11.649288
11.616635
10.102760
7.900227
14.970870
14.308668
9.551182
8.830070
6.820866
6.492453
6.337628
6.439427
4.877737
12.526221
13.487319
13.602853
9.874960
13.208626
9.108230
8.020115
9.914036
11.764553
12.491665
3.498327
6.885137
11.020716
3.771927
9.599197
2.717320
10.549273
1.856937
8.664967
9.728541
6.960613
4.290976
7.590031
4.692757
7.746609
3.061126
0.728696
6.016404
6.199182
-0.762318
-0.644470
3.847787
2.708074
4.870308
5.427236
-2.664650
4.929420
2.888127
4.467290
-0.785981
-0.799706
4.193364
0.565712
2.002284
-0.025277
0.430286
-3.783661
-4.357102
-6.556992
-3.406043
-1.301794
0.023602
-5.305009
-5.278051
-7.432063
-7.258318
-1.201958
-6.815113
-5.472814
-1.012012
-3.600669
-6.795536
-4.016182
-5.799377
-2.954176
-4.811928
-9.267896
-6.603649
-6.577345
-7.070934
-10.110360
-4.718923
-9.147615
-4.933946
-13.269907
-9.145278
-13.075663
-4.084529
-7.504309
-11.839281
-11.842709
-9.532869
-13.206187
-13.698367
-14.461995
-12.035581
-11.168304
-14.395313
-10.883678
-12.156025
-10.129547
-14.405638
-12.514757
-5.082969
-9.173510
-5.696455
-8.370030
-7.338227
-11.881892
-7.650775
-13.393558
-12.787160
-10.639085
-11.487948
-14.086212
-13.895270
-9.312706
-4.211813
-11.747591
-10.292843
-9.396379
-3.266970
-9.314567
-10.148009
-9.570676
-11.268966
-2.272793
-10.887320
-5.764888
-11.310542
-8.183571
-3.191196
-8.339572
-6.781141
-4.622943
-9.069678
-0.345956
-5.521920
-4.633856
-2.584792
-6.440885
-5.787217
-5.208521
-6.255919
-0.067306
-4.814855
0.069788
-2.041989
-5.750258
2.032991
-3.824660
3.593496
