2.073147
-3.135242
-1.448469
1.520678
5.660386
-0.089440
1.475324
3.008125
5.057542
2.305062
6.373719
0.329183
4.336615
6.630571
2.834426
2.962481
0.779328
3.609914
6.318515
1.188980
7.406895
6.010065
1.939949
10.364973
6.918187
9.758659
12.376458
11.985026
8.332709
12.099328
12.909469
3.509135
7.915048
10.862038
13.246063
12.618247
13.266839
6.230383
13.819372
13.457913
7.358529
9.130003
11.725770
12.401984
11.816512
10.009148
8.046735
12.385459
11.633675
12.563707
8.038344
6.267151
9.447910
6.131338
11.843799
11.431931
8.829249
13.810047
5.582956
7.623368
6.713827
11.615554
9.282522
9.646223
6.893310
10.612934
5.130949
6.018049
9.632314
10.534068
7.195644
3.839417
8.057335
10.066370
7.848016
6.621431
1.633903
1.988451
3.734338
8.863616
3.262668
2.288231
8.701675
0.671109
1.294127
1.500959
2.239215
2.531353
7.352721
6.900410
-0.208411
3.119640
4.155654
6.651742
-2.933078
4.195697
5.294115
2.686607
-2.631322
-2.995412
-1.182484
4.309018
2.428200
-4.211586
-1.294213
-4.465663
1.665665
-5.597192
-3.248038
-2.567343
-0.561513
-2.367133
-5.101573
0.086894
-2.476179
-0.945730
-6.276095
-1.170279
-6.580800
-4.807998
-8.352433
-7.934726
-5.976659
-10.959569
-10.630006
-6.021241
-9.882507
-6.285884
-12.053536
-8.344944
-8.184022
-9.390113
-5.972599
-5.571587
-4.143419
-10.398855
-11.057743
-12.460943
-8.214061
-12.422029
-5.789186
-9.181996
-8.796626
-4.831830
-7.852287
-7.625570
-12.401287
-12.054015
-6.921397
-12.512041
-11.119434
-10.183876
-14.429646
-6.591369
-7.826070
-12.301892
-12.823616
-12.773583
-10.741046
-7.706621
-10.890807
-5.436224
-4.376384
-7.917423
-5.557811
-4.426190
-11.767860
-6.985982
-8.031669
-5.988555
-11.466416
-5.091788
-4.875022
-3.823886
-9.703897
-9.891767
-3.329280
-7.767989
-8.742628
-4.137944
-9.792165
-4.756482
-7.851960
-1.066089
-3.064670
-4.524169
-3.816837
-1.961586
-2.790492
-3.096848
0.199786
1.320765
-5.698981
-1.084041
0.422303
2.810889
-5.872949
-5.548595
2.252491
2.289714
