3.627869
-3.242438
1.607793
0.657833
5.301268
-0.617512
2.784549
-1.188056
4.946650
5.914559
3.909270
5.746973
1.452825
6.502004
-0.054864
4.001732
4.897102
6.073713
4.684041
1.227518
10.443965
3.679229
4.793945
9.751475
2.211699
6.058813
8.617751
4.296969
10.405301
8.137925
12.183338
7.558876
10.777343
12.485209
12.114449
12.161341
10.611671
9.225816
6.030827
12.666289
6.193758
10.785722
8.647968
8.546083
10.877994
6.599422
14.512429
7.997364
10.886493
14.917560
13.522866
8.207114
5.802623
9.377489
5.470165
14.136031
12.293086
7.527444
5.263882
11.444288
10.471433
8.806982
11.140351
12.961039
12.373550
8.485749
9.977191
4.834529
4.542797
3.172027
12.044794
11.015580
4.954396
4.953629
5.874361
4.224994
3.714003
3.167482
4.949720
10.719850
10.152583
4.124201
1.612812
3.672884
4.348071
6.861864
1.901364
7.703442
4.462521
0.075724
6.377422
0.762479
1.642977
2.656317
-1.324206
-0.171483
2.495911
0.724543
-1.642385
3.921609
-2.521100
-3.442867
-3.767379
-5.800607
2.885428
-6.086739
-2.597066
-3.065697
0.466949
-4.470385
0.385166
-7.311379
-1.381768
-0.866249
-8.685710
-4.112324
-0.795504
-5.960218
-10.616503
-8.753057
-6.776116
-8.885299
-4.261844
-4.942236
-7.324277
-12.010491
-2.544979
-10.756735
-10.212143
-6.174898
-6.992571
-5.358528
-9.025972
-9.034196
-3.978975
-10.050579
-7.998462
-11.656300
-10.790725
-8.061048
-8.258675
-12.771282
-12.503214
-8.532113
-5.676393
-9.998573
-10.899258
-8.673214
-11.970250
-5.526534
-5.574527
-8.671085
-14.270256
-8.757890
-12.059677
-10.436907
-11.416640
-10.896831
-10.368285
-6.019585
-8.218404
-5.942343
-8.897852
-14.021058
-6.353301
-11.250062
-10.215659
-6.782041
-9.363626
-7.623450
-12.723976
-4.491247
-10.897410
-9.984547
-4.551387
-5.846179
-7.145301
-4.200177
-10.588534
-8.975058
-0.996186
-0.385993
-2.450886
-7.205170
-4.528515
-5.508407
-4.926941
-8.194094
-2.692710
-0.151348
-1.562404
-2.840874
-2.265999
3.006224
-0.088245
-4.990106
-1.834354
-0.572994
-4.731721
4.894272
