-0.213259
1.600449
4.541803
-0.567847
0.693970
5.547732
6.997264
-1.833923
5.972175
4.078288
0.323190
3.944537
2.552258
2.744509
1.759850
8.346358
1.963525
8.470832
1.951289
9.405287
3.004317
8.538165
2.404005
5.722230
11.190712
11.593961
7.126057
9.419350
4.674467
8.121272
3.921151
5.678061
5.327113
10.058552
4.981610
13.437273
4.466613
11.528335
12.752437
10.539582
9.317870
11.935385
14.208422
10.383233
11.694302
8.547516
11.701117
5.461192
7.935221
12.207401
5.928329
14.695825
8.643375
6.158127
5.710594
10.096949
13.207215
9.867645
8.755811
14.387596
11.440104
13.637523
6.765971
9.848708
4.522740
11.044227
13.589199
7.432797
8.619725
11.992594
3.755705
7.268723
8.810253
5.457342
2.328017
5.577483
4.158443
10.418106
5.498375
8.401367
8.173097
6.420319
7.718175
0.545147
4.689673
8.331278
-0.637153
4.371288
5.802767
0.667054
-1.363173
5.380784
-0.904749
3.384075
-2.813689
-2.256944
-3.592738
4.785820
-0.476941
-2.221600
2.236423
-1.243305
-5.450643
-1.581394
-3.645054
-2.795226
0.324634
-3.218698
-0.011164
-1.532266
-5.290224
-4.769065
-5.562650
-8.394103
-0.153167
-1.817899
-0.921156
-7.445387
-3.168357
-6.968128
-3.858144
-9.131428
-6.569187
-5.177423
-6.652776
-8.137194
-4.293458
-3.523341
-12.671263
-6.997845
-6.645059
-12.881562
-6.645208
-11.526696
-13.623189
-13.085964
-12.365525
-13.631109
-10.245824
-6.770726
-5.162401
-9.132315
-5.761934
-12.963587
-7.200538
-11.999350
-14.353834
-13.917576
-8.608735
-5.512474
-9.750594
-10.324458
-10.531694
-8.130444
-14.160833
-6.013550
-14.238149
-11.422315
-6.441870
-13.452473
-5.507284
-4.767905
-4.487079
-5.879445
-5.600510
-5.050111
-12.507043
-12.977441
-5.445406
-9.066624
-4.785373
-5.594542
-7.593854
-7.994078
-10.884084
-9.330811
-9.964265
-3.730014
-9.108466
-3.586918
-2.806981
-9.596207
-0.364536
-0.629620
-7.694489
-0.166477
-4.814175
-1.527164
-8.343106
-6.216177
-5.899606
-0.820576
-6.978606
-5.359590
-1.145459
2.174788
-5.386918
-0.448309
-4.368192
4.984859
