-0.979927
2.259258
-3.442723
0.912934
2.780658
5.257102
-1.062203
3.579657
1.649395
4.973951
-0.351832
3.259048
6.646179
0.151019
3.572454
6.071089
7.136462
9.244426
3.550416
8.087182
1.181946
3.737987
10.351456
10.642157
4.403790
9.072679
10.897482
9.532242
7.105280
4.083699
7.198698
5.075548
10.402571
13.028900
11.372635
11.897516
12.461670
10.558794
11.851424
4.859336
8.548828
10.771640
4.920724
6.523561
10.520137
7.614531
12.215234
10.388353
12.802051
8.224695
7.791575
14.108196
7.846663
9.655018
5.301727
7.605712
10.696697
7.574290
7.957649
10.219603
6.218286
5.734179
6.253630
12.879059
7.370563
4.184324
7.100078
11.654249
4.470399
8.841452
7.378953
11.201763
8.029772
5.013884
4.323267
3.745380
5.797863
7.363902
6.253070
9.244883
1.693674
8.751692
1.082620
5.039218
2.299890
1.200174
3.756601
3.577395
4.744482
-0.825657
4.237057
4.220436
-1.869038
6.219976
-0.799615
3.546098
-1.177554
0.365914
0.711410
-2.272534
-1.929816
0.633129
-2.918392
-4.253618
2.357667
-3.103673
-5.003196
-1.645362
-7.501286
0.142853
-4.470318
-8.327904
-5.443688
-6.980905
-0.918138
-7.879634
-8.436990
-5.887109
-0.798919
-2.882268
-1.348113
-9.392770
-8.580042
-3.565010
-11.832581
-8.052234
-11.861505
-3.703750
-12.669619
-4.457985
-9.752062
-6.620713
-10.719350
-11.231026
-8.687692
-7.544842
-13.664240
-14.084596
-12.664895
-11.779583
-14.493002
-7.984095
-7.072677
-13.843393
-5.416134
-7.693694
-8.103811
-14.783366
-9.321755
-7.588239
-13.506808
-7.729029
-9.471072
-7.931382
-12.957835
-11.835909
-11.269770
-11.529905
-13.142678
-5.815072
-13.831860
-13.948555
-13.648776
-8.853015
-8.558610
-8.692374
-8.216148
-4.889264
-11.878405
-8.010408
-10.449508
-2.996976
-3.661992
-9.732977
-7.620277
-4.916323
-7.017449
-4.146429
-2.796334
-1.774105
-8.860083
-0.932817
-3.567977
-3.063818
-8.519117
-5.473311
-0.624747
1.203374
-0.175913
-0.416093
-2.736315
-5.978761
2.355851
-5.074404
-1.964726
-4.890393
0.552920
-5.411476
-0.326329
0.939343
