-0.071348
-2.148405
0.538679
4.690634
-0.704409
-1.025727
6.585959
-1.369431
-2.157740
-1.834720
4.140901
6.171391
6.606144
5.481346
3.726448
0.053410
2.161979
8.504748
1.201986
4.266613
3.604520
10.581613
7.776900
7.139197
4.000928
8.147030
3.979311
9.715870
3.008404
9.569508
7.898166
11.812224
6.046095
7.119394
13.411877
12.380038
10.306178
9.820551
6.991835
11.601669
11.968501
12.680771
6.212215
5.968032
5.235750
10.282202
7.148349
5.482213
6.864805
10.390262
12.149415
14.952496
10.200012
5.576704
12.324118
12.033185
8.422895
11.075638
9.766037
5.337858
8.300804
7.330742
5.523096
4.155837
7.956861
9.747374
9.894589
10.719961
9.786004
4.224471
6.523574
8.965335
10.923775
3.508908
7.995462
4.298311
3.967430
1.780394
4.872382
5.277609
6.660178
6.742989
5.209696
3.122245
6.223199
1.923856
1.510192
7.703503
-0.347309
4.388028
6.986921
6.425266
2.703079
0.768679
-2.222200
-0.258739
-0.728988
5.195215
-3.571759
3.246670
-3.980433
2.746361
0.685356
0.602310
-0.271128
-6.059700
0.864699
-4.691779
-1.237850
-1.411627
-1.647804
0.552847
-0.904440
-0.008636
-1.369997
-8.545189
-8.427017
-7.155157
-7.258730
-5.963468
-9.798925
-2.787352
-11.084606
-4.315800
-7.094538
-3.158606
-3.443354
-7.204436
-3.164809
-9.999675
-11.367531
-12.245366
-9.831723
-12.526782
-9.702822
-13.405526
-10.458469
-14.278426
-7.948489
-11.136486
-8.200850
-14.235480
-12.844992
-12.398760
-7.597368
-9.118444
-12.163120
-10.276513
-7.510288
-12.034773
-9.703777
-13.930661
-14.457549
-13.519856
-9.140743
-8.531987
-9.125682
-10.970565
-14.579846
-5.404777
-13.183260
-14.293520
-5.031088
-12.096906
-13.294558
-5.944572
-13.557666
-11.257222
-11.609033
-3.348417
-8.546854
-3.694654
-6.083858
-5.045939
-3.267817
-4.879551
-3.951701
-8.404229
-6.274220
-9.372856
-4.795454
-3.399608
-4.621225
-5.974568
-1.836354
-9.203045
-8.933130
-0.773053
-3.006726
-6.808058
-3.529394
-2.951559
2.743496
1.900321
1.866287
-1.002848
-5.420751
-0.487255
1.220964
2.437730
