-3.306793
3.390580
-0.164878
-1.264227
5.444983
-1.875695
0.372778
4.648075
3.750113
5.822099
5.314446
5.977231
7.976096
6.256680
0.020114
8.734104
0.116880
2.778858
3.141800
7.863889
1.987358
9.928328
9.282462
5.772964
10.032789
8.310857
9.855404
3.832470
12.771920
10.469244
10.845344
6.612958
11.988067
13.500937
8.517159
12.529135
11.941421
13.885829
9.866359
8.363345
10.658898
7.587118
11.198478
10.038735
14.288930
12.413222
13.408644
14.346462
11.064381
5.096331
10.377327
13.294601
9.503016
13.305907
7.372046
10.606111
6.941849
5.974424
4.669997
7.533281
7.464026
13.165809
12.835400
9.034921
10.367948
9.926323
7.280517
5.591886
7.601212
4.432019
3.935507
6.661320
5.265376
10.059983
4.663637
2.246189
7.818625
9.412260
10.838958
10.414454
1.907671
6.498496
9.117617
3.901633
0.454515
4.472669
4.398700
-0.125210
2.411145
1.424986
3.939051
4.076460
6.491690
3.874964
-2.269330
0.750630
2.886507
3.716779
-0.694812
2.631212
1.716883
-0.950234
1.877382
1.609554
-0.795771
-5.841768
-0.404203
-7.446340
-4.213478
-6.261250
-4.946110
-8.015029
0.853612
-7.909646
-8.869937
-0.283273
-5.458507
-0.367366
-10.438767
-7.034158
-3.889449
-9.643087
-4.828819
-11.559055
-10.389692
-4.283364
-4.294296
-7.514359
-10.029821
-11.943533
-7.472604
-5.732700
-9.354703
-13.049530
-9.642355
-13.342695
-13.024990
-12.998226
-6.641909
-6.516896
-13.990968
-8.520373
-13.817980
-7.886468
-12.488231
-14.786192
-7.411855
-12.169097
-11.475153
-6.420930
-6.955400
-5.842391
-10.468822
-10.463734
-13.477876
-9.456324
-10.249888
-9.037491
-14.451611
-5.827460
-6.810290
-13.288787
-8.634758
-8.295282
-11.951164
-4.021526
-5.694737
-5.817987
-5.494777
-6.602778
-12.610665
-11.334117
-6.822415
-6.167650
-11.382717
-4.663383
-4.360275
-2.934301
-5.988137
-6.446832
-8.739520
-7.333175
-6.670661
-4.344656
-3.721943
-5.366812
-2.217381
-3.698327
0.301104
-0.382463
-1.355244
2.264863
2.358104
-2.275480
3.018672
-0.072734
0.865308
-3.219488
4.360840
0.960676
