2.263650
2.048922
2.165366
-0.417995
3.642797
6.283229
5.027188
2.213847
5.973301
4.901681
-1.400704
0.790813
-0.711996
3.493986
9.019361
2.305624
8.143730
9.835762
2.607273
6.189558
2.626063
4.388229
6.805319
8.855215
6.526264
12.197339
9.121421
10.639291
3.626729
13.078390
3.911103
3.616678
9.758784
11.149058
4.447261
10.944784
11.150434
6.878475
9.060051
7.531551
13.014664
4.909060
6.626643
11.816468
8.209766
6.157786
11.019291
6.717700
7.512967
12.110209
11.756399
14.772477
14.007582
12.799333
5.993777
10.417160
14.236631
10.392692
12.692029
13.640093
11.887861
7.095900
8.211553
8.930732
11.607701
4.933566
9.183972
13.440199
3.964750
10.920499
8.229283
7.046265
8.055222
4.420202
5.449067
2.549621
9.216391
8.355848
8.623800
0.967388
2.908799
6.771845
8.388844
7.093765
1.076680
4.560300
8.352787
1.629441
5.636963
6.399099
4.050328
-0.987022
2.896934
2.652303
-3.066306
0.916118
3.929809
-1.802725
0.895116
-1.464523
2.555777
2.390464
3.651042
-2.638970
-2.963899
0.014932
-5.802290
-2.393913
-4.591353
0.453650
-6.075857
0.091776
0.397436
-8.976317
-8.668288
-8.844131
-9.009166
-0.493715
-6.759427
-9.071546
-1.776604
-9.738989
-11.069335
-3.409813
-7.073907
-8.958992
-5.427259
-3.965090
-11.390826
-12.459868
-11.741148
-9.632927
-8.599998
-4.233021
-10.662364
-13.206474
-11.730348
-5.234742
-5.382767
-14.283119
-9.631506
-12.648921
-8.219357
-13.627785
-6.495571
-14.846019
-13.510412
-11.297916
-7.417387
-14.651908
-14.941735
-7.542113
-14.771566
-9.550432
-11.820823
-9.486946
-4.963166
-4.850287
-12.589676
-11.114668
-9.982849
-9.109896
-10.883349
-10.646443
-5.212425
-4.436428
-10.464053
-7.256356
-7.178530
-5.145472
-6.167561
-7.526706
-7.302106
-5.927275
-3.894639
-7.688246
-9.113749
-9.509827
-9.810697
-9.470243
-3.478314
-6.715346
-5.994095
-4.471111
-6.012236
-7.939294
-8.178809
-3.104307
-7.106282
-3.882290
-3.528766
0.086855
-6.790421
-6.038743
-3.446898
3.422752
-4.261973
-0.555469
0.827042
-4.282094
