2.393402
-1.970788
-0.920741
-1.641996
-2.345069
-1.405516
4.238276
5.477100
7.091927
3.325205
-0.104664
6.382319
0.320039
6.600703
8.381108
7.291189
8.810843
9.932487
3.631576
1.606624
4.139977
4.832410
3.236489
9.880418
6.084753
4.580070
3.264655
8.200803
5.118535
3.108722
9.253919
4.970115
5.786696
7.784727
11.962258
13.593931
12.779769
11.450414
6.667303
8.874648
12.380338
9.201515
12.035238
10.911973
13.021860
5.292568
8.274585
7.178392
7.231378
9.202603
5.939474
11.704136
13.225539
13.144674
13.183816
6.927190
10.233186
13.178289
13.673948
4.686673
12.551294
6.922079
13.209155
9.763109
11.543419
4.195790
10.127194
12.375358
4.891649
10.545333
10.524295
6.481067
9.727455
5.471736
5.100775
2.097817
10.080314
1.480574
8.339731
8.339380
7.468262
2.429516
1.245341
6.483732
7.010666
2.236141
3.752450
3.791418
5.010524
7.767615
-1.906595
5.956544
7.054380
-2.369575
4.121941
4.638668
0.005767
-1.229596
-1.448942
0.355162
4.490714
3.637255
-4.030446
1.529578
-2.682443
-0.358742
1.388646
1.578998
-6.701334
0.649521
-2.140057
-6.149726
-2.766411
-8.890442
-6.951769
-5.830445
-3.661283
-6.690543
-6.205656
-6.165638
-9.923223
-8.547047
-10.179114
-4.942565
-11.016094
-2.630759
-12.245644
-12.388963
-6.238250
-11.429432
-4.068201
-5.564643
-4.503114
-7.338364
-12.052207
-9.098222
-11.185111
-12.127143
-12.637741
-9.274937
-6.012585
-9.267705
-7.606355
-8.697849
-12.502679
-12.576713
-7.829298
-13.319056
-5.168278
-10.126275
-6.508399
-14.363891
-11.841417
-10.915258
-14.055557
-11.121243
-7.999296
-5.821829
-10.733519
-5.896906
-10.470401
-11.914194
-4.915533
-13.492043
-4.280882
-13.531504
-12.246367
-10.002810
-13.064587
-10.604859
-4.452367
-6.421656
-5.761382
-3.969167
-9.227527
-2.742213
-1.941310
-10.502671
-7.572199
-5.049232
-8.131133
-3.832008
-7.327001
-3.307386
-6.885784
-7.732198
-5.764578
-6.172694
-1.863906
-7.254493
-0.671848
1.177146
-6.293876
1.957700
-2.196116
1.247446
0.411678
0.348934
2.881924
0.039880
