0.353550
1.648795
-3.611739
-2.926155
4.621556
-1.580815
-1.182759
0.523501
-0.983008
-0.188023
4.586128
7.018594
6.908117
4.106812
0.009284
2.901309
5.882319
7.988697
10.263598
3.921745
9.110227
9.533828
9.040357
6.380707
9.522937
7.782656
5.401463
3.781817
4.364653
5.454676
6.158188
6.107410
12.869189
12.949366
8.983595
11.601822
9.307865
5.393377
6.150831
8.341925
4.871437
13.387662
11.509076
5.797541
9.885843
5.925786
6.495632
8.183576
14.828096
8.095447
6.339002
7.351176
6.230657
7.429013
13.013520
9.964008
12.741743
13.842908
8.013550
12.548471
10.091356
12.269982
7.839401
12.956249
7.445002
4.467828
8.565723
10.471175
4.951963
6.592815
5.888249
11.588691
3.718057
11.559825
6.438924
8.399791
7.034548
1.858497
10.660647
6.530839
5.453000
10.275788
1.870015
1.533876
4.933966
3.477689
0.435211
0.058746
0.815675
3.268715
4.552575
4.716299
-2.778191
6.587813
4.433804
-0.078469
4.298752
5.542112
-1.357118
4.973883
-3.340941
-0.453751
-3.496565
0.258738
-4.718556
-5.907484
-0.499952
-5.841148
-5.860008
-1.271942
1.595530
-1.982122
-6.356263
-1.328525
-5.722746
-5.600018
-6.736062
-3.983640
-3.974599
-3.736117
-2.105565
-5.421830
-10.801721
-9.506824
-11.454061
-4.743758
-4.346632
-8.589548
-7.518304
-5.770602
-4.381846
-4.066327
-10.278834
-7.567312
-13.893395
-12.280137
-8.458656
-6.287627
-9.287949
-10.874486
-8.577616
-5.975096
-6.298067
-13.930185
-12.519359
-9.466706
-7.096252
-8.649952
-8.926803
-6.576508
-9.315955
-8.244233
-6.064656
-6.756314
-14.731635
-13.064681
-7.782158
-8.290548
-13.489115
-8.386871
-14.309107
-9.363898
-12.491254
-12.731069
-9.571727
-11.728681
-11.945476
-6.024491
-12.289679
-8.011243
-12.276867
-5.161069
-4.755462
-10.215617
-6.629230
-3.459851
-11.021140
-10.624460
-3.409776
-3.069691
-7.930746
-4.905172
-7.255940
-3.927410
0.218115
-8.432492
-1.845674
-8.096864
-0.325208
0.566837
1.810873
-4.456131
-0.988639
-2.016784
-2.477308
0.343765
-4.531253
-5.225634
-2.184678
-3.895191
