1.089839
5.218300
0.086324
1.931629
3.019128
1.876098
1.701084
0.608112
1.400665
4.674861
8.097600
-0.722557
-0.801965
5.823941
0.905075
9.487571
4.256332
0.808613
3.867994
9.750294
11.121026
7.246172
2.266265
9.057425
2.083289
7.198880
3.604990
7.942573
6.087882
11.254117
4.477719
13.229191
5.654035
9.978878
7.898203
6.038649
4.677709
6.838401
8.181881
12.717217
8.477697
6.782833
8.095895
9.000960
7.832173
6.657801
14.859563
5.643423
8.776367
8.594999
7.614494
11.584977
5.727090
10.782165
6.523832
14.782481
13.216079
10.283275
14.279562
5.802965
8.705256
8.419670
5.848222
11.928585
13.179956
12.560348
6.894166
12.631222
5.925677
12.060206
5.839782
7.767728
8.819622
11.296847
8.587018
5.351264
8.922854
1.706501
10.503027
5.270502
2.085593
8.199309
1.417605
2.195539
2.274986
4.078881
4.433493
2.461610
6.605603
4.095338
4.294259
2.078433
5.704087
0.683060
3.526916
3.875053
-2.763358
-4.336297
-1.080472
-4.959968
-1.622304
4.050715
-0.410330
-2.222490
-3.751518
2.773724
-0.265168
-6.485993
-4.864792
1.549292
-3.157472
-5.438009
-5.681704
0.050551
-2.735901
-4.825587
-2.788869
-8.304448
-2.605537
-8.188748
-9.256398
-10.792185
-11.004488
-8.231988
-6.088618
-2.772752
-11.563353
-12.658683
-7.840552
-5.882917
-6.954026
-8.284234
-4.825061
-12.660607
-4.149183
-9.525222
-4.981877
-4.982115
-14.073075
-9.701595
-6.799246
-13.247448
-5.898606
-14.398166
-7.776395
-10.711441
-13.164747
-12.762631
-14.574876
-8.700221
-14.246876
-7.690709
-13.083047
-10.673855
-12.788597
-8.755575
-9.279388
-14.096253
-10.397694
-11.444253
-9.780762
-12.248645
-13.690548
-5.164789
-8.707670
-11.319002
-10.069187
-13.057069
-10.330574
-7.310729
-6.304680
-4.153002
-10.444445
-3.863143
-5.927024
-6.020998
-5.939046
-5.095476
-5.787836
-7.978689
-9.998595
-10.188523
-9.634282
-3.130827
-3.213628
-0.374854
-3.470127
-6.340677
-2.564480
-1.200929
-4.432383
-3.347824
0.806224
-0.202174
-1.274061
-5.711128
2.985860
-3.392706
4.179630
-4.365626
