-1.389666
-1.370762
1.546416
0.314438
-1.934704
1.153746
3.345359
7.021136
2.402361
6.480007
0.294018
0.862732
1.027686
7.805994
0.986815
4.168877
0.172841
3.362273
6.874589
10.751754
9.880844
8.376523
8.744563
2.520996
2.133117
4.724745
10.155720
8.838699
6.337511
10.052356
4.890298
4.114339
11.141281
7.137446
9.169890
5.067626
4.583863
5.637068
5.648154
7.120108
11.425259
10.268185
7.420709
13.255395
6.577601
11.530902
14.069556
8.564776
6.161829
7.290960
13.720701
11.841196
5.137774
14.516981
12.568036
10.668677
5.038465
9.147167
13.207986
9.164947
8.887845
7.412654
12.060493
10.407165
11.180698
10.434083
3.742924
6.899484
10.317225
7.015162
8.110443
8.722256
8.042278
7.029879
3.510052
11.219118
10.127554
9.213222
2.671741
4.088838
5.408797
0.731149
0.530165
3.555231
5.365454
3.452665
0.787024
3.960030
7.594715
3.507155
2.440377
3.369493
2.100576
6.049537
1.816024
-3.746055
-3.518355
2.761598
-3.066757
-4.990130
-1.309930
1.127487
-1.171164
2.419887
-2.324737
-4.024003
-6.248100
-1.287435
-3.295517
-3.768538
-3.576562
0.279719
-8.639530
-2.785320
-6.564201
-3.737362
-4.553187
-1.651971
-4.091620
-9.536210
-2.710684
-8.266754
-3.489516
-9.438377
-10.384631
-2.385450
-6.110416
-8.886081
-5.525019
-4.704310
-6.768228
-13.281952
-11.782874
-12.458204
-8.675866
-12.041603
-12.756480
-8.940357
-6.247221
-9.786671
-9.356868
-12.297353
-14.350087
-9.622622
-9.372539
-6.627162
-14.465104
-11.508285
-10.367962
-5.483320
-5.391761
-6.879523
-7.741390
-9.096712
-10.404808
-11.245508
-5.886916
-11.819096
-12.797546
-10.620744
-6.545596
-14.137713
-13.139794
-4.909134
-7.089003
-4.684237
-4.906676
-8.182594
-7.695697
-3.681396
-9.228037
-3.486385
-5.704910
-10.204709
-9.448920
-7.100619
-9.290662
-9.310825
-8.099380
-10.432815
-4.778670
-5.100401
-4.598081
-1.359313
-7.394327
-4.771208
-1.891794
-8.638192
-2.618896
-5.341733
-2.980956
-4.979517
1.952919
-4.039824
2.682625
3.740480
-3.802502
0.441108
3.599209
0.685038
