-0.601293
-3.975007
5.848586
-1.231187
-1.327033
6.555613
3.605428
2.792959
2.339602
2.019917
7.294519
8.668325
4.189059
6.180674
1.050057
6.905682
3.614999
4.147497
7.123266
9.509237
9.348020
3.655991
5.017610
2.650140
3.113853
3.561382
6.807127
11.325932
3.609129
5.100212
5.044844
5.330452
13.131332
3.880175
4.408965
8.564522
10.130983
10.660544
5.765139
12.012490
4.804114
9.866328
14.311563
6.509816
13.260103
10.106625
8.401432
7.689225
11.750562
11.106676
13.601317
7.658507
11.749444
5.426927
5.359505
7.493960
12.376365
12.493048
12.695917
6.320523
8.546415
10.850784
9.949862
6.808164
8.302627
4.383483
4.795465
11.041088
13.019910
9.113268
5.967342
7.178354
6.714771
6.792437
6.027829
8.957382
2.928263
5.013975
7.570826
10.432421
6.038404
8.872898
7.188030
3.764912
8.667464
1.838797
0.334663
-0.789343
2.967251
-1.065527
-0.124651
2.846251
6.567475
-2.023183
-0.116926
4.343693
4.919916
-1.666149
-0.482834
1.023265
-4.664601
-2.914590
-0.973239
-2.657665
-4.898278
-5.506324
-0.170254
1.258487
1.175944
-6.380702
-7.174390
1.029468
-2.082539
-0.210295
-9.238656
-6.462317
-5.856479
-2.522039
-2.361390
-6.860875
-9.951804
-1.568858
-2.689476
-11.032959
-9.080354
-3.272198
-12.076327
-3.400706
-8.339197
-12.045299
-8.289940
-8.646860
-10.930160
-7.001470
-12.698581
-13.730701
-4.567640
-6.027210
-13.455684
-7.362485
-11.141155
-7.159820
-13.844096
-11.261144
-7.548917
-10.491782
-8.015449
-7.564204
-14.969263
-6.358024
-10.271848
-7.973197
-9.724928
-14.756011
-10.383096
-7.732944
-7.699390
-11.037528
-10.751259
-4.709248
-10.274007
-5.253903
-4.890482
-6.090496
-12.626399
-6.852009
-9.643862
-4.789293
-8.255188
-12.327422
-11.265837
-8.338018
-5.655544
-4.826046
-6.073962
-9.581272
-9.743392
-8.567566
-10.035336
-2.526601
-2.910028
-2.894166
-5.266732
-0.062440
-7.976190
-5.221362
-7.417263
-6.471829
-3.353616
-0.191382
-0.706891
-6.595995
2.608780
-4.660685
-2.066635
-6.226776
-3.836576
-1.711345
-1.815964
-3.072925
