-2.461716
-3.661057
-1.981464
-3.615737
-2.871256
4.798913
3.692105
-2.446166
5.490410
-0.925690
4.803490
2.090167
-0.019393
-0.434932
-0.258009
3.129332
7.479576
5.182054
8.471028
5.789394
4.850393
8.999233
3.152533
3.766572
6.039889
10.819960
5.425017
3.103414
5.590240
12.654467
6.542029
6.228037
12.273706
9.158929
6.140368
9.090089
6.394171
4.460464
8.042046
13.932685
7.963505
5.578164
11.797130
5.332464
11.567524
14.566479
12.563805
6.757774
13.905430
5.425875
10.547742
12.239638
5.831358
10.629293
13.958148
5.299629
5.031933
8.278703
4.834630
6.482547
11.021609
7.508626
12.986106
11.768926
6.914803
7.004781
11.477793
6.887084
9.170523
4.690167
9.358977
5.505366
5.389932
7.281036
10.330488
2.506146
5.362579
4.662316
7.659969
7.156181
5.024216
3.781107
8.652669
3.192739
3.926421
0.883893
-0.071572
8.364045
5.848378
6.805405
-2.119538
-1.843014
5.776307
3.606431
4.111572
2.900634
-2.296836
0.115508
2.094290
-1.675691
-0.100046
-3.430522
-1.634989
0.366088
2.805442
1.825286
2.348777
-4.926486
-7.723546
-2.224259
-7.813038
0.930572
-5.532717
-7.884559
-5.486688
-5.209738
-2.244927
-7.637535
-6.755734
-8.624901
-9.519485
-10.383882
-9.225541
-8.569007
-9.471240
-5.337111
-3.608412
-7.988143
-9.005069
-3.362369
-7.439549
-4.223666
-4.120977
-7.908737
-11.737903
-7.729228
-12.705973
-10.346392
-7.419793
-6.579356
-7.280137
-14.376865
-8.255589
-6.440404
-14.206325
-8.117558
-7.347171
-7.134666
-9.928069
-5.074330
-14.424488
-9.426294
-14.544383
-9.168948
-13.579976
-6.208260
-9.502524
-10.611408
-10.360659
-9.307371
-12.987992
-10.602046
-9.006371
-8.291250
-5.100988
-12.490916
-4.292834
-4.273606
-13.224221
-7.494165
-5.202290
-6.122196
-9.997392
-7.364298
-9.597531
-8.815429
-3.288537
-4.018144
-2.245590
-5.297430
-2.255815
-4.808742
-8.753583
-5.190523
-4.256903
-7.011250
-1.101211
-5.181375
1.563501
-2.951674
-3.805311
-0.743030
-1.029308
-4.752749
1.212852
1.494157
-2.050138
0.424303
-0.328865
0.134472
