3.264449
-0.482812
-3.646647
-2.625110
5.287914
-1.752544
2.166735
0.503042
5.565480
1.628838
6.055521
3.412859
8.654580
3.777452
6.794660
7.379352
6.480912
4.182526
7.990819
9.899932
5.909893
4.276889
2.613450
6.261135
2.641017
12.112204
5.548127
9.265552
6.250875
11.743005
8.612251
13.280861
6.438484
12.017608
5.282586
13.144922
8.343586
10.711935
5.633267
12.234602
12.581944
6.325568
7.496836
5.267445
7.431159
7.329696
14.825613
6.003001
6.548683
10.632488
8.997564
9.863732
5.730459
12.854557
7.533609
9.579986
4.859716
12.141824
12.395116
12.097678
10.034326
11.785489
11.954628
11.730877
12.123175
6.278234
13.268242
9.198240
4.493998
5.506817
8.376824
10.890619
5.203446
8.758984
10.453343
9.136080
6.186543
2.690737
5.229772
5.270034
8.552440
4.562815
6.322731
2.140822
1.598021
1.279753
7.536850
1.065091
3.604176
4.098212
4.637306
0.045157
0.874556
-2.043234
1.427678
0.711359
-1.184152
4.160854
4.779806
4.344140
1.476552
-2.141350
-1.770486
-3.358352
-2.284207
2.386495
1.819100
0.072075
-3.942963
1.907431
-5.817430
-6.445609
-2.819358
-5.614530
-1.521149
-8.234530
-0.263711
-5.099234
-6.457205
-4.497191
-7.782284
-1.754696
-4.649390
-10.036517
-8.014950
-7.717059
-12.357748
-5.825350
-5.008198
-10.062800
-13.027754
-5.995251
-9.232641
-7.177337
-3.981321
-11.787701
-10.456060
-7.321160
-7.322595
-12.306121
-12.253916
-12.077148
-7.022316
-10.558684
-11.549307
-8.278581
-11.535549
-8.974086
-9.055187
-14.910695
-12.985553
-7.081447
-7.939983
-7.037658
-12.399091
-8.310831
-7.378161
-7.123112
-6.051328
-11.497027
-10.657316
-9.251903
-9.361854
-4.997844
-7.798049
-6.002913
-10.766142
-6.650598
-4.514475
-10.822110
-8.949871
-2.834268
-11.839921
-4.006791
-8.037922
-9.557526
-7.909134
-6.623940
-6.109912
-5.615174
-2.082801
-8.640233
-2.857177
-5.529730
-7.177275
-6.720150
-3.382421
-6.041382
-7.581743
0.828860
-3.754765
1.165740
-0.033129
-6.138077
-2.866122
-2.142754
-5.385410
-1.163076
-3.469509
1.407576
