-0.089719
2.596162
5.055562
5.818588
6.004344
5.218148
0.003731
0.175969
-1.120944
1.421422
6.962605
6.295335
2.633284
6.771526
2.127499
5.635515
4.594824
6.594830
2.721697
7.237033
1.277858
2.505311
9.962233
8.585919
10.270642
8.899384
4.750076
8.237905
5.015224
4.838495
6.766409
4.874413
8.882765
5.558529
13.636394
11.894846
6.411986
10.313964
5.896741
9.337099
6.144758
13.120409
4.831259
9.423005
7.688152
6.430248
13.520426
6.303876
13.029785
8.118782
9.429705
11.201088
5.802138
12.445680
11.104847
6.125450
5.886373
10.092514
14.309819
11.318223
13.007173
11.048141
8.554407
8.498781
8.206244
4.522108
7.427551
9.111461
12.917226
5.282683
5.423099
10.099524
4.308131
7.301461
9.282271
10.508906
5.982001
9.012537
9.333985
3.045578
5.687651
7.557731
9.374918
9.755210
7.275301
5.518085
8.929375
7.299382
-0.403331
6.957846
-1.135454
4.663344
5.129935
-0.290365
2.934010
-2.079117
0.407267
-0.662965
-0.879867
1.670379
3.620306
2.519213
-4.221465
-5.348206
-3.851932
-5.812175
-7.083810
0.217278
-7.431970
-0.122287
-7.579053
-5.422910
-8.712656
-8.370570
-2.616248
-6.604133
-8.349794
-4.993067
-8.515512
-9.284464
-10.633902
-1.448867
-6.811433
-7.368808
-4.364138
-10.165499
-11.538331
-4.117221
-5.172556
-6.774691
-11.460771
-13.428981
-10.085091
-8.671947
-10.078434
-13.557543
-13.012256
-6.918424
-12.294615
-9.799239
-6.774918
-11.319915
-5.331557
-14.303113
-7.606063
-12.775571
-7.057067
-13.858929
-5.732084
-7.210796
-10.518229
-8.988896
-7.220345
-8.457349
-5.069885
-10.145934
-13.319904
-10.004925
-5.823003
-4.956681
-8.538518
-13.364975
-5.353136
-13.955335
-4.172638
-9.328673
-12.069837
-7.603166
-13.009714
-8.851825
-5.430512
-5.919688
-11.059853
-9.275672
-5.045859
-4.235972
-8.623133
-8.909402
-8.186904
-5.048718
-2.561193
-4.545368
-0.137230
-6.892430
-7.762691
-1.269734
-3.671301
-7.260774
-5.727118
1.742368
-0.983739
-5.394114
1.434895
-5.325066
1.069515
0.505574
-0.995571
3.847536
-0.654992
-2.695283
