-2.442816
-2.509683
-1.793328
5.938515
0.550976
-1.000877
-0.827240
0.563462
7.051503
2.934244
4.062937
6.975699
5.104147
4.332884
9.299318
1.319377
2.069275
7.918390
9.017560
9.425530
4.266703
8.815107
3.452668
2.014619
6.457541
10.063155
3.410896
4.599865
11.803677
4.529184
13.138944
12.958295
13.457001
13.478599
4.113937
4.135816
13.030465
4.776608
9.786975
8.237639
8.611419
13.553691
4.935258
11.217374
13.287858
11.652128
13.489118
13.525208
7.482881
7.599490
7.768873
7.096887
11.080727
11.916275
6.648224
10.017397
9.887005
4.776407
6.489508
8.607402
12.354427
9.984038
9.210005
7.086874
5.125856
9.337791
10.084790
9.487142
11.630179
7.688301
9.046440
5.828250
3.529681
3.413726
9.098683
5.141318
4.514036
3.034930
10.540198
7.004199
6.966888
2.763556
4.392501
4.423902
4.553937
2.285909
8.923504
4.524449
2.951572
2.583536
-0.431454
-0.878733
3.478669
2.431708
6.054543
5.256698
2.784338
-3.811994
-1.751415
0.576332
4.499976
-3.022290
0.529213
-0.420058
-2.827583
1.618602
2.022286
-2.584344
-0.468539
-8.052827
-4.699758
-2.610806
-2.125653
-6.355571
-9.539063
-3.270777
-1.712656
-9.383732
-2.341325
-6.430146
-10.353276
-4.036432
-5.142159
-3.708363
-3.571290
-11.754544
-4.194799
-7.378000
-10.902673
-7.951267
-9.484620
-7.523085
-7.139687
-7.726954
-12.296728
-5.156246
-4.872007
-12.722859
-6.402457
-4.548075
-7.642977
-5.787833
-14.477029
-11.313897
-10.970279
-12.466449
-10.771718
-6.466541
-10.519874
-14.874365
-5.386941
-13.841493
-4.991449
-12.045736
-9.178588
-8.234396
-9.272663
-4.740568
-6.522918
-9.160754
-8.902617
-8.968374
-10.538152
-13.063203
-11.543767
-5.863912
-9.584361
-10.617860
-4.119938
-12.128658
-8.340379
-3.911930
-7.927998
-7.911209
-5.033169
-2.683358
-10.940559
-9.075200
-7.720752
-7.350799
-6.731735
-3.206715
-1.769612
-2.632973
-5.190311
0.116597
-6.124267
-6.972798
1.490091
-5.557808
-4.330422
2.322249
2.698147
-5.377401
-3.706351
-5.715873
-2.434709
4.035030
-3.859742
0.947713
