-1.270570
3.443065
0.444485
-2.589483
-1.562859
6.439880
3.098977
-0.907360
-0.685248
2.746494
-1.299153
4.672363
1.476998
6.128577
3.567395
4.832187
8.408242
4.067641
7.860671
2.744691
5.391980
2.890499
3.752259
6.953402
3.740430
11.621691
9.583492
3.062875
12.045293
9.083804
11.779467
10.023643
5.073703
5.797362
7.162115
13.554462
4.788344
13.272477
8.329655
8.353126
12.459539
10.149572
10.680197
6.729265
9.710568
10.754946
11.971302
9.411079
11.643284
6.158847
13.221595
10.882158
14.045987
13.023705
9.069868
7.408183
8.268394
9.900005
13.735070
9.783357
10.456505
10.066475
7.684007
6.962360
12.849946
5.262032
12.904669
6.289528
6.756731
6.021975
8.488036
6.648318
6.055997
10.146548
6.336629
5.119590
4.809245
4.213216
9.475252
1.981917
9.432737
7.702305
8.465260
1.331545
5.509558
4.402649
1.626537
5.049105
0.558342
3.981736
5.276986
4.316710
-2.032473
6.489358
2.173900
-1.653157
2.477597
-0.574343
-1.995051
1.122288
-2.887691
1.433654
-3.591432
0.725966
2.363156
-0.232972
0.032494
-3.023347
0.657501
-4.764774
-1.767297
-7.032775
-5.529628
-8.775853
-7.495288
-8.554674
-8.852192
-9.671236
-3.938631
-2.274815
-6.803411
-6.095546
-9.867883
-4.729771
-10.458536
-11.414052
-4.148290
-9.408754
-9.419181
-10.386890
-10.067659
-9.425121
-5.737108
-4.623343
-5.788693
-8.925300
-8.945497
-13.660643
-8.679691
-9.406983
-13.303774
-11.111713
-12.073415
-11.395189
-9.067165
-5.339790
-8.708273
-11.732037
-12.087974
-7.592721
-13.869479
-14.552758
-10.502877
-8.253818
-14.025724
-6.435246
-12.713936
-12.432369
-5.101877
-13.947106
-13.646432
-12.296948
-7.748100
-4.905677
-7.174064
-12.811564
-7.014106
-11.238944
-7.953507
-12.603717
-10.296279
-10.608513
-12.264299
-8.703388
-2.450479
-8.155691
-5.364776
-8.237589
-2.353352
-10.373590
-8.418849
-6.782428
-3.260391
0.155420
-3.682708
-5.805553
-6.986501
-0.344311
-6.870773
0.474883
-7.689262
-0.820807
-5.044405
2.998607
-3.769084
-0.785366
-0.785548
3.353298
-4.343184
-0.020296
