3.905768
2.730718
1.134778
6.163634
4.440773
1.513920
1.426993
0.648384
7.307863
2.650193
7.302238
7.496600
5.683510
9.122659
0.345068
6.446999
9.665786
9.653556
9.286718
2.530789
9.665109
10.409216
7.696134
8.535926
5.417513
7.546803
5.356436
12.040220
4.312881
3.201116
9.777155
11.606741
7.309308
5.177468
7.373499
7.049941
6.872231
5.346899
12.718435
7.522413
9.891449
8.253861
7.493907
12.541376
13.990811
8.058083
9.547356
8.263662
5.930123
9.688164
13.235535
12.066769
11.575434
5.616059
14.169534
8.813039
6.631695
7.345736
9.217933
10.023340
7.117986
4.752720
5.862658
10.253500
7.604000
4.328445
9.306967
9.280770
9.200649
4.979779
4.184890
7.135386
3.993798
11.213476
9.797916
9.385147
6.972480
5.250339
2.997477
5.992958
3.762188
10.015074
3.663204
6.360869
3.800206
-0.524236
2.670736
-0.887949
3.063991
5.547601
6.447558
4.805887
3.863722
1.894329
5.226444
2.870157
-3.705135
-1.267387
3.258810
-3.545816
-0.650130
1.373463
-2.036481
-0.059133
0.267352
2.562891
-2.287230
-2.031377
-6.327399
-7.275655
-2.042706
-0.410671
-0.849366
-4.464556
-1.790351
-6.588980
-0.157640
-10.356820
-5.347493
-5.185144
-1.878349
-5.881097
-10.045869
-6.214475
-9.033119
-8.209714
-10.572763
-6.573531
-11.593843
-12.219870
-8.224855
-4.802974
-4.870446
-4.665920
-12.856999
-12.393574
-6.132082
-11.953177
-11.747397
-7.976950
-10.981113
-5.043997
-11.965527
-6.723405
-14.328186
-13.841492
-8.974497
-10.965527
-9.593243
-14.030738
-9.553722
-8.834838
-9.503603
-12.205687
-10.258665
-14.625314
-14.676502
-5.567866
-14.590807
-10.471148
-6.600673
-9.312403
-9.383236
-12.148560
-4.637406
-7.859776
-6.647756
-6.936224
-5.228487
-10.058718
-5.024359
-6.779178
-11.869159
-5.354847
-7.218712
-4.164048
-7.842201
-4.965625
-8.861107
-10.483367
-10.002338
-8.929042
-9.551100
-3.104750
-3.463390
-2.113735
-6.998760
-4.257161
-5.921005
-1.331897
-6.148403
-4.277193
-2.153463
-3.084326
0.148354
2.342047
1.951397
-0.895164
-1.360842
3.403397
