1.283896
0.087230
-3.764389
0.455618
4.303317
2.668320
2.090722
1.480367
-1.197859
4.118381
2.185586
6.961117
1.538753
2.101146
-0.249915
3.614084
4.668920
5.708840
2.628485
4.601521
1.525592
10.423306
9.745972
11.686372
5.740497
7.675847
8.201849
11.844329
3.204651
6.454126
4.668079
11.368282
6.304639
13.177776
13.188025
5.916282
6.569358
7.069854
6.513556
8.980633
11.116985
9.094821
11.544428
11.135121
14.371497
13.917450
12.838371
5.034697
13.178713
6.040613
13.738377
10.903563
13.497113
5.123146
11.154571
6.037916
13.962050
8.889411
12.526992
7.856708
9.180524
11.084133
11.157092
9.453342
5.567237
6.477455
7.092048
12.374189
10.543359
4.081885
8.571066
3.263195
6.064916
3.490810
5.319207
8.934128
2.250779
8.871134
7.833684
6.308276
0.764838
9.337415
3.710154
5.641472
8.677413
8.096899
3.794427
-0.129599
-1.016540
0.420838
0.915856
2.986112
5.489483
-0.335895
5.110513
3.821252
3.859957
0.742651
-0.457022
4.141229
3.461697
-0.278279
-3.774930
-2.866038
-3.866485
-0.234352
-1.847436
-5.032554
-0.001146
1.128545
-7.520865
-6.179239
-7.985074
-8.735789
-0.699800
-9.609431
-2.577862
-3.203521
-8.742439
-8.713987
-4.138784
-3.395447
-7.147126
-7.104308
-10.834901
-10.391336
-3.664077
-3.473429
-11.716085
-7.902885
-10.476299
-7.902219
-6.601321
-10.089435
-6.407237
-7.228731
-11.405205
-6.796190
-4.484264
-10.394180
-9.649402
-13.556822
-9.619477
-4.890940
-14.276789
-11.112849
-9.918090
-14.936714
-5.548521
-5.243221
-12.856586
-10.350174
-14.240407
-10.146789
-6.514309
-11.862149
-12.215593
-9.541285
-6.289993
-4.816304
-12.018184
-12.674095
-10.852337
-7.677678
-6.665549
-8.821523
-6.727652
-13.097904
-11.176173
-6.025718
-11.046263
-7.775989
-5.636179
-7.509566
-12.005547
-2.635105
-4.458363
-10.361800
-11.011809
-6.450176
-4.566737
-3.907211
-10.033404
-2.829841
-2.961593
-4.578638
-7.363325
-7.632247
0.092864
1.831227
-6.634222
2.082557
-5.999320
-3.842307
-2.028759
-0.127479
-2.898772
1.655324
1.127765
2.795547
