4.400105
-0.811193
-1.485136
0.111968
-1.037524
-2.949655
0.068977
-1.761412
5.392178
3.632430
2.414272
8.586951
5.127614
5.248184
8.372458
2.596919
9.781800
9.028693
6.396749
10.646945
5.850366
1.774145
2.759350
2.193702
6.039372
10.504667
11.038947
11.704986
5.372727
11.261700
9.351299
8.970458
8.845733
9.651349
5.961319
9.558100
5.818198
9.034217
4.948539
12.021965
13.001472
9.181558
14.360090
6.980482
13.029805
6.731800
9.322844
13.373320
7.289972
9.634352
13.592435
8.947313
10.492582
12.166279
7.042767
6.606189
8.888152
7.237562
13.265845
10.636374
13.124362
4.502073
6.614814
13.930104
6.237864
6.819183
10.858046
6.313404
7.679738
11.819985
3.074361
6.874949
8.457469
3.126484
4.204525
11.414890
5.724967
7.424339
5.738837
9.009785
4.494691
8.907894
2.848180
3.912115
9.192165
4.120425
1.626384
-0.399930
-1.523799
1.916344
6.429275
0.116651
3.856198
2.340954
1.967634
1.833408
-2.737129
3.741754
-1.375511
3.838065
2.365264
4.361881
-1.205077
-4.525407
-5.834479
-6.134905
-1.464654
-0.106011
-7.785976
-6.924145
-8.287970
-1.002931
-4.591877
-4.604530
-3.256973
-2.394087
-4.725999
-1.310876
-1.423059
-10.806289
-5.809332
-1.457713
-11.560333
-4.659220
-9.657558
-3.731559
-3.162867
-10.114222
-4.950026
-5.928092
-5.108219
-8.499842
-8.620013
-10.075201
-6.481887
-5.449575
-10.458281
-14.037618
-4.882923
-9.388083
-9.534728
-13.970745
-10.045976
-11.754469
-7.417602
-10.868423
-13.228490
-7.335063
-8.835386
-7.023237
-7.113367
-11.135556
-11.739254
-5.691076
-8.755029
-5.348338
-7.704329
-11.647091
-13.182845
-13.148753
-10.882124
-7.289127
-9.822058
-9.198238
-4.408414
-6.097710
-8.940739
-10.238367
-7.132633
-4.964619
-7.392867
-11.040033
-4.506739
-10.569001
-11.915473
-10.826555
-9.119806
-7.340712
-7.273353
-10.283104
-2.067417
-10.340643
-5.139300
-9.463208
-6.004383
-1.056620
-5.378469
0.991669
-0.202498
-4.446021
-5.242778
-4.902507
-0.206587
2.420328
2.209001
-5.994962
-1.311229
0.100975
2.887749
3.067120
