3.901497
-1.519423
-0.393457
-3.302502
-2.498593
2.689655
-1.994975
-0.530122
2.643394
-0.293622
0.016450
2.307206
4.716583
9.113667
9.102627
7.587594
6.837512
9.891973
1.454442
6.969450
2.676737
4.923744
8.341810
2.626713
5.652058
4.946052
2.638921
3.511924
4.889913
5.790903
5.296822
4.019327
6.677575
7.479133
8.036081
5.967614
10.163981
6.107040
14.297061
4.648670
13.139501
7.690260
8.374229
6.234620
13.641156
11.297636
7.107026
11.609903
10.714249
5.143686
7.460377
7.873575
8.131913
13.753067
8.629831
14.646946
9.031034
8.716107
8.624052
7.010442
8.215440
7.147484
13.412855
12.058798
10.438975
13.083737
9.312559
10.428091
8.344812
8.866870
12.234773
7.707997
7.003680
3.445109
8.477570
8.479511
9.298421
11.157718
8.892294
1.345302
8.704248
5.143553
5.087290
2.481774
4.333896
1.159343
7.060520
-0.992155
7.952265
7.321169
7.203003
1.165898
4.094453
5.036308
-2.278915
-3.545618
-0.880197
-3.943451
3.245239
-3.653304
-0.235197
1.630107
1.590415
1.549985
1.172205
-3.900101
0.421412
-1.753315
-6.335587
-1.281865
1.256001
-3.383959
-5.440660
-6.404471
-1.360453
-9.275762
-1.048252
-10.095466
-8.424218
-6.532383
-5.651085
-8.554500
-7.875028
-2.645382
-7.863710
-4.660293
-8.859722
-3.551912
-3.704857
-10.190419
-3.835721
-8.018506
-10.521932
-6.441666
-6.130047
-13.562484
-11.604967
-8.662572
-11.307918
-12.963581
-6.479292
-6.030620
-13.543799
-10.123317
-12.130736
-8.950043
-13.318600
-8.770410
-6.834844
-14.846684
-9.674235
-14.539312
-5.559435
-6.056828
-8.620992
-10.563454
-14.025486
-11.150054
-7.772937
-9.756899
-12.174855
-13.603825
-4.239995
-9.295125
-5.710173
-4.503902
-8.659725
-3.599959
-11.995571
-10.524779
-11.098668
-7.930364
-4.561233
-5.767571
-4.560180
-7.261482
-3.087817
-9.114022
-6.976925
-7.396286
-10.322246
-3.220668
-9.755566
-0.517521
-6.720664
-0.849330
-8.479824
0.096596
-2.870989
-4.242348
-4.239870
-5.319293
-3.717195
0.480935
2.430341
-5.890063
0.567967
1.215391
-0.797644
-2.649629
