4.781089
4.666153
-1.915057
4.309596
2.379017
3.767067
-2.743832
4.801797
2.146923
7.442586
7.473257
-0.454365
4.361912
5.109664
0.982353
3.898468
1.130420
2.013697
9.286548
1.595285
9.556388
5.869367
5.691579
4.593974
2.289684
5.351190
11.051142
7.373145
7.253288
9.829423
4.132662
10.544840
12.165792
9.418091
12.311813
10.464896
10.004941
12.671285
12.706212
14.180269
9.018947
8.285702
7.173284
6.057312
7.556656
10.793212
6.349510
10.098886
5.347793
11.905674
11.742532
8.693319
12.639553
6.172386
4.896620
13.276508
11.025268
11.547903
8.716084
10.756464
7.129275
7.420379
5.210469
4.447976
8.599322
10.932591
5.887511
11.579169
7.757242
10.325066
6.787761
10.417803
9.590105
4.983907
5.864470
5.405869
7.487385
10.907008
7.572686
5.371614
9.412705
1.396069
1.651690
9.682292
0.088280
0.988573
5.168510
2.919433
6.766484
6.800306
-0.321327
4.888686
3.605994
4.627864
1.871279
4.950228
5.132273
2.126883
1.488142
1.295955
3.884378
4.142887
-0.746140
-4.567258
-2.912845
-5.541254
1.476790
-6.167586
-6.518924
-1.599907
-1.694313
-8.336123
-6.835893
0.034709
-4.544290
-0.729558
-5.812293
-3.557270
-6.673233
-2.021827
-2.856207
-7.125037
-9.284605
-11.747701
-5.038700
-5.614091
-8.571684
-5.164010
-6.569824
-8.868388
-7.824646
-13.210299
-10.296649
-3.770721
-4.569909
-7.057882
-13.168532
-12.847670
-13.477694
-10.918078
-13.708577
-13.552065
-10.603688
-8.911204
-4.915727
-8.265051
-7.428629
-10.403368
-5.965686
-11.592285
-11.917927
-12.524611
-11.719846
-8.025937
-6.660670
-5.577770
-13.518978
-5.250644
-12.946947
-7.937495
-8.864411
-12.483432
-12.663156
-12.311349
-10.836256
-10.713831
-9.907192
-7.061306
-11.602582
-8.005093
-3.495834
-3.126191
-6.267710
-7.650813
-7.124179
-10.329854
-2.766540
-4.354632
-2.301931
-10.554663
-1.677669
-8.444365
-0.423145
-1.633456
-4.047097
-2.490519
-4.324433
-4.161528
-5.755729
-1.904942
-2.685289
-4.514828
1.213269
-5.591500
-0.807207
-2.141567
-2.860477
-5.220477
-2.451259
-0.069218
