-1.797244
3.589084
4.706122
1.524887
5.705618
-0.170338
-0.299000
4.055295
1.440523
6.412048
2.600909
0.952182
1.053582
0.979011
1.674002
5.277575
2.849321
4.291834
1.474861
6.052204
6.282928
4.365763
7.229091
11.615814
5.427795
9.380362
6.854762
9.830757
8.442424
5.239041
5.958603
9.017010
11.383097
6.818606
4.269625
13.401885
13.766973
5.488231
14.280506
8.306216
13.399894
10.075705
13.709979
12.638735
14.774187
9.038242
7.668002
14.392864
13.049859
12.474133
12.378604
8.380530
5.620539
9.541944
10.458931
13.105255
5.425364
7.544991
9.111155
7.196880
4.774972
9.240303
4.242180
13.999625
8.412946
11.457699
4.690323
8.586328
12.475588
10.383572
4.320337
3.470173
10.460271
3.050043
4.180698
6.742906
6.735403
4.826958
1.598237
6.277157
2.966723
2.907448
5.507250
8.538162
0.859516
8.409670
4.443702
-0.185572
4.927705
0.612582
2.129841
2.140653
-0.536801
-0.342985
4.052175
-2.137388
-2.277958
0.961949
4.769819
0.327208
2.131640
-5.361014
2.367251
0.158702
2.963038
1.588262
0.487970
1.197535
-4.505664
-8.046397
-1.083708
-6.454898
-7.970795
-1.328261
-5.621606
-9.732803
-8.391447
-0.967176
-6.687828
-1.000346
-2.390431
-6.119999
-9.898786
-6.949552
-3.833790
-7.247789
-4.939586
-10.316952
-6.388409
-3.440676
-7.208728
-12.200706
-11.281395
-10.717779
-7.811181
-5.549394
-4.326453
-13.799052
-8.157556
-12.356503
-13.325429
-8.201148
-13.687928
-11.873639
-6.928706
-14.069638
-5.318377
-7.718569
-8.638821
-7.831501
-7.416752
-13.214605
-14.729503
-13.424211
-10.480220
-5.807484
-9.233214
-4.722639
-6.685790
-8.870046
-8.142539
-12.990796
-12.281404
-12.909882
-11.455098
-13.361723
-10.706732
-4.915026
-12.792554
-5.008984
-10.458073
-6.394612
-8.434284
-11.041137
-4.232127
-2.043473
-8.741526
-9.758276
-1.855192
-3.315639
-6.598328
-5.790224
-9.599290
-5.326781
-7.752597
-7.225062
-4.999915
-3.107155
-5.210578
0.055402
-6.171380
-3.895067
-2.292556
2.571125
-4.920304
-0.635706
2.473553
1.019441
-1.170357
3.997747
