-0.414777
-2.451389
-2.876266
6.108072
5.748360
3.227842
3.782971
2.509745
0.310060
1.772521
2.061622
5.512335
-0.388616
6.015158
6.366614
2.757192
3.447456
5.379921
10.426635
1.628508
2.666192
8.409317
3.765800
4.542749
2.743815
4.120069
7.509394
5.203157
12.186537
5.503361
7.543002
8.349069
13.505999
9.133557
11.639794
9.535981
13.982254
13.160553
8.886048
11.330139
6.296516
9.185013
5.752651
8.300141
11.781004
8.684555
5.957118
5.955537
7.914261
10.937672
10.366611
6.820911
5.890732
11.472418
4.929183
4.981497
6.067412
9.961886
12.577414
13.423740
11.855637
11.035590
10.029210
4.071858
13.104550
4.700812
9.126517
12.583203
3.615756
10.409448
10.651232
11.098464
4.165181
2.390334
8.339051
10.559175
5.105458
11.103006
4.523207
6.353943
6.893874
6.710148
3.405525
8.789424
3.910518
7.139374
3.625214
6.766605
-1.584014
-0.463555
6.746772
2.916517
1.304911
-0.290338
0.699756
3.861738
4.249177
-2.461736
3.621694
-2.313910
-0.699050
0.849741
-3.846303
1.061120
-1.746900
-6.360100
-5.294783
-4.680778
-4.464030
0.387411
-0.199910
0.190591
-4.416835
-4.780862
-8.288748
-5.456372
-2.733419
-4.605285
-2.923828
-8.403089
-4.544991
-5.514799
-11.250827
-11.225289
-2.120143
-4.520721
-10.911191
-6.451582
-11.283396
-3.222362
-11.239680
-8.385399
-10.305959
-9.761812
-8.906921
-7.713198
-10.940832
-4.639335
-14.384730
-13.441981
-13.913382
-13.548077
-6.479713
-11.105110
-10.753037
-9.080884
-12.683627
-5.482151
-6.806453
-11.450305
-6.184996
-13.801311
-14.644599
-13.813034
-6.576208
-6.680049
-12.056791
-6.021387
-11.669662
-8.000133
-10.748691
-10.631225
-13.189540
-11.728488
-7.634173
-5.129097
-11.294603
-7.982958
-9.385765
-3.903965
-3.567604
-7.631170
-10.620679
-5.573149
-2.655874
-9.732381
-8.616327
-10.527471
-10.665989
-3.285662
-4.296827
-5.767213
-1.044577
-3.648124
-6.669112
-5.273016
-5.423510
-7.904101
-5.559509
-7.113550
-7.022065
0.818596
-4.195060
-2.242712
0.333793
-6.083162
-0.898601
3.515322
4.181838
-4.837760
