3.600394
4.756075
3.824145
5.352907
-0.424222
3.745900
6.277660
0.388499
-1.033071
-1.086072
-1.273183
2.075709
7.145738
1.643104
2.528208
6.177655
8.728615
7.856804
7.463565
6.770735
2.289548
6.949006
8.110778
7.623428
8.550883
10.918345
11.890582
5.424056
5.001664
6.229537
4.772027
8.178219
4.001675
12.183359
13.680913
8.602092
4.283163
7.462158
7.743011
5.663433
7.699898
12.547852
8.319624
10.122430
12.691337
12.387965
8.319212
12.579813
10.522218
9.248048
7.307653
8.684791
12.476417
10.309190
11.053390
13.951866
9.867081
14.499338
10.580460
7.559612
5.843829
6.122347
9.981213
11.614797
3.983473
4.822654
12.625740
5.893476
9.060185
7.201310
7.977036
11.849233
11.888635
4.413311
10.741001
8.923729
9.982554
9.162964
5.324768
2.019745
4.719175
10.073553
2.636884
0.939849
1.567519
6.389620
3.910502
1.749509
-0.380901
5.494639
-0.054345
1.518251
4.317049
1.229908
-2.655149
2.782110
-2.943289
1.561736
-2.201728
3.609763
0.487053
-0.499140
1.235515
-1.447078
-3.357739
-5.101602
-2.224523
-2.101190
1.987560
-1.447283
-4.968434
-2.851375
-8.679369
-4.232416
-3.577699
-9.316683
-8.742029
-2.157166
-1.753096
-9.110913
-1.633394
-5.972920
-10.072449
-6.632037
-11.464117
-9.284636
-10.529686
-11.313674
-6.927165
-6.183528
-4.613795
-4.848850
-5.613886
-8.973399
-10.244140
-4.412269
-13.634882
-10.877341
-4.722110
-11.506971
-12.297647
-8.035632
-11.421866
-8.311557
-8.052535
-11.067287
-9.133937
-8.835860
-7.026593
-5.259612
-8.130012
-14.158491
-8.258818
-5.579235
-12.992161
-4.943257
-12.375817
-5.250068
-11.128966
-12.377254
-5.748818
-7.961359
-6.823442
-6.158301
-8.098779
-9.986203
-7.792098
-13.419567
-8.563991
-6.364431
-4.219075
-8.883778
-9.687670
-3.272833
-4.768102
-8.406631
-8.761200
-7.312359
-10.941626
-1.963043
-3.989046
-5.339642
-9.781941
-0.817658
-3.944370
-5.812452
-2.550184
-7.168998
-5.516939
-1.249431
-6.570377
-4.523045
-6.646889
-2.351139
-4.028709
-3.300764
-2.165601
1.395685
-1.622101
-2.357105
