-1.551030
1.723046
3.347911
5.830755
0.407524
0.276362
-2.033460
2.894479
5.320190
7.724806
-0.153440
6.529205
5.671196
1.701299
3.038193
8.231482
8.523958
3.322402
2.661245
8.829094
2.833766
11.034177
11.053617
3.054600
5.624366
8.425940
8.956374
7.392503
11.799862
10.013342
9.558804
11.220898
7.895915
6.379997
6.463263
6.871472
12.213231
5.925575
5.404316
13.638850
5.659627
14.660206
11.219068
8.597276
11.217244
14.200082
11.744653
5.658099
8.522723
12.141613
6.983270
14.519906
13.500299
13.603699
6.479930
13.827721
13.597105
9.645008
9.049281
8.979815
13.414731
6.843551
5.084185
14.025625
7.467386
7.032561
12.895651
11.537519
4.775788
11.715496
10.701350
5.657662
4.922008
9.159687
11.198272
10.588444
2.816714
10.980324
3.656103
1.846199
8.960666
8.797305
7.712877
8.662805
9.195780
7.572524
5.446594
2.802297
2.511341
3.238835
3.880681
7.205040
5.738081
3.256021
1.018769
5.515068
-2.361625
-1.760557
-1.538252
-3.340596
-4.332396
-3.810937
2.778152
1.952253
-0.228434
-6.220983
-0.435123
-3.393940
0.219767
-1.198115
-2.106795
-8.661202
-1.193823
-2.866711
-8.437454
-7.065659
-2.455160
-1.864217
-4.978435
-7.145728
-2.824541
-10.516519
-9.364163
-10.868334
-11.340037
-9.755991
-5.540576
-10.353970
-5.935841
-4.887575
-4.122232
-11.637771
-10.544623
-11.112014
-8.902858
-7.728748
-6.287261
-11.106874
-12.249428
-11.645327
-8.811837
-8.343612
-5.852637
-13.477429
-12.203319
-14.070394
-7.236679
-6.051616
-11.018258
-13.017705
-12.977352
-13.050540
-13.249778
-6.768845
-8.645199
-11.402657
-12.036131
-7.683027
-7.072680
-13.299073
-10.507114
-11.062626
-11.530435
-12.048881
-7.849270
-10.791728
-5.359166
-11.510797
-13.132400
-3.691538
-4.115249
-4.493568
-4.578107
-9.536920
-6.565230
-8.382764
-3.321721
-6.979875
-5.089558
-8.375483
-8.797140
-2.547790
-2.843574
-9.001904
-6.943109
-1.578462
0.354939
-5.926741
-5.872036
-0.465753
-4.424134
-4.479438
-4.699921
-1.600421
-1.807298
-3.280844
2.633054
-4.250705
-1.235835
-0.372298
