1.482809
1.142095
0.447792
-0.149597
-2.788566
-3.123915
-0.477518
2.339574
3.635771
1.258434
0.081197
4.845772
6.820975
1.817996
7.808018
2.394489
5.244010
4.167165
1.821750
9.433265
10.981166
10.742956
3.126637
6.260965
8.853553
7.828339
5.158061
7.911632
5.910783
5.729930
9.149880
13.113515
7.960295
5.768153
7.894804
5.029675
6.783037
10.398470
10.714140
13.522917
4.902779
13.385138
9.320234
13.123049
7.958147
11.266975
10.683091
7.446238
10.496139
10.059690
12.115336
11.592897
6.475342
7.048461
6.297232
5.967358
6.170496
13.837382
5.850018
4.854813
8.080870
8.845365
4.372571
12.068612
5.210230
8.410113
12.706299
11.057396
6.013162
4.761942
8.980918
12.238978
11.016558
11.952533
2.821004
10.722502
4.108450
6.575572
9.861788
5.129208
3.765238
6.067520
9.198664
7.177217
9.114180
7.531929
0.962035
1.019840
3.687211
3.169997
2.507743
0.402435
0.372933
-3.119722
0.499012
0.584255
1.129440
-0.634568
0.346549
-1.135763
-0.153696
-1.781744
-4.575328
-0.535057
-0.976917
-4.828760
-3.921567
-6.225894
1.189806
-4.877380
-1.376897
-2.054906
-2.698483
-4.413539
-8.345709
-0.105164
-8.370209
-9.649367
-7.154872
-8.199359
-6.281536
-3.113803
-6.718560
-10.910286
-4.517013
-3.601238
-8.728007
-9.977358
-6.727116
-10.255792
-6.200674
-4.336719
-6.460933
-9.171799
-10.715683
-12.768799
-12.690167
-9.178753
-12.582022
-5.564063
-4.838944
-12.666018
-12.903294
-5.762145
-7.020637
-5.199904
-14.234855
-9.619012
-7.964437
-11.205237
-6.600895
-5.578260
-10.541569
-7.545994
-7.487618
-10.899028
-7.485000
-13.287284
-7.978328
-9.311205
-8.873783
-13.731856
-11.446188
-4.248739
-12.966748
-8.649245
-12.944046
-10.008606
-10.239567
-11.534116
-4.723442
-7.030772
-7.740525
-11.563934
-5.812781
-1.912850
-7.013642
-2.570251
-3.129967
-1.354428
-10.037637
-8.157602
-7.093026
-8.694891
-7.429948
-1.317603
-0.682375
-1.157025
1.528099
-5.568664
-2.364904
-6.256559
-6.395678
0.359918
-0.220233
-6.087317
-5.910635
-3.317520
-4.781325
-2.700111
