-3.825964
3.184085
2.160606
0.851022
-1.829385
4.462973
5.520280
0.296210
1.683020
6.707991
6.216887
5.076519
3.848815
7.996441
-0.386179
4.786140
4.208547
3.196865
0.763716
7.671240
3.229649
1.926534
4.453716
11.607518
9.622761
7.496709
7.451338
3.137014
10.244246
3.910165
4.999663
5.019176
10.250290
4.403210
10.994048
12.862526
6.951496
9.679735
12.979352
12.643460
10.768644
9.290901
7.885678
7.671571
5.799336
8.740156
12.857865
14.526651
14.911403
8.480008
11.874417
5.436617
14.765776
10.170732
10.378648
9.322035
7.991066
10.690704
7.995829
4.534348
8.747267
13.996293
7.511877
6.642492
8.085426
11.786613
6.728412
10.573637
7.456619
12.859339
6.899254
9.519221
5.559911
8.295759
3.810970
5.866419
6.031296
10.362952
6.099463
9.154188
7.862212
10.269228
5.239999
8.263907
0.727837
6.915934
7.722948
7.250700
-0.808605
6.907132
5.141213
7.376921
6.507849
4.222251
-1.219198
2.501330
-1.356083
-1.729352
-2.045538
-2.548496
-4.229023
-0.044601
-4.897815
-0.836676
1.159551
-3.870674
-3.665769
-4.767127
-2.851046
-3.049285
-4.921202
-0.073015
-2.585197
-3.505215
-8.461406
-3.785000
-3.240738
-5.216358
-8.072412
-1.130761
-2.904487
-6.607258
-2.910202
-6.019011
-11.889725
-5.688083
-9.214042
-8.965382
-7.220334
-6.915483
-8.588019
-11.020995
-3.812858
-6.790160
-12.902162
-6.253045
-13.095238
-11.575320
-13.511275
-12.452208
-10.178099
-7.647005
-8.230888
-7.649653
-11.337628
-13.013358
-12.793296
-7.108149
-10.626329
-6.679569
-12.263653
-7.951505
-10.325556
-5.680621
-10.582397
-8.536710
-11.043811
-5.127150
-12.034396
-6.095116
-12.919407
-13.705515
-13.439297
-9.678706
-11.077197
-4.306860
-4.554976
-7.139965
-4.650362
-6.304912
-7.623363
-10.261723
-11.627345
-5.307811
-9.426823
-4.205743
-7.754539
-9.842103
-8.157038
-7.777588
-6.191086
-0.429153
-7.624070
-3.087476
-8.333024
-3.218441
0.655024
-1.651255
-3.206348
-5.699260
0.855649
1.413795
-6.807036
2.314591
1.889066
-1.884918
-3.313898
-5.438860
0.500703
3.276979
