-1.200130
5.540068
2.785838
4.980960
1.261447
6.043069
0.316643
-0.483918
7.038872
7.567255
0.594186
2.243413
0.517757
3.989233
3.221588
8.702054
5.875885
8.931192
4.088107
7.928548
7.504283
5.428932
11.289100
4.586841
11.425178
11.328698
4.775980
9.857584
5.614825
3.495701
12.913433
12.525804
4.597182
10.464442
11.739527
13.846429
6.576246
6.899531
12.452219
5.580861
14.429891
9.480176
5.071296
10.914671
5.050056
10.329345
4.964203
6.020381
9.231081
11.869136
13.255548
12.085907
10.812080
6.910881
8.292483
11.246552
8.100869
4.709685
10.298135
12.425696
6.060873
8.576491
11.500201
12.392209
8.030569
13.197686
10.311017
5.645635
8.312096
10.748985
3.434980
12.473658
12.475368
8.659682
8.094383
4.499880
10.101426
6.783489
8.135353
8.146978
3.978925
7.470438
5.527813
1.007043
5.040821
2.020683
4.322417
5.298971
-1.204925
-1.325561
-1.602499
1.761779
-0.960518
-2.409957
1.834230
5.201019
-2.399326
3.225565
-1.525667
-4.493642
-3.015454
-1.164496
-4.150743
3.057715
-1.351323
2.687068
-4.252298
-2.321499
1.434413
-1.975612
-3.230029
-3.772271
-4.995776
-2.235031
-4.551731
-9.512620
-4.607612
-5.043866
-5.026583
-9.748934
-1.899642
-1.472536
-5.462334
-10.315384
-6.331768
-10.596473
-6.679698
-7.618519
-7.073330
-6.299356
-4.594343
-9.143102
-6.403742
-8.099364
-12.968624
-4.663850
-13.476637
-11.460535
-9.165400
-9.271427
-11.040621
-9.737903
-9.014323
-7.848981
-9.814261
-12.505167
-7.345645
-12.433122
-12.735179
-9.875330
-8.005387
-12.563614
-13.225885
-7.046369
-8.810031
-6.539178
-10.749566
-8.120136
-12.570340
-4.711349
-4.705946
-9.401198
-11.309070
-4.696521
-8.628141
-11.092981
-3.803290
-4.635181
-5.861331
-10.126019
-10.874134
-5.693220
-7.453284
-5.406054
-7.219631
-11.762349
-11.061941
-5.732692
-9.311626
-5.772173
-8.890424
-1.175110
-7.552081
-0.816054
-8.753719
-6.507192
-6.253042
0.458728
-2.039604
-0.666013
-7.758249
-6.166697
2.798933
-3.671312
-4.276120
-4.360560
-4.135468
-3.813119
3.075032
4.380760
