-3.578738
-1.718857
0.832919
3.422199
-1.135826
-3.081177
3.059885
-0.571961
1.520818
5.470484
4.903513
2.929694
3.047377
6.294531
7.521016
2.066102
7.022273
8.417741
0.678200
5.789539
10.522572
5.757927
9.910015
5.087179
8.412589
10.693814
9.202018
9.579005
10.311347
7.359056
11.883175
13.160558
13.047008
8.549352
10.469182
6.886326
9.983479
10.471687
13.616857
6.132027
8.013276
10.563708
9.393815
5.342607
9.988751
7.227873
6.287208
7.000097
5.543769
7.955310
14.872389
9.187570
14.819682
12.360948
5.629737
7.241847
9.653431
7.537314
11.769277
5.646975
5.051442
8.159249
12.722902
13.871023
11.843224
13.415081
11.019828
4.443329
3.508981
5.373156
7.237639
7.788992
4.757177
7.716147
10.910154
2.861319
9.130951
9.173141
8.914724
3.815000
2.837353
6.262189
1.328116
0.046448
2.095182
3.726274
4.123649
-1.312994
6.237932
-0.952940
3.492141
1.729140
2.168923
6.776594
3.452050
3.473895
-3.336850
1.628890
4.033011
-2.448089
3.231134
-3.084330
-4.205051
2.378317
2.314507
-0.595682
0.836202
-4.216310
-7.156875
-4.067584
-7.069676
-6.275823
-5.954366
-1.254265
-4.630683
-0.469442
-2.563867
-3.567817
-2.365214
-1.949369
-8.294282
-5.310935
-6.121373
-8.475688
-10.419829
-5.936898
-12.054194
-12.024684
-10.967463
-9.401899
-8.058456
-8.470061
-11.422552
-10.233385
-6.330564
-12.757278
-5.286338
-9.760550
-8.296112
-14.071212
-13.883318
-11.616484
-7.069384
-13.444680
-7.382861
-12.337457
-13.147719
-11.172547
-9.678092
-6.864251
-13.715397
-9.669166
-14.075634
-14.341375
-13.334859
-4.829227
-11.425433
-6.581328
-12.935470
-8.921930
-5.100134
-9.734132
-7.511360
-6.269405
-5.545950
-9.432805
-10.345211
-5.135996
-5.335274
-12.443480
-11.231293
-7.980539
-11.095176
-5.513817
-9.953982
-7.394635
-5.105651
-4.281389
-1.675325
-4.726756
-3.160807
-9.623426
-6.971327
-8.892865
-5.238171
-0.322999
0.257140
-7.482034
-6.056980
-4.632512
-1.802169
-0.087414
-5.631575
-2.142986
-1.630674
-3.165977
-3.441008
-2.828004
1.203186
-4.309689
