0.933736
3.122370
4.169190
-0.603501
3.446002
3.400983
-2.136291
-1.511721
-0.709867
1.973419
7.347549
-0.528335
-0.813814
9.118802
6.685763
7.196368
0.580735
4.407048
5.153680
9.158719
8.430088
10.146276
6.954620
4.924675
9.980931
8.794690
2.941991
8.396929
4.971134
5.764495
7.040851
13.012152
12.365681
11.557818
7.408666
9.370429
12.609846
11.031652
4.729516
12.549140
9.735508
13.992176
11.907043
8.505067
11.805264
12.437412
6.366116
9.134143
11.784046
11.477489
9.803874
11.967707
8.473818
7.665791
11.558894
9.193470
8.503504
13.459371
5.491494
14.006178
6.676484
13.914544
9.907035
12.564586
6.186195
6.411374
10.911847
6.163955
7.502535
3.624597
9.232942
4.441645
5.303773
4.914529
6.444324
10.046409
5.922739
10.833902
3.588716
1.659409
9.350895
4.324996
5.033351
6.078061
4.294911
9.072510
7.846682
3.261252
-0.187868
7.518053
7.621132
1.851838
1.622867
6.259640
0.225714
-3.117753
-0.712069
-3.650621
2.574604
-1.812384
-1.617472
0.544466
-5.257474
-2.542165
-0.175264
-5.302047
-1.942433
-4.706063
-1.401826
-0.050076
-4.484561
0.270459
-8.432021
-8.121853
-3.798935
-1.290952
-5.194703
-6.729127
-4.143589
-8.066677
-8.666724
-2.381462
-7.779241
-8.687797
-10.798121
-11.200159
-3.190782
-10.374790
-11.057823
-8.404908
-10.093687
-6.645433
-3.837685
-10.293809
-10.099900
-4.272067
-6.984815
-11.362304
-11.500548
-12.599461
-8.895657
-9.634340
-6.006468
-12.092780
-6.273713
-6.667275
-9.601636
-5.108884
-8.026807
-8.747219
-9.086263
-13.428834
-7.603339
-8.180941
-11.583204
-8.398390
-4.768467
-10.650948
-9.761381
-8.168513
-13.002501
-7.086226
-8.418967
-5.587905
-10.026851
-11.956161
-10.789898
-9.342643
-13.024920
-6.503019
-9.784094
-6.076712
-12.448079
-6.074942
-4.003451
-2.598388
-10.752119
-11.137418
-2.712148
-8.026819
-7.165012
-1.622633
-7.534241
-2.599407
-4.506028
-2.124601
-2.754263
0.196382
-4.431317
0.713722
1.406478
-6.657383
-0.732993
1.591183
-3.542879
-1.227296
1.606628
0.655740
-0.109596
-0.096363
