-1.937403
-1.992488
3.749696
-3.340788
4.555803
1.500045
2.081871
-1.634882
3.045012
3.266972
-0.126747
6.363254
6.700646
0.673570
9.057519
0.847726
7.403621
3.696392
1.283663
3.677969
10.522020
7.423813
3.468362
9.068550
8.398522
6.091151
2.571809
8.102838
5.778669
5.890802
5.527613
6.172538
6.416761
13.227033
8.204891
8.595110
11.132784
6.338111
10.205647
5.761984
13.688054
9.894345
10.555160
13.871152
12.980552
6.415859
5.354208
8.003229
12.056557
5.316918
14.937907
12.994024
13.680887
11.196358
6.370583
5.804307
9.555838
8.722573
13.398711
10.854548
6.259835
8.362737
4.355180
11.025573
9.097394
7.886270
9.327024
5.459196
4.271802
10.637479
9.279963
11.668113
3.672787
6.940498
7.999753
8.356271
8.904350
10.707149
6.889483
10.826792
4.871448
6.962224
3.937596
4.610896
7.637355
6.499452
8.533199
-0.046614
0.613130
4.545076
3.862349
0.573074
2.229952
0.093804
2.158607
5.051247
5.095233
1.118893
3.435468
-3.000265
-1.781366
3.398178
3.167945
1.692674
2.983158
1.370644
1.183898
-1.260248
-7.730490
-0.934069
-7.498734
-5.138700
-5.633255
-5.086315
-8.378748
-5.492332
-1.132690
-1.582918
-6.940274
-6.874971
-5.106188
-3.411301
-11.232632
-9.889009
-5.952283
-6.517073
-11.842745
-11.496824
-8.211705
-11.034841
-12.800786
-12.280029
-8.869092
-11.438662
-5.729437
-5.124001
-10.799694
-6.965630
-9.732050
-12.446515
-14.245373
-10.336351
-5.555378
-4.871147
-7.628234
-11.824501
-13.193387
-8.686779
-8.580143
-9.173942
-9.539341
-12.336013
-14.249759
-11.909204
-8.253617
-11.469647
-7.754236
-14.331097
-10.884505
-11.122861
-13.702432
-8.268756
-13.915650
-9.300431
-6.963041
-6.676102
-12.393444
-10.252626
-6.069670
-6.639860
-6.651154
-6.152837
-10.384263
-2.859984
-6.274214
-5.007566
-11.594493
-1.585304
-4.989343
-4.709572
-4.234882
-7.182384
-5.058138
-1.537787
-8.431236
-8.391957
-3.035732
0.608963
-1.182637
-7.461150
0.977426
-2.604141
1.226965
0.417967
2.744631
0.252860
0.667367
-1.234529
3.593791
-0.194697
