0.613992
4.513439
4.173942
0.221987
-0.866718
-3.115715
3.791674
0.802444
6.587396
5.296204
0.340453
3.847182
2.240434
3.377040
6.680476
4.543219
3.965481
4.998708
7.903597
9.182716
1.895346
4.944076
2.860140
10.896141
9.367552
7.452222
2.650857
8.052280
7.589447
4.724928
10.473604
8.200016
4.294413
6.344513
5.908443
9.267471
8.432457
13.603887
6.397743
7.135812
12.929702
8.619644
12.878567
14.652760
11.698199
13.262287
5.280481
6.362286
8.449730
13.425038
8.380306
7.649309
14.548185
6.624863
5.052358
6.885546
13.336501
5.915918
13.784123
6.455511
13.214564
13.256624
7.323994
7.911232
12.633517
6.046631
8.333777
11.815959
4.414843
3.538749
12.295323
11.627755
4.927592
2.930352
11.455645
7.943712
3.469384
2.689080
6.898895
1.517359
4.473031
9.679551
4.894103
3.592327
1.595814
0.974746
4.621062
-0.906586
2.357004
-0.493155
-1.685224
-0.860529
5.924787
0.470493
0.023722
1.147904
-0.547961
3.899837
-0.789202
-1.438524
3.976877
-3.079084
-1.238364
3.230415
-1.531445
2.547467
-3.141357
-6.433273
-3.359187
-5.526893
-6.734897
-0.679995
-6.477070
-1.708012
-6.343455
-1.039389
-7.522811
-3.915076
-2.229060
-4.203015
-5.800444
-3.079871
-3.924958
-5.673320
-3.794047
-6.907690
-8.562632
-6.694016
-8.563933
-5.378891
-7.838861
-7.550849
-5.475439
-6.171493
-10.393651
-10.414984
-11.003315
-5.166677
-12.827583
-14.011123
-8.350427
-5.063762
-11.141809
-7.918870
-10.920921
-12.753089
-11.627335
-11.192170
-10.133244
-7.613563
-11.118958
-5.461778
-9.577918
-13.263456
-12.157132
-14.044453
-9.959832
-14.040917
-9.153307
-9.818000
-10.490389
-5.709576
-6.345371
-10.074961
-5.516055
-7.358412
-5.400080
-8.204559
-8.189881
-4.885127
-5.291509
-9.328918
-10.668898
-3.898576
-8.176173
-3.970238
-4.124040
-6.216585
-7.697390
-2.005187
-2.612019
-6.823397
-9.761944
-0.141234
-4.470488
-3.050992
0.243442
-0.308197
-2.143667
-1.416354
-6.759936
0.415503
0.779141
-1.841485
-3.936916
-4.274171
3.952053
0.792503
-2.986470
1.747579
