2.113968
-2.743255
2.739058
0.286182
1.792022
2.696325
6.921098
3.368807
1.369039
-0.229351
8.305055
5.308664
3.639649
6.631412
0.794403
7.472912
2.906779
7.694967
10.198452
5.101884
1.285044
7.791303
7.759019
3.016345
3.690675
9.422513
5.841136
4.768304
2.952588
3.670814
9.203378
4.089839
3.933645
8.964428
6.516852
9.179834
5.504859
7.121419
14.063197
11.786481
6.657893
11.692268
7.928429
4.870169
6.172189
11.945257
6.473066
9.915106
7.700520
14.026183
12.840324
7.930108
11.243414
7.398305
8.451615
9.919603
11.568925
13.397711
6.640267
11.459297
7.783138
9.856012
7.750152
8.602445
11.017287
11.210704
9.482089
11.261710
10.023439
12.416510
6.928007
4.661183
10.884560
9.255270
2.287575
2.269418
4.271980
7.898953
9.038514
4.175168
7.786808
0.635106
2.672352
2.331647
6.592256
5.672088
8.815446
5.496095
3.657221
2.406613
4.485794
2.795357
-2.679575
3.783549
6.096190
1.289947
2.082370
1.477333
4.549849
-3.726877
0.607814
-0.493998
-5.868914
3.297022
0.160084
-1.499720
2.263494
0.710721
-3.607397
-3.441817
-8.141162
-7.996175
0.642575
-0.100407
-7.803411
-5.708158
-8.175082
-6.484933
-3.138772
-6.866999
-2.828909
-3.527361
-7.516447
-2.934096
-2.781423
-5.665318
-10.757636
-4.394248
-12.768384
-10.287939
-9.327853
-6.930622
-10.391878
-7.288789
-11.867642
-9.181620
-4.964180
-5.025907
-6.390079
-11.661845
-5.827990
-6.277546
-5.841894
-13.587504
-11.836976
-7.874254
-13.147094
-13.374047
-6.683490
-10.737567
-9.909703
-8.380267
-12.237437
-9.299577
-10.509747
-8.586496
-9.606689
-4.789872
-4.882290
-11.807856
-11.434152
-7.437031
-7.645237
-6.350891
-4.909674
-3.910833
-6.278605
-6.547367
-11.273486
-4.990044
-4.684327
-11.675797
-11.710238
-7.486303
-2.927038
-6.090455
-2.126580
-5.683858
-4.207771
-6.193197
-4.041625
-8.458162
-0.680908
-4.244296
-9.415105
-4.954140
-4.716415
-2.965596
-5.339148
0.807794
0.207801
-4.749442
2.398357
-1.337884
-5.534791
0.218121
1.968260
3.077866
-1.335566
-4.119133
