-1.415039
3.684026
-0.344171
4.497821
4.545269
2.941570
2.423191
2.016624
7.708868
1.227553
5.773757
4.694108
1.097032
8.516805
8.240617
3.906266
8.620925
5.831278
10.156744
1.609740
1.170973
8.991443
8.894201
2.196545
5.216659
3.378980
9.643931
4.404094
12.202283
12.640300
6.573882
7.789180
4.849809
13.289989
5.623613
8.703906
9.002029
5.104223
11.705050
9.321116
11.949217
6.963514
5.680205
5.347387
5.637626
11.652889
12.512662
8.167797
10.491202
12.565373
12.568016
13.419275
11.459546
11.848261
5.678819
10.030493
7.156836
4.921632
7.970557
12.980906
12.729029
5.783205
5.147683
9.402826
12.219634
13.549263
9.815499
13.207012
3.603580
6.709878
7.460180
3.512014
7.093533
3.711374
9.709258
9.812858
8.912953
10.591407
9.418363
4.604387
3.023044
6.394538
4.493218
6.751516
6.033401
8.871612
0.728390
2.026300
-1.335895
-1.757365
1.208538
3.465348
2.701584
0.805460
-2.896906
-2.879783
2.074446
4.633575
4.372469
-4.274028
0.622850
-2.464685
1.916463
1.475435
-3.678487
2.546928
-1.369410
-4.051276
-3.507430
0.420189
-0.177121
-7.476160
-2.642397
-2.618262
-3.571433
-6.829420
-3.415363
-10.227858
-5.327364
-9.915966
-7.088283
-1.706458
-8.672664
-6.835509
-11.614171
-9.539736
-7.409162
-5.734563
-3.701786
-6.692768
-4.311521
-6.965637
-11.068876
-9.137930
-4.895532
-4.512309
-5.049388
-7.133346
-9.105119
-13.476822
-11.346884
-7.173857
-11.511195
-10.943941
-12.429075
-8.637322
-11.196838
-9.630596
-6.056889
-7.585655
-7.819014
-7.109221
-8.046472
-11.199767
-14.446976
-7.197561
-8.820447
-10.277593
-11.816445
-7.455450
-10.536344
-12.839305
-4.915282
-10.180265
-6.251423
-9.694582
-5.903630
-3.772630
-6.183307
-12.671185
-7.674678
-6.502504
-8.878357
-3.163543
-9.457519
-7.445621
-5.321636
-1.722210
-5.797313
-10.775979
-5.752441
-4.325359
-2.633141
-4.246117
-6.523818
-7.135415
-0.505071
-1.832227
-1.183314
-5.294748
-4.187343
-4.239445
-3.371756
-5.219098
-6.063519
0.644961
3.616236
2.083138
0.638155
3.673888
