-2.590721
4.539216
1.000384
5.744901
3.609322
-1.624505
-0.528952
-1.740673
2.549588
2.794111
4.251631
7.151002
4.548384
3.300045
5.125772
5.067076
1.530092
7.434832
5.590821
8.756147
7.733671
1.839330
7.797425
10.731006
7.584850
7.729528
10.238320
9.636366
10.199178
10.843006
7.687578
9.377114
4.946847
4.259836
4.122984
6.645107
4.442152
5.103737
6.002780
4.611985
6.197068
4.762676
11.116613
11.288506
9.068974
11.766378
5.286347
8.768397
6.860346
11.256217
5.643771
13.855295
14.889823
7.622426
8.445357
13.209658
11.900656
12.709845
12.246834
5.974862
7.290475
8.326421
11.904617
11.056989
4.577326
6.142014
4.734109
8.114875
9.245762
11.245388
6.327381
8.279387
11.949036
8.053277
5.333890
6.158637
9.621938
6.735954
1.592666
10.786114
2.159860
7.820616
1.498809
5.378128
-0.226193
9.101421
3.278461
7.909859
1.412287
0.324441
-0.318743
1.692643
5.039942
4.210290
0.723116
4.841677
-2.571471
2.371786
1.260627
4.116604
3.483120
3.319775
0.710003
1.514917
-2.938700
-1.937460
-0.361822
-3.920064
1.783234
0.031395
-7.357164
-1.829609
-2.513348
-4.087630
-2.446686
-1.782022
-2.588818
-2.334694
-6.009347
-9.350045
-7.905080
-6.188765
-7.960911
-8.035424
-11.534355
-8.981759
-2.793031
-7.603174
-6.154034
-11.333497
-9.048801
-10.666615
-3.926013
-12.033529
-11.249230
-10.564380
-8.858654
-5.628199
-5.500009
-9.899033
-9.332544
-9.635576
-6.907026
-12.753942
-13.024499
-7.464344
-5.206868
-5.370154
-11.495222
-6.369929
-7.214211
-8.409900
-5.068133
-7.050579
-12.609375
-6.287952
-13.550365
-9.504696
-12.864364
-13.297657
-14.274948
-6.137942
-5.756040
-11.936581
-9.992068
-4.188850
-12.792342
-4.994864
-10.274777
-10.350063
-12.122132
-11.713518
-8.290373
-10.221431
-11.562732
-4.402331
-3.466442
-4.805809
-8.677113
-2.998978
-8.523470
-5.922612
-6.632782
-1.251805
-5.707180
-2.172654
-1.354551
-7.957274
-3.029541
-7.126692
0.722455
-0.751495
1.116236
-3.377315
3.271073
-0.392747
1.875488
0.586079
0.154192
1.320952
