5.023941
4.398128
-2.805190
2.537825
2.896227
6.155355
1.770327
4.574345
0.890302
-0.169730
5.821173
4.977621
7.402092
8.315225
4.703170
6.946832
1.168648
4.831467
8.846045
7.430037
7.574653
3.481088
9.027490
8.897231
6.360024
6.114161
10.680794
3.450122
12.230605
10.281694
4.346616
11.360482
5.359488
9.772690
8.284565
13.026418
12.993770
13.322817
8.885580
14.312021
12.325456
9.364102
7.579782
9.322705
6.479028
11.744951
10.202422
11.039592
12.311422
11.011043
13.194861
8.927843
5.373911
7.181402
5.100343
8.059463
5.148631
11.925408
13.355212
8.101157
10.755606
6.909803
5.517577
6.511451
13.656151
7.858688
7.276576
9.538671
5.288777
8.092328
11.571238
10.415440
12.397583
9.815157
4.353361
7.097665
6.556828
5.191782
3.831743
8.011933
7.093504
8.009191
8.070720
2.150964
7.520747
0.089693
0.930475
8.119409
7.581715
0.725117
7.242143
6.145207
5.659265
-2.672885
6.331192
5.603849
2.222477
4.697782
2.971634
-1.605030
3.555157
-3.311855
2.581348
-4.797233
-5.742644
-3.719723
-5.767192
-5.028360
1.068515
-1.096130
-6.884888
-6.155389
0.758556
-3.718238
-7.098037
-3.750081
-2.066299
-9.279365
-1.658746
-8.881917
-10.929008
-2.337149
-3.606407
-3.657123
-9.784314
-6.736886
-7.391457
-8.614573
-11.880642
-10.256591
-6.161963
-6.934514
-5.762283
-11.595616
-6.818296
-10.517584
-12.216469
-8.358365
-7.071942
-8.553436
-5.400227
-4.891821
-9.316117
-7.389215
-12.573074
-9.492803
-6.501550
-8.689154
-8.015540
-14.722188
-12.459053
-11.983465
-5.029453
-7.007776
-11.181325
-7.844471
-9.093201
-9.830204
-7.638501
-8.422568
-8.463603
-5.774245
-9.543188
-7.408725
-7.881627
-6.061618
-12.073831
-12.795673
-10.381565
-4.217616
-3.400515
-8.733640
-6.044021
-9.166160
-2.641287
-4.642927
-6.840422
-7.648264
-9.074063
-0.930446
-8.636203
-1.427699
-6.620289
-7.314723
-6.490669
-6.973379
-3.245362
-1.285730
1.392791
-7.536429
-3.470035
-2.783624
2.084405
-1.922266
-6.099025
-4.742628
0.330507
-2.145830
-4.087038
-0.571297
