2.341650
0.801735
3.828213
1.787970
0.957534
5.030663
-2.172412
4.999358
5.423798
1.633319
3.511046
7.988804
6.498141
4.558431
8.275539
4.126967
0.683637
1.690616
5.532022
1.631387
5.131106
5.425553
8.352965
8.853633
8.993992
4.402831
10.903095
11.857827
5.817983
12.506935
9.005735
6.176841
3.911872
6.565256
7.046627
7.551893
9.682539
6.926369
6.551532
10.828487
13.254758
13.344199
7.813773
12.078748
12.355887
12.975498
13.710208
11.821160
12.583646
11.011951
12.962807
6.838959
10.079612
6.746735
12.660314
10.643641
13.083304
5.600277
9.039245
12.671402
13.866443
10.400056
8.368670
13.637774
5.307971
10.792914
8.452867
5.638152
8.287877
10.617875
7.391095
11.872848
8.534500
10.927329
2.491824
5.313373
10.608963
5.295245
4.077417
1.569561
9.092411
5.658192
8.017721
8.169049
5.598319
6.710619
3.436597
0.669293
5.035852
7.006428
4.142378
6.609933
6.949275
4.024787
1.213905
-2.289198
-2.241886
-2.731527
-2.120664
4.137004
-2.165375
0.602762
-3.885157
-0.248973
-0.307590
-5.754912
-3.899788
-7.193197
1.643216
-5.118906
-6.392371
0.148707
-7.092931
-6.135778
-5.196521
0.036050
-8.220466
-7.123704
-5.200529
-9.143155
-8.895025
-9.890857
-7.976930
-9.015533
-4.977962
-10.165761
-9.336542
-7.479769
-12.774793
-13.000201
-6.636336
-6.881821
-13.098657
-8.639311
-7.391605
-6.984521
-7.010439
-7.913384
-4.798690
-11.485875
-8.469766
-8.174723
-8.573467
-9.223973
-12.362825
-11.350646
-12.487105
-7.134636
-7.864079
-6.372117
-10.972863
-12.931287
-8.336261
-14.529091
-9.539588
-8.009137
-12.045599
-12.722211
-10.979363
-9.162556
-10.848510
-12.064577
-7.499723
-11.266983
-11.658443
-8.447638
-11.409728
-9.708512
-11.192675
-4.202437
-12.024332
-4.890480
-4.646437
-10.061551
-9.895437
-3.903385
-3.897648
-3.579236
-2.117277
-6.419954
-6.989814
-3.910852
-8.462639
-1.429788
-6.569365
-8.222208
-0.173446
-4.751970
0.710297
-7.066962
-5.351844
-2.431960
-4.266981
-6.836129
-3.043838
-5.186788
-3.866383
-4.323984
-0.454395
2.293109
