-3.661414
5.149164
1.333886
-1.334863
0.280604
5.965983
6.853783
5.991466
4.875080
2.656371
5.866164
7.873594
1.502430
1.640718
2.332274
8.413364
2.153488
2.058976
8.768414
9.661915
7.471796
5.257936
9.518437
8.341096
4.403946
6.453833
8.967571
10.892422
8.920709
6.232390
6.070845
8.468657
6.697892
9.788381
4.850307
12.537071
6.188377
4.809825
4.768411
7.351206
6.045788
10.468029
10.246203
11.039372
12.036682
6.626361
9.042924
11.985295
7.356816
5.381539
8.611327
12.715322
12.395142
9.758932
11.721758
7.663092
5.858951
7.256533
10.309674
10.305763
9.272451
12.469839
6.969387
8.842402
9.635081
8.204522
11.470639
13.009738
12.759459
6.578597
12.168677
5.491311
7.747295
9.224885
4.839773
7.580632
6.290212
3.716538
4.717799
5.311071
6.551821
6.340347
9.716817
3.655117
4.011333
4.616871
0.260484
6.374703
5.916247
4.844025
0.690073
-1.268784
2.522293
3.827856
-0.665176
6.128066
-0.157696
1.484515
3.690892
-3.424832
-1.072189
-1.201295
0.074805
2.211834
-4.539152
-5.513290
1.623361
0.695526
-2.987969
-4.957968
-1.861038
-0.504263
-5.858369
0.560179
-2.895188
-1.101516
-2.337146
-9.692799
-4.737050
-8.046073
-7.619705
-9.906086
-2.686214
-1.871641
-9.920129
-12.163187
-6.041920
-4.563942
-10.661129
-4.478950
-4.218169
-3.888042
-7.504688
-13.734688
-13.853834
-10.726554
-6.624932
-8.692055
-8.664985
-8.289161
-14.555926
-6.360443
-8.960558
-12.285315
-7.992266
-10.403012
-12.213107
-6.658434
-14.513743
-8.405518
-12.791725
-9.603733
-14.633710
-13.817016
-8.482124
-9.851191
-11.886758
-6.568150
-8.269627
-11.561428
-13.443910
-13.252698
-5.154740
-4.996673
-11.755752
-8.942150
-3.715265
-11.464753
-8.605723
-3.775130
-3.982058
-2.965825
-5.588597
-5.179060
-11.518903
-8.986149
-8.637038
-11.178100
-7.351895
-7.154679
-4.511119
-3.898124
-9.638114
-7.797522
-0.556508
-5.213998
0.087652
-5.555408
0.754762
1.651014
-2.586458
-6.695244
2.085097
2.699930
-4.024359
-4.417237
0.933780
1.252605
4.390654
4.268067
