4.304966
-0.050238
-1.549948
3.450021
0.095598
6.240325
6.275707
4.912785
-1.518801
1.450413
-0.478061
1.476397
0.068893
4.142309
5.625449
9.148227
3.733749
0.537985
0.663309
6.527587
1.672332
5.222713
7.167220
7.100047
7.784531
9.495297
6.396590
10.897940
11.960031
5.841481
12.296281
4.635531
10.625586
10.738445
3.968292
4.468153
7.950133
6.250137
9.659239
8.647627
5.786534
10.964689
11.976730
13.792167
6.540024
9.708365
7.020421
7.860293
14.656480
12.969618
5.439295
6.483854
8.689175
7.640789
6.666717
14.372319
7.323170
12.933853
13.986640
5.509653
8.644449
5.318301
10.782684
8.557332
7.274605
6.530454
9.845227
10.448117
12.381505
6.296727
12.357081
9.443285
8.224184
3.375836
10.272574
2.931485
6.206255
10.182447
6.867979
10.679694
5.900929
2.726479
5.781985
3.690879
1.401470
-0.554153
0.014386
2.561730
0.611976
4.024511
6.575897
4.364070
0.049553
-0.605292
4.508222
3.750021
3.946768
-0.315667
-1.099542
2.465561
-1.191169
2.936142
-4.553993
1.160772
1.159695
2.488603
-4.327117
0.136938
-0.313069
-6.564314
-6.327432
-6.256026
-8.070387
-7.413548
-1.444766
-7.175291
-3.171566
-5.083681
-2.397139
-6.618566
-7.181709
-4.428240
-7.707422
-5.944909
-11.836169
-2.536876
-5.805763
-6.869008
-12.634886
-10.852760
-4.985635
-7.439543
-10.085029
-7.277711
-13.530806
-12.328258
-11.700370
-13.514334
-7.365304
-5.850734
-7.646703
-14.462079
-9.634746
-13.480608
-8.201866
-9.249519
-11.642777
-12.393384
-7.186171
-10.467802
-8.206160
-8.457346
-7.000866
-5.043614
-7.500426
-9.957286
-6.846112
-8.831171
-9.223237
-8.721054
-7.362048
-11.326113
-9.649979
-10.611704
-8.332300
-8.771029
-8.119866
-6.943609
-5.796662
-4.546278
-8.895497
-3.324560
-5.825516
-3.643929
-5.245780
-9.263112
-7.561460
-4.733690
-8.838162
-8.564715
-2.232557
-2.763978
-6.748016
-9.070699
-4.337318
-4.542354
-7.280107
-5.329692
-7.229883
-0.366102
-5.523987
1.843165
-3.566822
2.207470
-2.655820
2.159141
1.265952
-3.429038
-1.297881
2.772892
