2.536967
1.403714
-2.017017
3.406286
5.242433
6.745066
5.826294
1.480525
1.098360
5.425357
8.294714
-1.251377
0.545992
5.393553
7.351836
3.564645
5.069143
7.749483
3.385644
10.572113
7.164246
6.594569
10.091812
9.586350
5.839402
7.012161
3.996745
5.162984
3.792046
12.419173
9.001328
11.001830
7.419174
8.356527
10.689816
12.923842
4.593585
4.843957
6.117180
5.088709
13.941182
13.546847
14.224946
12.048617
6.480112
10.525000
9.648783
5.344338
14.151968
6.766969
9.907198
9.333811
7.151690
9.221899
7.422198
14.099706
10.410873
7.559804
7.349169
13.817829
9.622887
9.515127
10.957176
6.696903
9.269512
7.018647
4.442413
7.101762
5.756419
5.647682
5.885690
3.236667
6.822316
3.289990
10.861631
4.151885
5.284373
7.131950
8.575724
4.225644
8.640731
7.847255
4.793884
5.610688
4.249039
1.106749
7.842726
8.562657
7.371085
-0.232571
-2.201442
5.735820
1.389517
-1.783097
-1.763302
4.105218
-1.529718
0.611786
4.643439
2.351127
2.964933
-5.231884
-3.092668
0.432533
-3.502973
-4.876902
-3.367789
-0.972952
-4.105867
-1.231483
-7.492077
0.575747
-0.386362
-8.753239
-9.393770
-8.941627
-3.171777
-9.177758
-7.116546
-2.239759
-1.411372
-2.703743
-8.841749
-2.219776
-10.036569
-11.649324
-10.612222
-7.119137
-12.845300
-11.085190
-10.546376
-3.972788
-3.909215
-12.185799
-11.821301
-9.320686
-9.205049
-11.891027
-10.815566
-10.982207
-11.409897
-6.538435
-14.003644
-9.732147
-6.605041
-8.404135
-11.143736
-13.096963
-12.745293
-5.511467
-11.796256
-10.730203
-7.572028
-5.604467
-7.985029
-11.548426
-10.076854
-8.312038
-8.692879
-7.984966
-5.669021
-5.013634
-4.485526
-6.003264
-12.209290
-4.521784
-9.998738
-13.052698
-4.713208
-4.157512
-8.798721
-8.696436
-11.231704
-2.958481
-6.584627
-7.988813
-1.774983
-8.029391
-1.601541
-8.335858
-5.025513
-9.690756
-4.224300
-9.065779
-2.281518
0.223302
-0.126184
-1.916829
-3.995886
-1.338509
-0.464540
-3.041344
1.718369
-6.101605
0.383874
-2.285265
1.156802
-3.527185
-1.155572
3.718848
