-2.619048
-0.389990
-1.673105
-2.493873
5.928497
3.190747
-1.140157
0.611696
7.206911
1.829324
6.542733
6.023573
5.039953
2.158011
2.454111
9.317768
5.912622
9.997510
10.322516
4.998793
4.379980
3.826448
7.647199
10.488752
2.641522
9.152215
10.985247
4.853376
11.123007
5.588385
7.611383
13.111422
4.932667
4.443403
10.669590
4.514265
11.790366
6.643100
6.613875
12.143989
6.149896
9.536372
14.420457
9.526029
6.729642
9.986624
9.531662
10.640137
5.955365
10.278261
12.186075
7.704955
11.762938
8.126852
11.598295
13.906610
8.206973
10.616957
10.323527
14.377529
9.354236
9.611160
4.503064
6.942274
4.830315
4.233223
3.984661
5.736356
11.701655
4.066557
6.745728
7.550923
12.343773
5.150266
11.264575
5.092190
9.939855
1.772847
6.210053
1.782488
4.238266
5.522000
2.906606
8.167150
3.548423
3.663076
6.949643
6.287854
8.217678
-0.851973
-0.922562
1.736707
1.421903
0.499705
1.747894
4.327318
-0.795714
-3.577546
-3.762604
-3.296076
1.275470
2.273201
1.163340
-3.978839
2.103581
1.973016
-4.239474
-3.471181
-7.470780
-3.114218
-8.151949
-2.623994
-6.468027
-1.690790
-3.509281
-3.127668
-8.826461
-4.007318
-2.300514
-1.168182
-2.231325
-3.303539
-9.662602
-6.748837
-10.400668
-7.775309
-5.393720
-8.954200
-5.029849
-11.247606
-7.902324
-3.464772
-7.458153
-7.142803
-8.283549
-12.079490
-12.060557
-10.457353
-13.932056
-4.924414
-14.003597
-4.698631
-7.055651
-6.157029
-9.913480
-7.334018
-7.607797
-5.065376
-7.899370
-10.847210
-7.167171
-12.015408
-6.348080
-8.469606
-10.150506
-14.266961
-10.559187
-13.703875
-9.932232
-6.794818
-6.395842
-11.431132
-11.330238
-13.634339
-6.677329
-4.242067
-5.683120
-12.430783
-8.669848
-10.247859
-8.427678
-8.682801
-6.373967
-10.443084
-11.238680
-8.460733
-5.461674
-2.072400
-1.458965
-7.778551
-1.700800
-3.116014
-2.936235
-6.961379
-2.235807
0.499921
-2.652727
-3.285531
-0.836988
-3.154375
-2.657690
-3.078242
1.941596
-0.608598
2.286094
-5.244443
-1.917912
-4.585850
3.066878
1.612687
