1.420344
-4.306716
4.928448
4.291423
5.560999
1.810752
1.264522
0.917833
2.097328
6.702305
4.584199
4.523789
7.840901
3.802125
3.450380
8.897732
5.669125
5.910831
1.966265
4.778651
7.289709
3.005752
8.121594
10.856389
5.417233
7.725015
3.924153
11.457581
11.874306
12.664822
5.835550
11.822639
11.018323
10.829193
13.664435
7.360049
10.456304
9.508946
13.409685
4.717660
12.327552
10.724811
14.464368
6.507717
6.507548
10.145001
13.666238
12.515241
8.971718
10.311572
7.516133
12.100856
10.325402
5.462817
14.126717
10.226964
14.135819
13.929422
12.255837
10.555845
11.911056
13.786922
8.934277
9.728938
6.988855
5.904652
7.219043
12.080374
5.300460
4.892355
10.742724
3.166078
9.791275
2.578032
8.278887
6.200500
11.139475
11.136074
9.281308
8.790121
7.335669
9.404427
1.612707
7.055346
2.588080
5.169257
1.060263
-1.226580
2.607755
4.176048
-0.938514
1.784317
0.617277
5.357675
6.135093
-3.523167
1.532099
2.835830
4.998347
4.766630
-2.379444
3.279664
-5.476292
2.611890
-6.187516
0.524632
2.311485
-1.439044
1.692620
-1.418665
-7.496311
-2.607795
-8.531499
-2.862515
-6.659905
-7.797129
-8.897475
-7.190513
-5.334500
-8.685710
-7.673080
-10.236326
-2.619777
-4.069595
-9.771689
-8.972382
-3.644614
-7.121034
-4.357318
-7.297841
-11.474505
-5.240178
-12.802969
-8.625013
-10.277678
-10.731445
-5.727120
-11.841427
-12.364639
-10.167511
-5.051455
-13.131022
-10.773564
-8.125033
-11.759464
-12.630586
-6.606565
-12.591012
-9.437274
-8.421221
-12.141252
-9.330395
-10.879882
-13.798740
-14.491117
-14.479346
-10.884371
-8.614681
-6.861812
-13.486152
-6.124965
-10.875647
-10.638328
-4.323627
-7.811329
-12.787294
-10.340747
-5.406044
-8.335986
-4.140354
-6.125721
-8.423885
-9.623995
-3.037933
-8.845569
-2.555732
-11.568445
-8.463533
-8.930343
-2.908532
-8.931003
-10.094839
-8.799898
-7.471764
-2.161950
-4.573863
-2.546688
-8.326072
-5.797689
-1.969235
-6.723426
-6.187928
-2.223825
-0.293238
-1.387467
3.606559
2.900717
2.864676
2.101611
1.159173
