4.416299
-3.700077
0.364876
0.807644
1.197267
4.024134
1.502018
-1.913346
7.173460
8.060374
0.164124
1.750339
0.774529
9.231168
9.250903
4.098470
6.615822
8.419407
7.892697
8.269422
2.761478
3.636160
4.620570
7.656763
9.460336
5.652326
6.267928
6.921777
4.060189
4.097787
8.434758
6.087029
3.608287
4.013589
4.176809
8.206228
13.604503
5.227612
7.741499
9.866036
6.579890
7.469691
14.321436
12.282727
13.089464
10.187963
5.076770
13.175998
9.864694
5.737138
7.255086
12.814040
14.722615
12.655246
9.568022
12.021500
7.301006
9.712296
8.172129
6.507985
11.104199
6.554869
4.247040
12.211216
6.186379
11.562195
11.165924
5.105343
4.583933
9.505937
4.450950
11.597706
5.962050
9.089749
2.961081
7.827116
6.924059
9.415587
8.580119
6.212628
4.614123
3.136320
0.527034
5.263220
0.703963
-0.635687
6.842992
1.527705
-0.329782
-0.930317
3.087904
6.355303
2.540015
2.244496
4.403451
4.899026
0.168968
4.262488
-0.870297
-0.315156
-1.907834
-0.592334
-0.743167
-4.947401
-6.128413
-6.104443
-0.750051
1.143652
-2.583123
-2.752631
1.198924
0.428702
-7.209523
-1.116277
-8.850690
-0.046806
-6.252817
-7.310115
-5.019613
-7.536762
-3.258139
-2.240699
-7.873687
-2.779410
-9.811112
-10.643741
-4.270343
-6.426224
-9.599112
-4.828586
-9.522479
-10.589153
-3.838863
-3.779922
-8.244907
-7.552082
-10.600979
-8.945363
-11.882766
-11.240780
-13.823911
-8.176821
-12.170482
-14.793993
-9.172759
-7.009937
-11.098536
-12.996576
-13.194363
-7.422281
-9.078661
-6.541717
-14.582730
-8.883670
-11.286551
-11.428867
-5.598506
-9.207145
-5.475033
-10.734126
-12.499983
-4.972194
-11.704598
-6.681729
-12.002653
-6.566419
-9.612966
-12.158794
-3.682312
-10.816446
-10.474755
-11.610691
-6.023858
-5.277657
-11.269860
-3.289820
-2.756648
-2.555040
-7.909449
-1.508468
-6.992269
-9.634934
-5.429252
-5.211441
-5.857497
-4.562729
-3.398469
-7.303038
1.067848
1.218382
-2.208256
-2.252050
2.793353
1.389291
-3.886593
-5.260656
-5.088483
-3.457979
2.575071
3.983470
