-2.558936
-3.168670
-0.504321
-0.429983
2.800379
-0.931726
6.227914
3.653231
-0.914477
2.070711
2.723687
0.203165
7.247637
2.065720
3.902376
7.588795
7.529923
9.374074
7.408546
6.949343
3.990847
7.655837
4.276103
11.392474
7.886431
4.127215
11.516514
5.367301
5.773217
3.091329
6.327870
5.181225
10.295508
5.750702
5.298068
12.383672
9.151162
10.639714
12.576392
9.095403
10.168259
5.764090
6.891839
8.889220
5.233232
10.131014
7.573098
6.479863
5.072582
8.311608
11.411270
12.160171
12.484058
10.755599
8.776138
9.081205
9.308658
9.834336
12.396730
7.675064
11.975373
9.022024
7.828533
8.259344
10.092459
10.905244
6.791934
6.389067
5.393355
11.760591
9.047529
7.437178
5.185764
6.066356
6.115283
9.006519
9.410726
8.734032
6.384736
4.433317
3.166488
10.250565
7.894493
9.401458
8.498920
8.027597
5.743398
-0.412100
0.627461
5.818432
0.825148
1.488953
4.443859
-0.059674
1.584542
-2.110027
1.714464
4.473980
2.594097
2.972686
4.046274
2.245629
-2.735452
1.628661
-5.249211
-0.154621
-5.937577
-6.968963
1.028258
-3.142161
-4.720090
-1.476979
0.425216
-0.891962
0.217109
-6.900955
-1.760511
-3.224414
-4.452471
-6.733215
-4.774283
-9.811467
-9.722628
-5.366697
-9.789748
-5.682704
-2.548232
-11.540993
-6.738463
-3.687001
-5.610392
-5.703195
-11.516489
-9.737661
-4.630322
-5.453730
-6.581492
-11.817743
-9.816442
-13.878245
-9.959530
-4.823503
-6.702583
-6.179506
-12.588979
-9.841351
-11.861073
-9.016576
-9.342102
-10.424877
-6.625754
-13.369354
-5.795391
-14.041044
-6.867797
-7.606608
-10.104813
-9.812797
-5.511681
-5.994283
-9.040545
-5.397592
-13.576165
-10.188716
-4.497223
-5.055787
-7.070452
-5.805076
-9.577662
-7.306206
-7.117911
-7.253114
-6.765620
-6.434291
-8.077535
-11.385406
-8.691854
-2.425780
-10.730861
-1.610494
-4.139926
-5.449719
-8.149320
-5.176135
-1.839170
-7.440805
-5.588464
-1.877879
-0.819132
-7.582610
-3.186155
-5.741923
0.600270
-2.966505
1.376270
1.792823
2.872100
3.713625
-0.797955
-3.890614
