-0.522598
-1.610564
1.747584
4.810367
6.207592
-2.153991
4.890466
4.528781
5.121568
7.752353
5.767216
2.750580
1.003156
7.966059
3.167171
4.581002
5.466971
1.646525
1.647366
4.389306
4.606821
6.124367
2.973096
4.204168
4.360622
5.113504
12.041652
9.527426
8.686166
8.279155
5.421637
6.918168
6.776025
9.392238
13.212176
9.463835
4.520290
10.119608
11.787412
11.701148
11.048171
14.148341
6.611201
7.223883
7.086069
7.986650
14.406488
11.476953
9.937725
6.904464
6.758044
11.819822
14.267609
6.195987
10.240203
13.930612
10.986705
5.568199
8.602220
5.889324
4.633472
4.332833
8.727857
10.550291
11.429922
11.131977
10.632035
3.678939
4.046941
11.624512
5.678957
7.369473
5.416512
3.688022
8.083718
5.145048
9.082036
2.699241
6.555635
8.118693
1.333625
0.568406
7.262088
6.573370
3.055202
3.344746
6.449082
8.407009
0.585097
1.068034
4.444468
0.767022
-2.502205
-2.432125
5.252921
2.398116
-3.740000
1.176859
-2.225600
-1.964789
3.733679
-1.901216
3.667618
0.945851
2.085862
-1.229180
-4.933333
-5.712394
-0.553434
-4.652087
-5.500125
0.810645
0.880236
-7.783568
-8.837684
0.046266
-5.731098
-7.155497
-1.306803
-5.465036
-2.240161
-1.484995
-10.082535
-9.004393
-8.296716
-4.991237
-8.933178
-10.488569
-3.577310
-11.836907
-12.563240
-3.574976
-8.930168
-11.785588
-12.220651
-8.403284
-7.978810
-12.457688
-8.965558
-8.441335
-13.014670
-13.929692
-9.954376
-6.983345
-12.994984
-9.850010
-7.350492
-9.540838
-12.886979
-10.960050
-6.570803
-13.197912
-5.215115
-11.064830
-14.207060
-7.009260
-5.760129
-6.725594
-13.290338
-5.077939
-8.469225
-7.242269
-6.411215
-13.221834
-11.571920
-4.648975
-8.432650
-10.121277
-8.064649
-9.762119
-12.065394
-5.625050
-7.633691
-6.917592
-10.352738
-8.788096
-8.499964
-10.006563
-2.656348
-10.092574
-6.570068
-6.722845
-0.739659
-8.637975
-1.299746
-2.413518
-5.541928
0.734027
-3.856145
-4.863328
-5.781216
0.023967
-1.754696
-6.041260
-2.240814
-6.029149
-3.730207
-0.927085
-4.279736
2.978324
