-4.268097
3.348016
1.535261
-3.339663
0.421725
-2.001064
-1.054356
5.141249
4.910876
0.467474
2.571600
2.790708
0.643645
2.279305
3.584494
1.637710
0.539720
3.252425
9.231235
6.267321
4.148994
5.185534
10.900772
5.212863
2.475705
3.240919
7.380711
9.369855
11.323245
8.892032
9.164553
10.810812
8.365435
9.625407
12.209832
13.235127
13.450314
6.871324
11.311986
7.578409
10.816616
10.040968
11.224503
8.316818
8.158020
14.589571
7.542682
14.892473
10.406736
7.730496
7.000143
12.761315
6.693723
14.626178
6.118424
9.013747
13.461013
14.263851
6.450393
9.720051
9.682782
8.517597
7.686948
5.383715
10.614934
9.057941
12.304303
5.993973
6.069803
9.568607
7.493053
7.913017
7.880678
8.254182
3.654874
11.767978
8.820059
11.245138
1.608909
8.903734
1.094947
2.698437
8.038994
2.786094
8.551855
1.424471
0.968973
8.164296
-1.513272
-0.807854
-0.474869
2.762618
1.501907
6.247227
-2.002262
-3.463769
-2.785003
-2.827526
-3.066893
2.942488
-2.168848
-0.797880
-1.327941
2.639365
2.927062
-3.699201
0.748410
-4.479433
-3.064855
-7.497775
-4.770411
-2.354847
-4.753412
-8.510215
-3.484350
-0.921094
-6.700709
-3.149319
-4.617024
-10.477244
-7.098723
-5.389833
-4.658411
-7.720771
-10.569023
-6.823557
-6.778250
-6.247508
-4.027711
-11.935628
-9.405237
-5.904948
-4.932585
-11.789195
-4.593407
-5.861046
-11.999867
-13.879633
-14.278758
-7.849071
-4.851730
-10.874341
-12.238128
-7.492638
-14.379812
-14.612949
-14.812244
-8.337837
-11.037703
-12.456866
-5.452236
-8.479395
-5.714066
-6.098670
-6.945888
-7.905583
-13.869687
-5.385690
-13.363533
-13.737885
-8.091745
-10.573829
-5.068281
-12.873819
-4.725986
-10.886199
-6.471716
-12.146747
-8.106033
-11.170026
-10.979308
-10.937453
-6.732372
-7.177150
-11.823494
-4.683666
-9.768564
-1.387227
-9.924607
-5.271298
-3.895799
-9.363360
-1.669558
-4.538376
-8.152691
-5.094018
-1.608208
-1.743935
1.436890
-4.688195
-1.681224
2.127848
-0.130048
1.130435
-3.066376
3.667475
-2.199306
2.324811
1.702818
-2.429508
