0.568311
2.166783
-2.034164
2.377142
2.900863
4.536495
-1.759147
1.108205
0.405306
-0.204472
7.965833
7.977964
2.832353
2.393475
3.157859
8.598525
8.317091
1.492460
5.834074
10.019269
2.483114
4.505034
10.265323
10.668761
2.245185
3.014271
9.812611
2.865466
5.435753
12.599013
10.114409
13.202263
11.778222
13.169548
11.120195
10.822866
9.030152
13.699583
13.832747
8.810793
9.683862
5.886540
9.246079
6.492950
9.781128
11.371955
5.248300
6.156610
6.144433
8.107298
7.000067
10.537980
14.879525
8.646690
6.798530
9.272225
7.274381
5.707272
10.272732
12.253302
12.182091
13.557754
11.046703
9.712040
4.159056
4.856062
5.913856
11.528669
6.385471
8.340276
12.045804
8.618238
10.916022
4.940964
2.901451
7.938795
1.689588
2.565832
10.989586
2.668380
3.785663
1.501854
0.497941
2.267766
7.593081
5.541370
2.914387
3.646693
6.360153
5.383984
5.608230
3.077964
5.752568
3.025373
5.425363
1.161144
4.561862
1.701400
-1.835252
3.388725
3.736136
-3.182668
-0.910608
-3.448754
-2.299753
-3.099603
-5.109222
-5.989532
1.575054
1.829787
-3.411157
1.196992
-7.339249
-5.213336
-5.755818
-9.367894
-4.332350
-5.353454
-8.431228
-1.169328
-5.900608
-10.958984
-4.150128
-7.627820
-8.297702
-10.729955
-8.132031
-8.503569
-5.052404
-3.419553
-9.978490
-8.988422
-12.924949
-4.266713
-11.237431
-12.438566
-13.775460
-14.172316
-4.725272
-7.462435
-6.607594
-6.428997
-9.728104
-14.372579
-13.774751
-5.554243
-12.520468
-6.542196
-10.603600
-9.417787
-8.403442
-13.292698
-6.967885
-7.628482
-14.035681
-14.249947
-6.069325
-10.120429
-14.389028
-13.801932
-12.957422
-8.571228
-12.398872
-10.062653
-6.120391
-8.721453
-13.164827
-4.934362
-4.948525
-13.003646
-6.693594
-8.159184
-8.234504
-9.021749
-5.585459
-4.231341
-9.422610
-11.219766
-6.772442
-5.960538
-5.854020
-0.839849
-8.151449
-1.226548
-2.534186
-0.173789
-7.520240
-3.521825
-2.268774
1.527711
-0.311879
1.174079
-6.461983
-6.753051
0.225329
-5.743198
1.347560
-3.954589
0.419358
-3.336340
