4.834262
-0.235234
0.644842
4.951311
6.029567
-1.070191
5.234889
0.954284
2.443853
6.829886
0.372392
8.131135
5.250923
3.057391
4.967127
7.908840
2.413130
7.537180
9.708846
10.025705
1.467858
2.800659
7.437666
9.962081
11.702306
11.976431
6.533396
3.340857
7.928936
10.822234
8.979873
7.539573
11.448212
11.867387
8.153245
9.515211
7.025921
10.076415
11.154700
6.373615
9.911661
11.688328
14.726671
11.797572
10.233846
13.459095
14.485005
6.622891
12.024030
5.083588
5.736550
5.789661
13.474555
8.322664
12.718512
6.969123
14.505296
14.571885
4.750164
6.027069
9.231314
14.154776
13.892788
8.244928
7.922479
12.093042
12.047315
6.743971
7.451864
10.211204
12.084001
3.841362
11.657515
9.509705
6.030438
9.059648
4.371323
6.528726
9.951448
6.007549
5.014317
5.525758
1.205367
3.196866
6.975073
8.294586
6.934254
5.368041
0.542365
5.576814
0.193277
0.056501
4.240527
0.112855
1.764779
4.683429
5.643343
-2.743532
1.754822
3.715824
-0.697901
2.968434
-4.091809
-2.414015
0.700827
-0.973752
-3.466550
-5.723787
-7.175568
-0.399016
-3.565692
-7.084395
-8.811194
-6.904954
-4.482271
-5.516230
-6.388643
-5.321626
-7.759414
-1.776522
-8.605841
-10.176115
-5.725278
-8.047618
-2.722883
-11.144591
-6.067610
-10.041069
-3.050180
-9.501181
-7.585233
-8.238692
-10.331544
-6.313455
-13.842342
-8.658181
-4.904843
-12.294423
-9.288975
-12.679039
-7.115681
-7.199460
-13.821624
-6.692272
-8.304808
-12.464248
-13.192376
-8.606048
-11.720148
-7.932578
-11.455172
-12.208760
-10.235712
-8.683964
-10.973302
-12.327288
-12.770783
-8.441007
-14.401461
-6.418316
-7.050696
-11.983265
-10.086857
-8.865376
-7.950626
-12.559489
-9.617882
-11.372090
-10.261125
-3.770105
-4.778870
-2.985135
-2.702300
-6.101795
-11.235525
-5.844357
-4.758769
-4.113938
-9.692663
-9.652965
-3.841258
-5.030030
-9.967785
-5.467154
-2.785787
-0.805472
-4.532806
-1.340636
-6.006747
0.279622
-4.597523
-4.160347
-3.278183
-6.232942
-3.216457
-1.191940
-5.497763
2.159891
-0.855700
-1.528957
