-4.053775
2.214699
-3.620526
5.187383
-1.013793
1.276261
3.020289
7.214438
7.482553
0.522162
2.323676
5.532510
1.390467
1.137148
9.428569
4.531463
9.983427
3.332372
1.086921
3.620672
5.159571
4.408952
2.943165
9.118396
7.425855
2.308114
6.798288
9.922812
5.352352
9.014815
9.950863
13.015806
11.324779
7.437192
9.954777
8.191530
9.105607
4.604315
13.851271
14.425310
9.688126
11.293231
8.490997
6.895925
14.065676
8.229238
9.169539
9.920292
7.465767
6.319716
7.963601
5.817808
6.404544
7.158417
5.347057
13.936481
10.803037
11.675824
10.445730
13.386987
13.003798
13.584111
8.446018
11.756293
12.243769
4.695756
5.006286
6.685942
4.936126
9.716704
4.227982
5.362536
10.158292
5.227346
2.642500
7.048933
4.691522
5.845859
4.344218
1.450374
1.402164
4.650829
2.698231
8.243145
6.213354
0.053821
7.328055
2.305628
7.111104
3.365749
2.105944
5.620193
1.686717
0.797462
-2.725635
3.133240
4.936789
-1.701813
-1.438523
-0.309563
-4.912738
2.413151
-4.781968
0.490260
-2.884042
0.330606
-3.646381
-2.886957
-7.188376
1.126673
-5.279074
-7.091549
-1.434219
0.037318
-4.974049
-9.796884
-9.784950
-3.895128
-2.180574
-5.942914
-7.206657
-5.595215
-1.617946
-3.017256
-8.092422
-3.417991
-3.411781
-10.741768
-11.086706
-9.930400
-5.598326
-6.543497
-10.993912
-4.915026
-5.844321
-11.121370
-11.960066
-13.311624
-8.308380
-12.808929
-5.271295
-10.806593
-6.664305
-7.515551
-11.150041
-5.197818
-12.380941
-6.338804
-8.605680
-7.389413
-11.146487
-14.441307
-9.157337
-12.602273
-6.511465
-11.290989
-14.215835
-10.816272
-14.581427
-6.564800
-4.582895
-5.899813
-7.730716
-12.203732
-12.643809
-4.528855
-10.306518
-8.038644
-8.371802
-7.970383
-11.036922
-4.099136
-4.838520
-6.314910
-2.896254
-3.538479
-8.441241
-7.806784
-4.927846
-5.689229
-3.099905
-7.887250
-3.637874
-5.133173
-7.594447
-9.257525
-2.431557
-4.127741
-8.384877
-3.584905
-5.499815
-5.991988
-2.184132
-2.504911
-4.930226
0.691700
-5.782422
3.197586
-4.166433
2.467643
