3.507822
4.552837
1.194314
-3.293062
-0.995889
5.700072
4.801061
2.167924
-1.814534
0.733848
4.064854
3.814266
4.534267
0.711891
0.982096
6.093702
8.938670
7.131304
8.748090
3.498618
9.564579
10.887270
9.118853
10.368805
2.422109
4.653232
6.804499
6.611105
4.967147
7.823430
11.223988
12.520418
9.621367
13.309417
4.469364
8.962171
11.280133
9.581895
11.966342
13.806312
9.736578
8.335877
12.830848
14.458641
12.724955
13.905410
7.386111
5.181909
7.760873
13.801261
8.751826
8.663785
5.924004
13.245754
14.017898
11.831745
6.164981
6.912035
13.474122
10.863288
13.078249
10.330158
5.486080
6.260102
10.705227
13.257337
8.954269
10.640960
5.082761
12.322192
6.851039
12.076175
9.675367
5.484928
3.144146
2.229353
4.401419
4.934898
3.896472
5.435027
6.211963
2.778778
1.027271
5.605446
3.304225
1.580944
6.616944
0.837440
2.547665
3.926021
3.784260
6.566685
2.306832
5.201064
-2.042758
0.671131
3.727125
4.804962
-0.361737
-4.620304
1.530905
-1.652008
0.695723
-1.893406
-1.065172
-1.681654
1.397024
-0.466695
-4.002417
-1.619053
-0.737781
-1.387660
0.513649
-7.843020
-4.431821
-6.650500
-9.062770
-2.556104
-3.504555
-10.067151
-4.125067
-9.026793
-9.748332
-4.318346
-3.819329
-11.231629
-4.892576
-8.026326
-7.345136
-12.930296
-5.416203
-12.654551
-13.490400
-11.758218
-8.374244
-6.100174
-13.643395
-9.420189
-7.656896
-8.013519
-13.617476
-8.936060
-9.821229
-10.664745
-5.766895
-12.205154
-8.199263
-6.929925
-8.688604
-5.995518
-10.306041
-13.340317
-8.239127
-9.166354
-14.393196
-10.740061
-10.626926
-10.229951
-11.719086
-5.546476
-9.839679
-6.311806
-11.390772
-9.955704
-13.740268
-10.523800
-11.904907
-6.855060
-11.307886
-7.249622
-12.199588
-10.346745
-3.511409
-10.108834
-8.155801
-6.975646
-2.833321
-1.881797
-8.881829
-5.877725
-7.312205
-2.900592
-2.065272
-8.638635
-7.513058
-3.415216
-2.455502
-4.038313
-7.835641
-4.808138
-7.417900
1.225366
-5.396661
2.194618
-3.477859
-2.877139
-1.175537
-4.846148
-4.395563
4.678438
