-3.660145
-1.974504
-3.315879
0.078490
6.029614
1.794827
-1.233955
1.391945
1.621464
0.102780
6.088554
6.285358
6.038115
8.394680
3.629568
8.395189
0.413458
7.707032
2.045014
4.720814
7.859067
4.042405
7.308749
2.885921
5.544001
9.722241
11.903102
12.183740
10.200293
4.815644
7.175030
8.200155
5.904345
9.107559
9.214637
9.787416
10.311108
9.276826
9.497006
10.961949
9.120247
7.392299
5.645172
4.888763
10.266267
10.702840
14.654328
13.007322
13.873123
14.027422
7.554976
7.066972
11.653322
7.562836
13.463144
9.486685
14.548674
4.835692
11.267272
10.073746
8.899445
5.887370
6.771157
11.178407
13.809571
5.839471
11.158713
6.616016
10.901762
12.152879
10.524697
4.250041
11.658935
11.740541
12.055140
6.489494
5.309884
8.853885
5.194046
3.261663
2.399585
4.104205
5.773246
5.555932
7.114821
7.549096
5.898062
3.912137
3.700845
-0.589558
3.221821
3.199497
6.684497
4.712779
6.218332
3.021662
5.596181
0.254429
2.050189
-1.168374
-0.320817
-1.339820
0.809945
-5.914610
0.399235
-3.748798
-4.992400
-4.773487
-5.911240
-7.681832
-7.051910
0.119419
-1.954568
0.513507
-8.962111
-0.796894
-4.832181
-2.736489
-10.550299
-6.274469
-10.579581
-6.179497
-3.249438
-6.508583
-3.656197
-5.893243
-3.012758
-6.515184
-4.625613
-7.345025
-6.299532
-9.962072
-8.923771
-4.679986
-5.656700
-7.029214
-7.945685
-10.559365
-12.740087
-5.637584
-6.901070
-12.899776
-7.080547
-6.750631
-11.130481
-12.901576
-5.523063
-13.027794
-5.686623
-12.698671
-12.038645
-12.174422
-8.087102
-5.818357
-7.448761
-13.413549
-7.201772
-9.753778
-4.754137
-4.886829
-9.864148
-12.943980
-11.961991
-11.655549
-9.820320
-11.125547
-9.265126
-11.075891
-6.219666
-5.527511
-5.001829
-10.188279
-6.045602
-11.700636
-6.855197
-11.761935
-7.059943
-1.692501
-8.357540
-6.714422
-1.943422
-2.336162
-8.513149
-2.586735
-7.748377
-6.259037
-2.768234
-1.400540
-0.606582
-2.544511
-3.649880
1.746202
1.255839
2.370894
0.951821
-3.676216
-2.133685
-1.603788
-3.273360
1.123335
