4.540332
-2.126811
5.387722
0.524182
-1.237921
0.726744
5.707429
0.405210
-1.204305
-1.390066
3.478953
5.264478
-0.211396
7.870481
4.156740
8.592978
3.728112
1.633402
1.597204
0.978301
6.243769
4.969278
3.690827
5.598023
10.165170
10.058954
8.741017
6.967184
3.807339
7.926230
8.447203
3.923930
10.915102
8.210476
11.640565
9.719431
4.630309
9.096765
7.829213
9.145972
8.337989
12.310302
8.077008
8.750711
6.747915
8.128946
14.759020
13.008611
11.920841
8.989890
11.769793
6.232352
14.500751
8.382622
11.680743
10.708460
14.303886
8.861369
4.873613
5.966520
12.227714
13.080505
11.732381
9.668427
6.370322
10.783790
5.805654
6.761561
3.307389
6.336308
8.296640
7.960600
11.137335
10.144346
8.728960
10.518978
4.939744
7.258455
10.165751
1.391253
8.503502
7.250265
1.173061
6.579588
0.043185
0.227430
3.320446
4.595573
0.390075
1.632100
-1.060589
3.344636
1.651492
1.625844
-0.536924
-2.021932
1.954358
-2.882645
2.968819
-1.661167
-3.584945
-0.822635
-3.636051
-1.946399
-0.545924
-0.601392
-5.892711
-3.767462
-2.719721
-5.380006
-3.446555
-4.440727
-0.921385
-6.134473
-4.460465
-1.758752
-2.446901
-2.157097
-8.327776
-1.051867
-1.899144
-6.967906
-3.351994
-11.759376
-8.121573
-8.516583
-9.277700
-3.749652
-9.716516
-7.326980
-5.430004
-9.827517
-8.042402
-6.000356
-8.574512
-6.672320
-8.274086
-9.470527
-4.783662
-13.814907
-6.468938
-11.130388
-6.152587
-13.040584
-4.913134
-9.852339
-10.624227
-5.729786
-9.103276
-7.226789
-10.376800
-12.906867
-5.117790
-9.296486
-7.718422
-7.268379
-9.783549
-7.370440
-12.237411
-7.278542
-5.216315
-9.731723
-13.941216
-9.843181
-9.558574
-13.132317
-4.817090
-7.215304
-8.862991
-3.945405
-6.570562
-3.740196
-8.039794
-9.249704
-3.612067
-10.130505
-2.619132
-3.128791
-10.184714
-1.833031
-2.976199
-6.911894
-7.316856
-1.083438
-6.565403
-4.744800
-1.573097
-8.598549
-4.105552
-1.882973
-7.062550
-4.159125
-0.186023
-5.492370
-4.012940
-3.807795
0.860110
2.713855
-2.008678
3.165460
