0.019407
-0.029028
0.979713
6.033407
0.986759
-2.807600
5.413710
-2.367019
3.814631
8.068094
7.417063
2.233862
7.010771
3.248265
6.183280
6.795122
8.312170
2.945535
8.567332
7.418824
10.140706
1.734642
11.020489
3.160760
10.198951
2.713101
3.651598
5.221775
9.489260
6.082066
4.691874
9.380069
7.567110
10.831391
13.070800
8.742190
13.523538
11.825116
4.561290
8.238688
10.147483
13.593394
14.166268
13.794836
8.478387
12.028604
12.790495
12.429840
10.367711
10.178006
10.556939
9.109457
11.073460
10.478667
14.640723
10.417705
8.660737
6.818152
11.776498
12.360336
5.495352
10.988616
10.879678
4.395011
7.832852
6.629671
11.334037
12.808544
11.999743
3.545603
11.182253
12.224610
6.117847
3.629736
4.623217
4.472395
6.099893
8.696199
7.309277
9.477604
5.829229
8.887902
3.760392
4.166985
7.702194
9.128845
0.094190
0.798065
7.662753
1.257254
7.640429
0.569575
3.712849
2.147247
3.312130
-1.003822
-2.329172
0.453101
3.418082
-3.237064
-2.842342
-0.783225
-3.223920
-1.988891
-4.627266
-3.155939
-0.798025
-3.010593
0.188925
-2.757994
-3.397474
-1.265989
-8.683816
-5.529373
-4.801778
-9.301490
-2.387267
-5.050221
-6.029529
-3.899353
-9.349898
-1.705362
-6.568699
-9.748255
-8.478548
-4.201915
-3.817299
-10.580279
-11.197649
-5.739185
-4.154554
-4.688163
-11.456899
-13.627930
-5.890717
-13.538985
-9.921126
-13.677833
-10.402981
-14.510132
-14.185548
-10.591489
-11.327493
-5.706008
-12.340882
-8.043229
-6.092827
-10.262040
-5.108043
-14.852741
-7.360871
-6.918824
-13.563121
-13.259455
-12.342981
-10.798513
-7.921828
-14.039401
-12.790159
-8.515214
-12.783975
-5.131411
-13.539813
-10.584344
-7.963940
-6.395765
-6.964032
-5.646265
-8.770155
-3.541919
-9.567378
-12.197894
-10.017338
-4.822006
-9.079872
-8.444922
-6.547357
-7.067636
-1.726711
-3.081412
-10.586382
-9.640308
-3.560677
-0.924817
-0.263522
-1.028989
-3.185653
-5.490582
-0.007034
-2.211037
1.783433
-0.140453
-4.211344
-5.116680
0.288505
-6.187607
0.521208
-0.403854
3.243911
4.546016
