0.484441
1.160053
1.132767
-2.140723
2.766162
5.389411
2.818747
5.819249
3.083852
6.541876
3.885107
0.747380
1.783013
0.291220
7.309687
4.188213
7.772061
6.738831
4.933243
8.993828
3.280837
10.853197
4.702630
4.056622
9.527452
6.046622
10.971451
5.776345
9.554240
7.144752
6.284309
3.689963
12.841153
7.518484
4.360886
5.872082
4.404101
8.574793
8.466180
5.642747
10.874963
12.882719
13.739765
6.747908
5.378093
13.543149
5.998022
6.125917
7.273666
8.853288
10.585547
12.736238
10.235984
6.095699
9.351462
8.523050
11.246348
12.333020
11.041371
11.848977
5.143811
12.487531
6.826790
13.520016
4.846110
8.332430
6.507817
13.370743
11.819798
3.427839
3.274188
5.399836
9.789099
3.576365
3.958410
2.231422
5.749082
8.143159
10.864992
7.915292
1.953542
7.372548
2.004794
8.193917
2.263355
0.555276
0.868990
1.072562
8.122264
6.109197
5.080734
-1.837627
4.282728
-1.727278
2.798205
5.754988
5.449273
5.298426
-0.465937
-2.119526
-1.240793
-5.161923
-0.714723
0.434599
2.155544
-3.591917
2.440168
1.928929
-6.100958
-7.813678
-3.896352
-1.520791
-3.750666
-4.691003
-7.692253
-7.259934
-4.298108
-5.888168
-9.242507
-9.463732
-4.785518
-5.341650
-5.565092
-3.366443
-3.635080
-11.067901
-7.600973
-10.346925
-3.940262
-9.279118
-8.507329
-9.489247
-10.234537
-6.110290
-10.732847
-10.858191
-13.950908
-12.042157
-4.559637
-8.919034
-13.359575
-12.914724
-10.265927
-8.070711
-9.668087
-12.133682
-14.724093
-14.812709
-14.707761
-7.743683
-12.401748
-11.434741
-7.880709
-11.620271
-14.265360
-11.408001
-13.727354
-7.926750
-11.406061
-5.003971
-11.266350
-5.611235
-8.726292
-12.772990
-10.761993
-13.341510
-11.328707
-5.954475
-10.397044
-4.816439
-12.739870
-9.086935
-10.598550
-9.927870
-4.234422
-2.763573
-7.810896
-8.462497
-6.864278
-2.169708
-4.247108
-7.717584
-2.518842
0.151316
-9.449792
-8.394324
-5.589431
-4.816248
-1.065626
-2.510554
-3.628629
-5.826378
-4.811321
-0.011114
-0.245966
-0.501311
3.712379
-1.041408
0.351518
-4.569889
