-4.024664
0.730111
5.237836
-0.024045
0.001190
6.143097
-1.367809
3.175894
0.829304
-1.085684
7.273389
3.300362
4.654682
0.643404
4.425803
6.356234
9.367960
3.251330
5.970709
4.303479
5.459055
8.017574
3.551655
4.480633
4.424495
2.347022
4.165171
5.402189
11.513007
6.209342
5.443714
5.860691
3.977438
12.906371
4.702337
9.892691
5.814234
12.502307
10.650593
9.275430
11.441700
13.287659
13.992672
9.503279
13.697188
12.059883
8.961502
7.893320
8.655583
13.153045
9.410740
14.484465
10.901837
5.890894
8.972516
13.104885
10.874820
5.451705
7.626246
8.880628
4.941918
4.550051
10.052277
9.732084
12.673882
7.052256
7.885960
4.021073
4.398647
8.855286
9.949444
8.609071
4.094210
4.122124
10.712041
8.076207
9.134748
5.978140
7.346720
2.759640
3.635889
10.231490
2.039683
6.168419
7.616372
7.436961
5.902389
6.711873
1.258392
4.951428
1.220810
3.652701
1.653092
0.843197
-0.428649
-0.745270
-0.893888
0.483830
1.059972
3.315323
1.944720
4.238874
4.041157
3.057973
-1.880699
2.258285
-2.435228
-2.571776
-1.400906
-0.597027
1.065187
-8.612974
-5.257172
-0.664389
-0.797449
-2.438081
-0.184298
-0.815176
-7.345354
-4.370157
-1.807860
-5.209366
-1.975609
-9.715420
-4.504915
-5.117342
-4.373689
-10.742049
-11.655116
-7.516326
-5.056484
-11.923106
-8.580425
-13.445506
-4.786707
-7.806987
-9.629208
-9.981581
-10.804351
-8.537813
-5.258986
-12.328617
-9.773132
-10.155328
-11.060774
-11.163939
-14.548130
-14.553676
-14.046457
-10.022183
-5.651618
-7.905693
-6.003984
-10.427549
-12.180928
-4.948559
-13.351217
-7.468025
-7.556762
-8.840064
-7.873293
-8.617837
-8.497300
-6.318021
-13.820338
-9.513156
-11.372789
-10.546635
-12.097123
-10.812286
-12.661251
-9.781551
-9.351024
-9.180967
-10.360417
-5.716089
-8.274995
-6.274175
-5.203511
-4.728461
-0.770620
-4.218446
-3.624462
-1.390744
-2.419423
-6.279543
-5.059480
-0.336963
-6.774119
-3.978389
2.043166
-1.661505
-4.382960
-2.192097
-4.624075
-3.045854
2.048455
-0.353537
-1.329554
-0.096840
