2.635483
-3.215028
2.942057
-0.346376
-1.856106
0.174311
-0.630856
1.705661
6.688405
4.927532
3.269449
7.535699
6.367702
8.223041
8.607624
2.888847
7.384899
4.602787
3.849647
8.821457
6.911680
4.802688
11.218356
7.968569
11.823590
7.229519
10.159727
10.468077
9.522876
5.928676
4.332554
4.494899
4.963455
6.512387
4.027305
13.427259
4.507119
10.776632
12.298548
11.067182
9.471670
14.551278
14.449387
14.536291
6.829256
9.344933
11.420045
13.999359
5.769279
9.159623
9.565229
13.771714
11.325207
7.699670
10.368810
10.212217
10.988932
6.640065
14.503686
6.432721
11.075100
12.660189
7.841475
7.469014
7.610684
9.607571
8.612949
7.661084
3.556018
12.515671
12.208714
6.271030
8.169305
5.413066
9.256799
9.818506
9.121006
4.801783
4.933360
5.766248
8.915262
8.808127
9.400917
0.758269
6.141008
6.360549
0.380486
2.786120
-0.386729
2.754159
-2.114806
3.768017
-0.040133
-0.973677
-1.418999
5.712862
-3.024980
-1.648033
4.240908
0.424885
3.930880
3.991930
-3.031566
-2.640015
-2.218375
-0.129412
-1.662636
-4.355842
-2.826699
-3.252205
-8.266535
-2.247178
-5.590894
-4.643270
-0.028067
-2.347049
-2.935510
-9.549730
-2.022832
-4.262036
-10.501144
-7.451080
-7.661087
-6.694930
-9.850969
-10.458195
-11.555450
-9.346459
-6.890214
-4.981660
-5.573793
-12.560918
-5.434376
-10.490832
-10.909574
-10.854770
-7.215566
-12.499687
-7.071614
-11.163027
-10.769384
-11.585586
-10.373351
-7.288667
-12.399463
-7.267742
-11.927731
-8.295712
-9.909307
-5.326480
-5.438564
-6.952327
-7.044954
-8.528399
-7.035121
-9.634376
-10.326199
-13.792029
-6.943525
-6.447655
-10.709029
-5.710550
-8.872880
-11.669273
-10.184274
-9.745408
-6.265868
-12.589812
-12.669883
-9.911852
-5.306522
-7.026608
-3.524933
-8.665017
-3.954180
-10.146229
-5.176381
-2.749974
-7.734750
-8.700043
-4.938147
-1.786642
-9.952726
-5.738555
-1.024990
-1.962826
-6.270463
1.008262
-6.049723
-3.072455
-3.435931
-5.410362
-6.093170
2.613533
-4.979692
-0.635905
3.302371
-1.739844
1.723199
1.858369
