-2.840370
3.095689
2.729364
1.145149
6.472616
1.872271
2.957683
4.189442
5.548595
7.371917
5.455373
2.942848
8.804567
-0.242703
1.428100
1.672156
8.012875
1.897215
6.482414
10.212701
3.882368
6.027124
2.079919
9.280295
11.537877
9.656674
11.145166
8.809217
11.938104
12.817046
7.622233
9.697936
9.100060
13.081927
9.782716
9.251336
5.098008
5.083454
6.484640
5.209833
12.665401
12.193517
14.149057
13.560695
9.404699
10.510204
14.367838
10.678010
8.761745
6.214485
13.331173
11.030051
12.790324
10.145942
9.472036
6.229148
9.847858
6.675172
8.116028
12.400248
12.487656
9.835597
11.433654
9.169599
9.556988
5.358780
5.546673
6.925469
7.433527
11.865587
9.727526
6.498728
10.856688
11.683921
3.765463
10.132940
5.023712
2.434021
1.438166
1.982089
4.851259
3.970454
9.384589
4.229721
3.135622
-0.025724
6.165013
4.004501
2.285057
2.259693
4.521019
5.102399
0.196017
5.088837
2.262971
3.821567
3.765604
-1.451253
-4.085917
3.522241
-5.305628
3.850475
-0.211426
-5.717788
1.802360
2.637018
-5.154508
0.178329
0.114068
-5.058721
0.759413
0.266732
-5.010162
-6.555185
-8.216407
-2.069578
-6.147488
-3.700832
-5.792462
-9.048373
-2.231785
-8.657663
-10.064765
-10.617788
-5.573978
-10.481414
-4.494862
-4.315164
-8.206300
-6.208888
-3.763522
-5.965227
-3.649031
-8.954118
-6.262251
-12.569486
-4.785301
-12.310388
-11.271647
-4.703941
-7.938103
-8.246092
-7.306620
-9.905783
-12.546198
-10.512179
-7.778906
-9.280920
-13.533066
-9.152335
-8.355329
-11.899273
-12.974775
-10.985552
-8.948426
-9.065722
-10.408700
-9.648048
-13.114052
-13.806050
-9.954477
-4.314621
-7.912568
-10.296182
-11.627852
-13.112858
-7.502084
-5.514518
-11.012193
-3.197040
-10.552164
-5.304081
-10.828065
-5.533280
-8.678318
-4.094269
-2.424229
-5.239125
-4.142042
-1.005543
-0.682664
-1.960019
-9.743345
-9.429045
-1.966919
-4.701600
-5.907724
-5.765727
-1.013431
-5.968946
-1.502650
0.328130
-5.865372
-2.311458
2.205286
-0.134480
-2.909878
0.542311
0.330867
-0.256340
