-0.164816
-1.820937
-1.230319
5.902305
-1.662725
5.409786
4.946910
2.513660
7.017659
3.891002
7.444071
6.945546
0.124446
5.666380
2.328312
3.885005
8.506804
5.766681
4.234175
2.061686
2.279751
2.991433
6.473563
3.679636
6.787231
10.849302
10.404205
7.711563
3.915240
8.754777
7.827799
12.099219
13.348360
11.335266
7.419370
9.611858
8.379518
5.097060
10.324914
10.748277
13.761129
11.008530
13.502213
5.160930
8.980952
11.669005
9.379304
10.725884
11.159101
12.438777
9.031787
14.233230
13.598554
11.748812
5.810859
12.210463
11.161159
6.521087
9.142415
7.171855
4.964671
5.427452
7.646185
11.421751
10.621926
13.192289
6.473054
5.643156
4.109550
4.652145
4.989810
8.985781
6.918336
2.690175
9.940126
11.360591
10.807216
5.281872
3.659385
3.255715
6.531504
2.205676
8.709692
1.495189
5.474461
6.589241
2.431679
1.020828
4.731597
1.566109
0.141397
3.794139
6.859944
-1.590542
4.597567
-1.437646
5.543969
1.118043
0.051685
-1.835356
-5.099290
0.707000
-4.450216
-2.345532
1.065095
-4.712861
-3.021818
-5.314617
-0.344701
-7.885599
-2.589064
-2.022742
-4.392067
-4.120119
-4.849864
-8.878938
-6.173089
-4.224778
-6.699269
-6.145554
-7.867018
-11.274051
-2.809161
-2.672179
-6.592341
-6.576858
-2.789983
-8.239828
-9.589769
-7.871901
-3.608385
-10.262959
-6.401873
-7.978028
-8.546944
-5.548858
-10.527907
-11.713006
-7.331543
-11.858090
-5.977603
-12.037885
-7.757813
-11.244816
-9.353633
-13.085775
-10.835419
-7.877248
-14.600504
-12.203118
-9.170248
-5.970700
-10.402806
-6.699946
-6.802052
-9.342818
-5.272401
-10.265002
-9.172834
-11.300483
-10.754718
-5.946810
-9.737659
-13.204038
-6.324253
-6.802797
-4.764972
-5.008853
-3.279931
-5.195555
-11.708075
-7.126249
-3.974606
-4.429257
-7.520720
-5.628238
-2.839327
-5.397975
-2.388549
-3.955883
-7.368003
-6.159296
-6.309793
-6.739726
-4.265947
-7.460188
0.909609
-3.269339
-7.612448
0.265181
-0.975002
-0.171481
-3.755724
0.281540
-5.212228
1.622216
-0.468983
1.738527
2.309223
1.611722
