3.697719
-2.076112
4.583904
-1.229715
-2.269721
0.949619
-2.206556
0.324102
-1.210669
6.327569
8.122795
5.048689
3.925636
1.517481
2.903636
2.428010
1.024307
5.101105
7.731508
6.486400
4.836604
7.484441
5.825781
11.256172
5.276540
4.156511
12.151987
9.328068
6.036532
12.163470
10.333282
6.441693
4.548745
5.216852
13.024712
4.693157
10.099517
7.269211
5.954077
11.742963
8.926351
9.190784
9.468970
8.026657
13.860457
8.098699
6.503731
12.313146
13.951514
10.983883
11.228576
8.473431
11.185102
7.191050
5.836498
7.041190
5.809491
9.650347
4.879199
13.737921
13.252843
5.944033
6.777053
4.636493
11.384423
9.959545
8.731593
5.840553
12.101742
9.427958
5.651648
4.488269
11.459307
6.926508
11.500927
2.032932
9.667203
6.903258
5.143742
9.948016
3.188399
8.482086
2.031878
7.988497
5.404901
3.175745
8.960873
6.881918
-0.370478
-0.990844
5.407323
2.194194
0.873920
-1.602782
4.466066
-3.290538
-0.886889
-2.742939
0.820270
2.906183
2.137282
-2.651689
-3.787641
-0.915635
-5.411856
-5.792569
-1.019549
-0.848801
0.174121
-6.219283
0.826455
-2.048535
-6.243015
-7.476077
-6.693315
-6.664453
-2.169068
-7.866641
-7.764479
-4.054580
-4.428916
-3.067834
-5.761225
-10.101224
-5.313171
-8.079628
-11.289549
-12.004935
-6.999066
-4.770523
-10.328468
-6.950024
-11.703584
-4.693059
-10.892339
-7.892926
-12.121391
-13.974094
-6.479420
-7.930649
-5.789749
-8.922571
-12.134242
-5.215406
-9.697178
-8.158823
-10.785459
-12.580877
-11.205474
-14.575066
-9.108984
-5.644253
-9.595059
-12.216331
-9.482221
-12.675083
-9.890667
-4.823977
-8.450571
-6.783477
-10.750357
-8.866023
-11.282313
-12.956814
-13.766651
-6.542097
-6.200315
-3.508781
-8.205630
-10.377488
-11.741952
-4.866030
-7.831258
-4.682032
-10.066272
-8.073519
-4.817304
-4.203777
-5.806335
-10.773503
-2.446146
-4.348482
-0.530796
-2.711610
-7.353431
-1.101062
-8.517652
-4.031976
-2.432527
-0.999261
-5.864181
-2.334048
-4.030067
-1.495772
-0.548762
-4.803734
-1.225705
1.562188
2.521664
3.131850
