4.449022
-1.711662
1.658359
-2.502695
6.101697
2.063277
7.143750
0.032937
7.574054
7.801390
4.342842
0.326861
-0.594910
0.402020
9.140411
4.717654
2.481683
2.134817
8.946994
3.453451
6.284262
5.284926
9.250795
9.928746
7.715679
5.251487
7.124076
8.797932
5.733518
11.142840
5.377382
5.466442
7.577775
6.321910
5.918812
11.376638
7.024660
9.420937
5.115845
4.880545
14.041914
5.058713
12.999815
5.796596
11.277737
10.220402
7.457043
9.831758
13.873435
11.911555
10.587999
6.724238
12.854015
7.463182
9.041402
14.732262
7.324631
5.737526
6.246001
4.778511
9.417519
10.583903
5.669095
11.815304
10.683159
9.120598
13.243098
3.921071
5.555947
4.250181
4.667586
11.610091
7.338485
10.668391
4.038639
5.701074
3.374271
3.124750
7.962805
2.216687
9.923367
2.289068
7.471085
5.084230
3.897101
0.697661
6.145502
-0.040059
6.584676
-0.290594
4.402012
-1.597396
-2.529142
0.162068
3.357170
5.760011
-2.434817
-2.653749
-4.092657
-1.696609
2.298004
-0.589322
-2.252365
0.936168
-6.041172
-6.070382
-1.775058
0.060224
2.001848
1.148885
0.889849
-3.912292
-7.351706
-7.246824
-3.625723
-7.295979
-2.282883
-3.520542
-1.126371
-3.746565
-4.192367
-6.395242
-2.396474
-4.462708
-5.776706
-11.544811
-3.509141
-4.696335
-5.572553
-7.607743
-7.168459
-10.271008
-9.152654
-5.255685
-12.944261
-4.626040
-11.234339
-13.853137
-6.472321
-12.101911
-9.885250
-4.823346
-10.274660
-10.505730
-6.866243
-8.904934
-5.112615
-12.242338
-13.688030
-11.849414
-13.361392
-5.410348
-10.615891
-10.449056
-10.973017
-10.047804
-7.208359
-13.193500
-12.121921
-5.845898
-12.997711
-6.532950
-7.566920
-12.055940
-12.149089
-11.759309
-7.557920
-11.172435
-9.384929
-3.708330
-5.525705
-11.790532
-7.579510
-3.584891
-5.242801
-8.561177
-7.462419
-2.755843
-2.956866
-9.693975
-3.580208
-7.834597
-4.867392
-4.973136
-1.949645
-0.687794
-4.636999
-0.083362
-4.799606
-3.774099
-6.522050
-6.744867
1.379180
2.438355
-5.221013
1.686845
-5.450451
0.070703
0.443844
-0.890257
