-0.140332
5.098164
-2.538871
-2.432535
0.064090
1.304406
0.038280
0.737942
4.085732
7.327968
-0.019864
3.967751
5.924035
8.243845
4.614919
6.857010
9.261770
1.972377
10.091524
6.483800
3.507119
6.832026
9.343035
8.210293
5.769707
6.980013
2.653056
7.628137
8.815215
11.042085
7.206815
10.551350
12.075005
5.132326
10.057725
5.621500
5.100034
10.801792
6.485035
7.748038
10.706233
10.673227
8.127911
13.374985
14.022387
7.872841
9.352723
5.747870
8.137723
12.295330
9.492573
6.114436
13.884324
10.231903
11.968619
9.088998
10.951214
6.461984
13.126508
7.280072
9.441063
13.358786
9.937847
10.561185
10.506293
8.485459
11.860583
12.561624
12.469906
11.030719
9.124684
9.532144
12.458587
6.869622
9.601165
4.582344
4.387060
7.025073
8.943814
9.024096
3.642306
9.844955
7.264134
1.480962
-0.225021
8.217065
8.480690
8.437440
5.744419
2.468080
-1.133252
5.738069
4.896912
-1.439140
-2.415555
-0.433633
2.849641
-1.943695
-4.017156
2.771107
-0.520254
3.487540
2.541050
-5.790415
-4.356167
-3.136064
2.056463
-4.398379
-6.424946
-1.194970
-2.088771
-0.808209
-2.708072
-5.223351
-3.149053
-8.580475
-3.488835
-8.444495
-1.245674
-2.800829
-1.656502
-3.526894
-11.469497
-7.808336
-7.236737
-5.952846
-4.801638
-3.217745
-7.976342
-9.837080
-12.015562
-12.293674
-9.795646
-13.384262
-4.355525
-5.063099
-4.688348
-5.169928
-13.216230
-6.042797
-7.692713
-11.003138
-12.154108
-10.474832
-11.166928
-9.984145
-12.123930
-10.819076
-14.302855
-5.295498
-13.179658
-9.010821
-13.392783
-13.942277
-13.602999
-5.399568
-12.369189
-8.911896
-7.895566
-4.844052
-4.884238
-9.708400
-7.964638
-7.450876
-13.139415
-5.166719
-9.931917
-6.086651
-7.441922
-7.436672
-6.147650
-4.117428
-3.794475
-12.078567
-10.658048
-6.053861
-8.525984
-5.866768
-9.827225
-6.801320
-4.726355
-2.662388
-3.930557
-4.742147
-3.379856
-0.252698
-4.435787
-2.076081
-3.196858
-6.943189
-3.766348
-6.854206
1.925103
1.742656
-1.432999
0.399589
0.351222
-0.183136
-1.161400
-0.541904
