5.139028
0.120758
-3.100192
2.447534
-3.174447
6.710328
4.804304
4.766630
0.613960
-0.946917
-0.668640
0.761665
4.752165
1.404150
3.426676
1.823905
8.676569
1.617533
10.615610
3.630745
7.029403
10.896619
1.646358
2.175600
3.058221
7.046109
7.024664
6.120959
9.833710
7.100436
12.797348
7.712316
9.850602
11.772881
12.547372
13.024080
5.372807
8.732913
13.708555
5.947443
5.017608
5.120490
6.554737
9.183321
10.590963
14.584954
12.178900
9.549502
5.899443
11.689177
7.420099
7.731657
9.496832
13.301894
14.645055
10.242827
11.753118
8.408309
5.899076
7.194312
13.307624
5.316876
13.269340
11.565249
9.899513
12.605670
7.748916
9.419602
8.478544
3.673566
5.512374
9.996942
11.375124
11.984971
6.971451
5.087853
4.609785
11.114710
10.540219
4.415615
6.158541
1.447321
9.503465
3.339686
9.069192
5.088826
1.662255
1.511416
-0.039054
-1.433262
5.495782
2.110853
0.183674
0.700210
-1.173447
5.813307
4.192679
5.157637
0.655122
4.783716
-4.772912
1.991750
1.193297
-0.486401
-5.532158
0.200828
-2.274149
1.731643
-0.245332
-0.756329
-6.197656
-6.635986
-7.058521
0.682803
-8.808086
-8.504837
-6.651503
-8.983172
-2.035939
-1.417091
-3.115917
-5.404348
-7.993297
-7.732924
-9.091143
-4.387650
-11.146761
-12.532513
-5.978782
-7.016437
-8.082069
-5.835310
-7.071110
-7.883675
-10.892371
-10.738270
-7.496467
-9.348435
-11.689374
-8.791599
-11.007071
-6.268480
-8.783746
-14.651851
-6.815861
-7.888132
-9.774168
-9.331822
-11.828374
-7.053611
-6.090575
-12.707659
-5.355938
-9.417113
-9.571487
-8.108547
-13.482538
-11.328200
-10.674367
-5.399111
-9.635599
-10.706399
-6.468755
-10.505749
-4.153218
-13.298843
-9.971095
-4.297497
-8.363381
-12.987013
-6.983034
-9.553616
-5.531317
-4.727010
-6.864711
-7.340815
-10.306545
-6.319617
-7.329985
-10.518575
-10.479342
-0.694548
-3.703640
-6.920354
-4.646456
-0.435095
-3.988446
-7.591626
-5.559250
1.646525
1.156187
2.395502
-2.161956
-2.431614
1.082023
1.356285
1.611898
2.666527
-4.286027
-2.255154
