5.143209
-2.930130
2.748104
4.500649
-0.897266
-2.038399
3.028419
6.956751
2.061554
0.557524
1.201895
-1.022007
0.440395
4.024293
2.550856
6.912252
6.106793
8.655259
8.736704
9.251623
5.141806
7.504524
5.936517
5.563748
2.858435
2.313972
9.994078
6.041829
4.043153
4.875475
5.163998
9.007713
12.652080
12.877573
5.111636
13.543374
5.759664
9.284544
4.795268
6.813878
9.187319
8.979560
10.966491
6.437908
13.486430
14.842800
11.439218
9.538153
7.894192
6.831936
13.646100
14.186701
9.867024
11.459899
11.379558
5.739241
6.935356
14.112235
8.648380
5.602911
10.884818
9.272544
10.932349
5.742475
7.082615
9.174324
10.395175
8.025950
7.092279
6.206795
11.821676
10.428355
9.188810
11.675752
4.102363
4.714754
8.832741
5.526926
11.041517
8.002407
9.507570
10.141846
8.284659
4.814049
7.555595
5.758179
-0.856473
3.859750
4.472600
5.139797
-1.530370
0.602517
-1.379465
0.350474
3.238962
2.146789
-1.585926
-1.232727
3.808054
-3.210870
-5.241418
-0.922780
-5.503685
-1.776825
-1.537372
-6.617247
-6.894655
-1.761318
-2.933231
-0.290603
-5.434966
-4.452925
-6.963643
-7.772768
-6.631169
-3.339176
-3.659221
-0.729533
-9.220833
-10.809102
-10.472997
-5.390725
-1.653879
-2.543070
-10.145954
-7.714491
-2.690111
-8.495110
-9.980323
-8.622225
-7.737486
-6.588999
-8.993665
-10.356478
-10.575210
-6.223783
-8.118650
-6.993943
-9.760781
-6.224540
-7.151956
-12.117002
-12.133228
-13.046805
-12.507899
-6.202186
-9.502586
-7.747566
-5.728030
-8.671580
-12.509321
-6.952187
-7.999589
-7.838698
-7.740412
-13.668438
-5.039509
-10.815675
-6.102584
-12.927341
-8.195124
-11.009082
-10.333799
-11.219133
-12.534413
-9.686310
-7.050943
-12.312074
-10.850414
-9.337246
-6.603724
-3.496767
-10.714362
-10.266384
-4.493551
-9.956970
-10.991274
-10.046500
-11.045458
-8.428204
-10.531038
-6.077532
-0.313581
-6.520732
-9.021027
-8.224823
-5.811498
-6.385840
-6.887125
-5.598155
-4.581216
-2.808286
-5.406970
-3.640904
-2.192520
1.300321
-1.518819
-0.669399
-0.272081
4.230172
