-0.567618
-2.450298
0.432569
-2.232149
1.532178
1.649470
6.583531
0.519291
5.281063
7.636468
0.759408
5.803538
6.911826
0.235856
9.049510
6.950087
8.215242
8.650554
1.164241
4.124318
8.705427
10.810988
10.490651
5.370863
2.753889
11.412302
11.000637
6.618914
3.893841
10.643934
9.464056
3.732821
12.427049
10.800917
4.869100
4.415649
7.066997
9.425580
8.143711
5.828207
9.423408
13.435535
7.622607
12.971116
10.930221
14.251678
13.540599
7.878124
14.165562
5.666370
10.543598
7.699776
10.790964
11.952876
13.920547
5.160829
7.976361
10.551936
12.052438
9.406661
14.044278
7.030795
5.438196
8.744011
5.562738
3.834218
6.703062
8.975609
13.116754
7.503975
12.607893
10.058910
8.286953
4.773656
3.179593
4.364781
5.408038
4.268878
3.009893
4.197219
4.460248
8.898746
0.539719
8.632538
7.864187
8.087963
8.752708
7.348708
6.122587
2.478702
-2.026361
4.772204
5.612314
6.307220
-2.631151
-2.925931
-3.208022
2.995216
4.173990
4.994534
1.783911
-2.159744
2.423049
3.003992
-4.473422
2.514168
-0.557372
-4.838510
-1.930057
-5.235086
0.821702
-4.126707
-8.337338
-5.569299
-1.630901
-3.848755
-1.464921
-1.039938
-9.457707
-3.983241
-9.791771
-7.712936
-5.951883
-3.868885
-6.644126
-8.356808
-10.907526
-3.247571
-12.340340
-5.478394
-8.700054
-12.066064
-10.407671
-9.122338
-4.126352
-6.457519
-5.635945
-12.210187
-10.769402
-5.603978
-13.811426
-13.468637
-12.518345
-6.060933
-12.141597
-8.946664
-13.436207
-8.640695
-9.673502
-8.035491
-10.497105
-10.460751
-7.186208
-10.969992
-7.860461
-14.376822
-9.128425
-10.410519
-14.311557
-13.566783
-11.200911
-14.130865
-13.878126
-6.628180
-11.820589
-4.676823
-11.161305
-5.584527
-9.732787
-9.582766
-11.700282
-10.234700
-2.552791
-7.422656
-9.856604
-9.099359
-2.476552
-3.666131
-1.500100
-3.197768
-3.770031
-4.042174
-6.512192
-8.954161
-9.440998
-0.486013
-3.369338
-4.432916
-0.792363
-3.000621
-4.169446
-1.752114
-5.349253
-4.038406
1.232342
-1.420098
0.291463
-4.275161
-4.735248
4.161997
