1.429114
2.409903
3.811590
2.578533
1.058861
0.499692
3.398526
-0.930028
0.192654
7.138052
-1.385479
2.907840
2.299589
6.660136
1.080960
5.943682
5.098136
1.640767
4.166598
10.042414
3.377784
11.310984
7.461925
6.078215
3.006613
7.055043
3.189864
5.724599
11.745496
11.729642
7.715612
10.527072
5.698056
6.992225
7.173391
10.741786
4.836293
14.021450
11.156698
10.900729
13.828697
8.030734
8.072594
7.469686
8.154794
8.477117
7.841364
13.427927
8.105369
6.417063
10.767012
5.863490
10.546832
9.957706
6.669327
13.771948
8.001104
13.647135
9.867169
13.117328
12.745593
10.898798
4.364349
8.939982
9.525826
6.811589
5.207894
12.701619
3.313446
4.218502
4.401364
8.542163
11.283708
8.514017
3.216578
3.290913
5.020092
2.766762
10.439898
6.984261
4.153253
2.267189
2.086788
2.921874
2.929343
8.694262
8.445075
7.516861
4.841154
3.988287
1.870266
5.219929
-2.353603
6.475180
3.975283
0.461500
4.412710
-2.230619
-0.081447
2.407833
3.745902
3.843079
-0.818511
-1.527282
-1.085757
1.656092
1.254699
0.113020
-2.567108
-2.447681
-1.510814
-5.980874
0.910037
-5.637153
-3.436513
-4.033010
-1.796732
-4.676443
-5.053984
-10.436304
-1.192578
-2.603024
-11.193141
-5.767911
-9.737930
-6.300846
-3.675053
-12.571280
-3.031088
-8.702548
-10.266718
-4.628736
-10.038595
-12.044637
-12.439474
-14.012501
-4.707737
-14.272592
-6.287521
-11.193962
-7.036363
-6.551011
-8.344297
-14.257596
-5.669610
-10.979894
-13.294578
-11.067803
-7.600014
-6.281519
-13.581895
-13.601553
-6.776688
-10.437069
-9.475953
-5.141159
-9.702819
-4.874511
-11.980638
-14.386517
-10.547286
-12.554201
-13.902704
-6.103162
-11.994981
-10.645470
-8.089737
-7.007434
-12.825907
-7.900350
-5.258199
-4.244945
-4.938391
-5.558429
-6.959895
-8.334715
-8.588922
-8.374282
-5.049268
-2.564112
-8.544783
-2.787113
-8.572405
-4.775553
-2.001638
-5.409680
-2.949463
0.003587
-3.756357
0.716312
-6.255152
-6.069998
-1.035909
-0.250563
-1.471337
-5.210201
-1.311790
-4.273548
-2.063232
3.570557
