0.482144
3.585804
5.377683
-2.148197
1.184801
5.990789
-0.361335
4.271299
1.912179
3.549630
4.406945
6.870469
-0.308971
5.480365
7.208731
4.766685
6.815591
3.160533
8.946563
5.434551
9.668174
1.900919
10.056430
6.405804
2.552451
8.129880
11.040241
5.636316
12.269509
4.846425
3.630451
4.824751
5.630323
11.190123
4.356996
7.922264
4.274891
9.605139
10.334066
7.932849
7.803031
13.510558
10.385570
10.699298
8.979703
12.258416
11.493991
12.428998
12.208827
10.621343
6.576498
14.262186
9.509832
7.959113
6.925147
11.085598
9.290740
14.000475
10.583447
9.107497
4.838400
6.736275
5.948965
7.681348
11.628627
8.602313
9.356328
6.664418
5.503896
13.046036
12.602759
8.049787
4.548391
3.555742
4.011111
2.468213
8.341124
10.468402
6.067270
1.890610
3.126875
6.664722
4.844164
7.646239
5.805777
2.212495
-0.208331
1.896448
4.939662
7.230079
7.687896
2.962229
1.491888
3.074686
2.215788
2.891547
-0.463404
2.767027
5.029148
-0.685749
4.395593
3.135353
1.615352
-4.172396
1.002563
2.270419
-5.416928
-6.678209
2.143097
-4.545472
0.013308
-0.724664
-1.426053
-3.082458
-3.727524
-9.042723
-8.716393
-2.305295
-4.298103
-5.305977
-5.463584
-6.272272
-3.659333
-5.920718
-4.363016
-5.974960
-10.271653
-9.190490
-11.493136
-4.004047
-7.268221
-9.623954
-13.546768
-10.570766
-5.795885
-12.699374
-13.196912
-10.111696
-8.504740
-9.875623
-6.050012
-5.151606
-8.532664
-7.859245
-5.164849
-13.572179
-10.956972
-6.403569
-12.829542
-13.107890
-7.298899
-10.094285
-10.247896
-14.479517
-8.536200
-9.287333
-6.651339
-5.898864
-6.521542
-11.793942
-8.121879
-4.757542
-5.430821
-6.720421
-7.278839
-11.150455
-11.095813
-10.702525
-9.481520
-8.469014
-5.949593
-11.683728
-6.657042
-7.197228
-7.750611
-4.489881
-6.108371
-7.448761
-7.323312
-6.868977
-7.964878
-4.276763
-6.728056
-3.709715
0.176842
-0.985416
-3.489366
-1.658559
-2.274155
-3.633280
-6.900660
-4.481633
-2.888118
2.126880
-6.220527
-1.250862
-3.088802
0.708881
0.797085
0.939400
