3.938651
0.566785
5.866567
4.666654
-1.441119
6.488622
5.097633
-0.509507
2.159482
2.673279
1.290003
4.945855
3.646656
5.050407
6.060552
4.991068
5.987617
3.680980
5.574673
4.593614
10.341622
2.344890
7.029719
9.249708
9.488481
9.421114
5.310297
3.290350
10.647663
12.554693
11.359241
9.367680
9.292265
3.993689
4.130518
5.381174
8.983587
7.620738
10.330712
12.303568
5.768122
10.018404
5.822076
7.508755
14.648398
13.870885
12.147824
12.201511
5.066786
13.710299
7.596871
11.938865
9.008982
7.735170
12.272746
13.827354
9.282761
13.986983
14.546123
7.637827
7.531303
9.341547
4.666609
11.454494
10.091252
4.927060
11.838390
12.990447
8.833720
12.114918
9.666758
7.800811
11.469713
6.006632
5.849883
6.188754
8.359147
4.406429
5.796270
7.161969
8.624578
3.481814
8.195109
3.935936
6.629061
-0.176523
1.039257
5.846323
0.050029
4.558910
-1.820482
-2.073663
5.521644
-0.043114
1.059991
1.572886
0.813203
-3.100188
4.393531
-0.023386
-0.009864
-2.518906
-2.027977
-1.814225
-0.440818
-4.792163
1.177093
-4.304663
-3.095465
-1.244639
-5.341197
-0.325393
-5.608500
-7.285019
-4.552628
-0.696544
-0.263414
-0.757178
-10.162868
-5.735267
-2.654581
-4.539301
-11.457721
-4.066210
-2.452002
-8.945513
-3.026622
-9.771146
-5.531116
-12.159849
-9.648010
-8.922137
-7.774992
-9.479001
-9.328494
-10.898745
-13.308295
-10.433365
-6.569825
-13.199877
-8.002667
-14.356671
-13.468442
-10.563580
-9.535367
-7.453170
-10.742075
-10.471963
-14.241579
-12.408823
-7.419571
-13.029627
-14.597536
-14.825444
-7.233843
-7.056697
-9.898242
-6.899182
-11.054723
-10.862223
-6.887490
-13.772803
-11.219559
-8.951418
-4.775866
-6.289718
-4.492373
-6.944482
-10.368143
-3.653269
-8.995781
-3.998595
-8.134255
-5.642052
-6.709099
-1.971500
-4.783602
-3.540524
-7.807195
-5.897658
-5.650552
-8.678173
-9.131012
-4.908413
-6.077220
-7.996709
-6.230569
-7.429348
-2.049289
-7.909396
-7.389870
-2.150810
0.311406
0.043244
-1.255086
1.883072
-5.483441
-3.862369
1.312877
4.191947
