3.332017
-3.146796
2.898794
5.561935
-1.230956
3.336098
-1.733821
1.850383
-1.878513
-0.639304
4.282179
2.764604
6.452889
2.878777
7.156573
0.645637
2.845495
2.664707
3.279174
3.278005
9.883117
10.517118
5.245327
10.457102
8.469150
11.945872
4.533037
6.977718
11.866812
5.279155
10.052448
10.891814
10.991061
6.861180
5.214979
9.261349
11.223534
12.399434
5.875292
8.597933
10.753450
14.465266
5.940052
14.074890
10.153791
13.768539
14.755004
13.698510
6.170089
7.932576
5.194223
8.879792
11.530849
12.267232
6.751776
13.499805
9.145554
8.017861
10.174711
11.182267
8.175840
6.436566
13.352543
6.765992
8.811842
8.508124
10.959051
8.800277
6.064957
7.677419
12.337047
3.036786
10.201603
6.682398
11.863950
2.754589
7.010743
8.772388
7.131156
3.344485
9.569719
5.867404
6.072908
2.886158
5.784687
4.004330
2.391215
2.375696
5.958719
2.424293
4.725501
-1.824366
4.825597
4.770042
6.346968
-1.906463
1.350350
5.152201
-1.883472
-3.395951
2.599086
-3.809750
1.641768
2.617526
0.788813
-5.078860
-2.200050
-0.604303
-6.371394
-4.976731
-8.215164
-0.759302
-2.949785
0.679350
-9.365855
-6.427549
-1.859588
-7.797391
-1.459169
-1.068811
-3.206618
-8.028151
-2.721810
-5.414756
-11.181410
-3.085464
-9.711880
-11.269502
-11.883349
-11.391163
-5.007154
-9.774892
-6.606503
-9.420548
-8.446399
-11.632796
-6.880561
-7.109206
-12.127436
-12.420997
-11.876819
-13.884218
-14.372796
-13.382397
-11.060242
-9.772558
-6.959466
-13.750182
-7.808930
-12.156142
-8.030031
-8.446672
-13.072315
-8.968298
-14.347742
-13.187576
-10.415075
-12.107001
-13.669183
-13.367462
-8.598897
-14.106693
-6.248870
-12.641181
-10.716032
-6.015539
-5.978733
-5.186913
-3.954352
-10.217030
-11.815340
-6.460725
-3.253312
-8.621982
-7.808358
-6.213603
-10.847111
-5.956987
-8.127966
-9.715169
-3.470451
-8.418048
-7.940343
-3.060519
-7.562979
0.442023
-6.217801
-4.991049
0.046795
-4.600136
-7.323831
1.885134
-3.120941
1.944212
0.556133
-5.689157
-3.769465
0.180565
-3.817118
0.411634
