-2.747923
3.713814
2.640962
5.601224
0.874514
5.094598
4.934540
6.071274
-0.324853
-0.009055
4.124093
3.956940
3.979341
4.135548
1.959453
6.100644
7.162658
9.281032
2.530320
5.059446
7.573751
8.984288
9.181890
6.175548
5.198459
10.118639
8.764064
10.308424
5.033713
4.922292
6.888937
3.927270
12.727233
11.366285
9.608624
10.694011
11.793082
8.242623
8.384671
9.545966
5.921188
9.383519
12.048289
9.258375
6.819633
5.332930
13.222407
11.904449
8.986940
8.025836
8.117916
12.938744
8.029532
8.276596
13.718570
14.625460
14.459755
14.645965
6.976293
9.346660
5.577347
7.658526
11.703622
10.409255
8.399444
6.695746
7.328496
9.044479
7.014287
4.982884
11.715173
9.074411
10.860582
3.567323
6.028508
10.254941
5.193506
9.798137
9.927492
5.194958
3.881825
7.011209
1.605471
5.793425
0.469264
2.754886
7.875366
5.368274
4.725325
1.678005
0.618478
5.849331
1.482705
0.634398
1.251459
5.000523
4.600339
0.409530
-1.724637
3.146929
4.202421
4.337020
-4.274606
1.421067
0.870896
1.577860
-2.416715
-0.903963
-4.589203
-3.283562
-5.937994
-3.600532
-5.436748
-4.395385
-3.730203
-3.857525
-2.345621
-6.807557
-10.090792
-6.006281
-3.287069
-1.786452
-6.667303
-3.743538
-10.364618
-4.957741
-10.859904
-12.016617
-12.840342
-4.935272
-8.683613
-12.717329
-8.430188
-3.781425
-9.612720
-9.883069
-12.770448
-12.288372
-6.427281
-7.463966
-12.771270
-11.646815
-9.965623
-12.278217
-9.558313
-10.666491
-10.287246
-11.413498
-5.554646
-7.844945
-8.189535
-5.721837
-11.916648
-11.000745
-9.125765
-7.902373
-13.430309
-8.253322
-5.243396
-5.057209
-12.272790
-11.901715
-9.455995
-9.472895
-9.506627
-5.190505
-7.052373
-8.757702
-12.241733
-12.132024
-10.032447
-10.090751
-7.219025
-7.567912
-7.121646
-5.291245
-5.469068
-2.452310
-10.964105
-10.367723
-2.086509
-7.054771
-0.496928
-2.787514
-6.087627
-4.993026
-1.965222
-5.216533
-8.320148
-2.137759
1.149963
-4.667748
-1.951293
1.957954
2.271267
-0.961887
2.890279
-3.336183
-1.976635
-2.312070
