3.811182
3.011873
-1.751707
3.564744
3.728081
2.084892
5.727032
1.129538
6.753050
-0.624387
-0.562892
2.631445
0.303963
0.391612
2.897943
4.982315
2.996579
4.174591
8.891046
7.761393
2.388568
3.694358
7.691815
6.266685
6.846936
8.838952
9.719267
3.501001
3.998141
9.407879
8.016919
6.938670
5.038687
9.696641
10.607287
7.317511
14.085669
12.240312
12.742394
5.959128
11.875943
6.729760
5.780265
11.554355
11.568377
14.241846
9.266910
12.141800
8.671772
9.910441
6.395373
10.138302
14.486074
6.144593
5.877232
14.053345
9.990410
11.297382
12.024640
5.437787
7.322622
5.346312
11.339230
7.727608
13.082777
7.447444
9.366036
12.199429
12.574938
10.465552
11.281781
9.481605
5.471722
6.701376
2.637320
2.252664
4.633408
9.903415
3.627906
7.341740
4.100109
1.927023
2.283346
9.619974
5.082994
7.793285
1.706665
4.295670
7.542309
1.558326
-1.878009
-1.510774
-0.910468
6.357164
-0.222909
-0.679240
-0.134386
-2.386842
-0.249124
2.874109
-4.633100
-0.306851
1.698119
-0.419462
-2.441511
1.013557
0.843826
1.554583
-6.256029
-3.695971
-5.185985
-6.282897
-6.547603
-0.093494
-5.949659
-5.607224
-3.885650
-6.704566
-4.538788
-8.729783
-2.250211
-4.321220
-9.813816
-1.966455
-11.221106
-5.158307
-11.030580
-8.126168
-3.569170
-6.421437
-11.402673
-6.367444
-9.379787
-9.374427
-11.801579
-13.198732
-11.481378
-7.841843
-13.419396
-8.246910
-11.433723
-6.815902
-8.127279
-8.367671
-7.419545
-10.818932
-9.670837
-11.048902
-6.573534
-12.184892
-6.339376
-6.056631
-7.645711
-8.893030
-9.361877
-12.086934
-12.177431
-7.219542
-6.261773
-9.751542
-11.954778
-11.836466
-12.441938
-8.073666
-11.745639
-11.602823
-12.924425
-4.167298
-10.007699
-8.086443
-10.692189
-6.145899
-3.795834
-7.158973
-2.765195
-8.690728
-7.881308
-10.714654
-7.813111
-2.298351
-5.811363
-9.752144
-1.129330
-5.405255
-1.848788
-7.593717
0.731664
0.577863
-7.528681
0.335651
2.103659
-6.265973
-2.934249
-6.186514
-3.648112
3.040726
-2.600948
0.533688
2.748364
4.714070
