2.496118
-2.024438
-1.316542
5.956080
4.623938
-0.449061
3.920280
6.618979
1.680023
5.764535
5.158673
-0.990597
-0.556000
6.744325
0.224624
2.258126
2.052325
10.287662
5.186401
6.772842
3.566315
2.447938
5.265197
10.210894
3.926461
3.563131
7.415966
4.121515
7.329173
7.896116
10.272947
6.506998
9.689613
4.476897
5.983683
12.140898
6.845014
12.283871
7.115244
11.754455
13.915150
7.216228
6.732272
6.768302
13.626734
7.103798
14.736522
8.606104
11.261722
8.279353
14.461573
12.907871
9.061552
6.329446
12.641538
10.707805
5.305763
14.371045
13.998786
7.326122
6.060200
9.151197
4.589625
6.222457
5.308006
4.472250
11.573511
12.850710
10.126301
8.853324
7.748430
3.242162
3.439462
11.069134
4.408772
8.351954
10.769123
4.221656
3.034183
3.981987
5.285984
5.525352
9.520645
3.648394
5.976683
0.909799
7.218296
4.355390
1.756062
2.499657
2.707586
0.941596
0.882130
5.827157
3.373926
0.740814
-3.163259
-1.132859
2.886316
-1.115382
-2.029602
2.983923
-5.840633
-2.724966
-5.618267
-0.776840
1.960885
-3.983915
-5.151264
0.966970
-5.639682
-5.812844
-2.319267
-4.352150
-6.742156
-1.940210
-3.109268
-1.061415
-0.900673
-4.921893
-1.444115
-2.765709
-9.640460
-9.253592
-7.131635
-4.025248
-8.701083
-2.872119
-7.110536
-4.461529
-6.580403
-10.982849
-7.042233
-5.829892
-5.609207
-4.056318
-8.044475
-4.798959
-6.506303
-6.249742
-14.226066
-7.244337
-11.903219
-9.766670
-8.500723
-13.804915
-10.140239
-12.274640
-11.635473
-11.037097
-12.123221
-10.503788
-8.569943
-5.196774
-5.895987
-5.065999
-6.038786
-11.716977
-6.191954
-6.246923
-6.948950
-5.894657
-6.894944
-6.953469
-13.469481
-10.673079
-7.308103
-10.786743
-3.743416
-5.077641
-10.419660
-4.631848
-4.989356
-2.470240
-8.009414
-5.503988
-3.517179
-7.196100
-8.353066
-6.365312
-7.239404
-5.057730
-8.572478
-2.425536
-2.528739
-9.044910
0.772895
-2.014527
0.386824
-7.741069
-5.143662
0.062747
-1.124118
-5.613138
0.129338
-0.418298
3.508628
0.022195
0.112222
2.223106
