2.221621
0.061674
-1.080837
-3.036107
2.862133
-0.535590
5.584988
4.340937
2.436921
7.229396
-0.223595
5.798938
2.986578
3.660697
5.206630
2.444164
4.442689
1.209984
10.291945
9.246396
4.763673
8.786609
11.452512
3.995089
2.641152
5.593457
10.709889
8.174478
10.463736
5.496185
12.462378
5.545733
6.747034
9.765535
11.528959
8.473730
5.558929
6.839243
9.575539
10.554294
9.744696
14.456990
13.692112
7.070199
13.556919
13.905076
14.219551
14.583389
8.796646
13.220385
8.330313
11.067116
6.997959
14.478280
7.146848
8.565713
9.515205
8.383782
9.963194
12.153418
7.887283
6.461601
7.862814
7.051588
4.462929
8.863079
7.013703
13.055568
9.884992
12.555231
4.819326
3.754977
11.887262
8.148877
6.668323
9.242229
7.818056
5.664457
1.734172
1.050308
8.677583
5.673390
9.933187
0.395829
6.120872
1.705983
4.482423
4.347040
4.914311
2.263340
6.995230
-0.563910
3.316978
2.990107
0.948524
1.362703
4.526776
5.565695
5.218445
4.348919
-5.013972
-0.517115
0.793240
-4.330908
2.688327
-0.581872
2.548887
1.412420
-1.127930
0.511192
1.046385
-2.011857
0.695929
-1.349915
0.380224
-6.901313
-0.372750
-4.768097
-3.615193
-1.677427
-3.940421
-2.611901
-4.663181
-10.116079
-3.660324
-6.194560
-11.312510
-10.298320
-9.473643
-5.516253
-6.245656
-7.372576
-12.241926
-11.100450
-9.280092
-12.867417
-10.128670
-13.207885
-5.176114
-12.584619
-7.867427
-9.037284
-9.001225
-11.795736
-6.892563
-5.506567
-14.081218
-12.759477
-12.418036
-13.135777
-7.932032
-12.127786
-13.923773
-9.404938
-5.976903
-10.236871
-12.956323
-14.099082
-13.493873
-5.875199
-9.129789
-5.423709
-5.820554
-5.969842
-6.745023
-4.878024
-11.121025
-9.010591
-6.298431
-11.055315
-6.313975
-5.908521
-11.356790
-6.063895
-9.661742
-3.023589
-2.809855
-10.375154
-8.017853
-9.290484
-2.090367
-0.792122
-8.746768
-0.222152
-0.013470
-8.336901
-0.727682
-7.949400
-7.803734
-5.852613
-0.919415
-7.005940
1.592480
2.885070
-4.342004
-3.501685
1.832645
1.215264
1.084839
4.325876
