-2.301878
-3.619552
1.622199
-2.869939
-0.913435
2.199608
-0.771853
-0.230310
2.331957
-1.809538
6.418710
0.374678
5.725896
2.526612
1.195236
2.540844
1.944535
9.316471
1.152908
6.531801
1.871671
8.490910
9.525865
3.350460
4.122407
9.314026
8.303500
12.645882
3.460297
6.375521
4.123615
9.915903
11.788805
6.898781
10.304202
8.158764
9.184502
8.100787
7.974528
8.361953
13.537539
11.817196
9.560594
4.922720
5.734438
9.882711
6.647386
12.874577
5.014402
6.105117
11.044021
14.180356
5.596861
12.679621
11.453018
10.977648
11.492446
9.008560
5.686909
12.849000
4.431623
4.972322
4.584185
12.302389
12.573704
5.405949
6.959038
9.974638
11.921569
6.143855
8.133397
10.842319
5.134529
12.106659
4.117599
4.239713
11.094467
1.390866
2.001365
2.047419
4.547937
2.057087
3.559336
0.347433
8.747843
1.888567
1.433647
3.662182
3.517386
2.877004
1.249231
3.790212
5.665661
4.802824
6.525102
-1.657297
-3.546051
-0.737331
4.950733
-3.600904
4.146538
2.577777
-2.589259
-6.172024
-3.745367
-3.970634
-0.109806
-4.511980
-2.531796
0.730626
-4.793085
-0.435950
-4.834174
-7.437284
-2.224051
-2.543233
-9.582528
-6.360492
-5.882946
-7.062381
-1.606272
-11.229842
-5.622602
-3.785935
-7.911024
-3.118008
-6.831515
-3.855016
-8.156426
-3.868340
-4.250051
-6.793434
-12.556385
-4.131662
-13.566340
-13.544430
-12.236141
-12.587012
-9.326016
-11.557514
-12.131358
-9.710067
-8.131444
-9.889610
-9.438262
-7.922760
-9.682304
-7.421190
-5.602000
-10.192820
-7.740995
-5.791757
-11.579155
-8.894567
-4.963629
-13.259356
-12.484502
-5.825960
-8.197960
-6.179086
-11.796289
-9.184194
-5.551370
-13.682544
-4.254769
-5.524339
-5.896688
-12.191340
-7.908727
-4.854128
-9.702094
-10.689754
-10.290800
-11.111321
-5.342004
-2.081724
-10.739853
-8.971955
-9.948106
-2.699045
-8.941356
-9.040612
-4.435264
-3.618523
-7.240312
-3.089398
-0.485885
-5.142439
-3.230944
-5.618192
-0.988233
-3.640151
-6.935911
-0.258921
-1.309240
0.220311
-0.591993
-5.579788
3.383323
-4.607406
