5.186033
1.542484
5.933081
-0.966979
-1.789541
-1.345637
4.290044
1.122894
6.227512
4.503524
6.776185
8.472850
3.793054
8.359201
9.536772
5.262478
3.811681
5.297372
6.183247
1.380862
2.340355
2.452827
4.170646
2.396646
9.007465
2.635863
11.221547
7.229878
7.782748
3.751763
7.429390
11.717383
13.402930
9.020134
10.374981
6.418859
13.571764
7.082103
9.468334
12.266420
5.452624
7.444814
7.055838
5.307333
5.989608
12.176088
11.674815
10.926200
5.399767
8.262466
5.954622
7.281706
5.791011
14.087997
11.866508
11.976800
13.671656
7.281770
9.028917
9.277113
14.241238
4.656926
13.950174
12.891678
6.839034
11.331098
4.894777
11.014693
5.269139
3.672887
7.663873
11.620999
11.458709
2.703716
3.237937
4.799825
1.892395
6.027793
2.245548
7.359031
10.007932
4.952825
7.321259
8.877025
3.142076
5.891242
0.773066
0.035822
7.111397
7.898108
2.184850
1.040843
0.532643
6.555583
-1.114933
-1.782291
-0.165257
-1.249260
0.394065
-0.794542
0.807164
0.026923
-5.058597
-2.884790
-3.580724
-3.893915
-3.717654
-3.915393
-2.546120
1.090216
-1.146050
-1.563389
-2.301707
-6.183947
-1.828889
-4.674163
-2.565030
-10.016092
-5.566158
-8.387471
-10.555414
-9.499454
-10.106245
-8.990250
-10.858623
-11.769233
-9.685508
-3.876813
-7.764010
-12.384199
-9.141765
-5.591450
-11.548461
-3.802312
-8.156005
-12.802020
-12.909691
-8.065250
-5.871557
-4.552310
-11.367227
-8.096673
-10.406857
-13.609516
-5.000065
-6.766423
-10.983406
-5.316021
-9.937764
-7.792162
-6.248617
-14.042865
-13.751470
-10.006695
-8.464341
-10.121100
-13.351850
-6.591914
-13.547407
-13.434034
-13.631220
-6.882252
-6.864103
-6.468276
-6.945092
-13.310883
-5.596457
-8.817542
-12.307899
-12.345875
-4.618459
-11.304800
-4.597343
-8.231303
-6.691774
-7.253996
-3.661384
-9.296813
-9.840315
-10.097077
-3.727584
-6.155208
-3.142381
-0.919210
-6.610024
-5.430368
-5.316032
-7.890261
-5.160852
0.419522
0.414515
-1.611997
-2.473009
-6.817313
-5.691319
-4.014306
2.649731
-0.438758
-2.485932
3.655477
