0.869284
3.683962
4.048487
1.550607
1.789377
4.855624
5.674481
1.004816
3.511339
6.022381
8.178574
8.364504
1.965360
1.807207
7.238457
-0.005983
7.604028
5.685845
8.003325
6.905747
2.527905
10.925835
5.553596
8.934506
9.353323
6.286078
6.641786
12.501472
8.985179
7.209152
6.685361
10.481624
4.944542
11.437860
13.014220
10.607127
12.676075
12.475990
9.447282
4.887312
11.832768
5.333480
8.560973
9.150884
13.141052
14.010776
5.310009
14.593869
10.035211
5.808338
8.965559
11.340055
13.769711
11.774775
10.758935
14.015681
8.229670
13.760416
10.628826
7.411910
8.289702
6.723114
6.158845
5.658549
5.164666
12.416702
6.627726
7.734111
11.657148
10.925556
10.252299
3.849170
4.702130
9.794788
5.698630
5.169628
1.834609
1.934830
8.530786
4.059105
3.775056
5.185460
5.955943
4.575173
8.162680
3.054445
4.214905
5.194707
1.970925
2.786439
3.097226
5.114303
-1.887014
0.606446
3.359431
1.799726
4.491920
5.315631
1.827594
-0.531320
-0.030418
3.307387
1.504465
0.412604
0.856900
-6.260467
-3.260888
-4.832111
-0.743665
-4.001551
-4.751584
-3.133626
-0.789261
0.421753
-1.668969
-8.339084
-10.041004
-5.115576
-4.055989
-8.225236
-3.531290
-3.821366
-9.181219
-2.926628
-10.860668
-3.756813
-3.165274
-10.054897
-9.147412
-3.160382
-5.649404
-3.954318
-6.897327
-11.894287
-10.120927
-10.700391
-6.571774
-9.324697
-12.765952
-7.406285
-9.317036
-13.084662
-14.206437
-7.202432
-4.918553
-11.427385
-10.343768
-6.353563
-14.656026
-14.848237
-5.334993
-6.491520
-10.833952
-13.308670
-8.229245
-6.112213
-12.179253
-14.604186
-9.019155
-13.284383
-5.222788
-6.887789
-12.634375
-4.818510
-13.842333
-7.366655
-12.132535
-9.289431
-12.163910
-4.258238
-6.804427
-9.902475
-6.046066
-8.570224
-10.248920
-2.877508
-11.142232
-8.040746
-4.950066
-10.740839
-2.815533
-9.984239
-5.747611
-6.831101
-2.368019
-3.719549
-4.639120
-8.008933
-4.872259
-5.423835
-3.381403
-5.797034
-1.602328
-4.539026
-4.600412
3.038747
-1.882529
4.135852
4.358332
-4.345029
