1.493798
-2.324452
-3.342954
1.037793
-2.106505
0.994800
-1.832395
5.782669
-1.450792
5.672104
7.970915
5.986410
2.261564
1.208919
4.149505
0.439033
5.668337
1.104713
0.748437
9.969792
2.036161
3.419937
1.850618
5.072111
10.021921
10.135307
8.394996
5.899054
8.500680
8.577428
7.099195
6.006868
5.885303
4.892336
12.067971
5.146202
12.992946
7.216057
7.054735
6.475655
6.412231
11.183763
6.754693
10.387893
14.406254
6.592346
6.369032
14.001519
11.937063
13.317407
12.327116
14.487138
6.906598
7.906724
12.426716
9.411372
14.439591
5.940740
12.803732
13.383790
11.580575
11.803267
11.616515
13.505950
9.400590
9.670866
4.842656
6.035470
5.973873
10.370951
4.533164
4.861155
11.103306
9.273752
2.182301
10.340622
5.030112
10.178774
7.515332
2.728902
9.196143
4.594025
3.711240
3.221184
3.993997
4.582206
5.589662
3.042962
6.563834
3.760188
1.882119
-1.154207
-1.421197
-2.016676
-0.429473
1.021517
3.140836
0.230489
-2.921548
0.473108
3.063178
-1.944408
-2.849675
-1.897389
0.460792
2.515805
-6.064898
-0.918304
-1.825266
1.432005
-1.081566
-1.340077
0.388121
-8.624542
-6.871629
-3.878949
-0.637750
-4.673793
-10.061378
-8.242336
-3.569329
-7.442569
-9.601696
-9.658374
-2.353183
-11.570055
-5.735821
-6.927822
-6.212633
-4.374607
-8.355707
-13.276650
-4.140308
-12.571589
-11.682995
-5.334362
-10.278416
-9.339846
-7.870508
-6.370290
-11.504866
-11.383966
-10.769344
-12.711626
-11.187838
-11.023242
-6.600120
-5.836811
-7.405270
-5.020552
-8.388119
-11.733083
-14.382038
-5.591747
-9.528072
-9.648841
-9.220252
-13.155346
-8.774167
-6.467122
-4.799861
-10.728378
-10.657857
-8.745034
-12.607821
-7.320356
-5.192077
-6.134204
-10.702151
-9.503692
-8.853871
-9.873544
-10.250819
-5.005755
-4.949107
-11.559012
-10.968315
-5.273556
-8.893170
-0.996180
-7.233666
-4.819027
-6.910741
-2.579498
-2.176390
-4.560143
-2.600372
-4.802478
1.285843
-7.549189
0.929655
-5.178475
0.620850
-1.424512
2.360587
-5.122636
-2.279693
0.237659
0.755457
0.704808
