-1.122048
-2.633341
2.053858
-1.291177
5.764735
-1.163891
6.149626
-0.801542
-1.322176
4.069816
3.943726
7.532497
6.666149
8.025722
5.739392
9.214591
7.806004
3.701717
7.387356
5.326808
9.779710
9.799670
5.847156
5.042867
8.188297
8.879071
11.808356
3.026598
8.437200
12.058126
7.554196
6.512490
3.692760
8.660321
4.916032
8.184830
11.196586
4.800559
5.503485
13.599887
6.183617
13.578764
9.676097
9.231281
12.490956
6.799214
8.590065
12.140392
12.828143
8.261965
14.324395
11.192371
9.596498
14.248149
5.634215
14.275311
7.740085
5.638673
6.589810
14.174681
4.631203
11.092617
8.733383
13.444623
4.964553
11.681641
8.241574
12.588204
4.364534
6.018915
5.808374
7.763486
11.820505
7.944162
10.948382
9.989054
1.976246
7.044168
8.772624
10.178345
4.888040
7.322753
0.838811
4.210304
6.809679
3.943825
0.380418
2.994105
-1.348880
7.210908
3.846277
1.946353
-0.125199
2.613965
0.170864
-1.392059
4.530924
4.630809
3.729546
-4.818156
-3.604936
-0.718515
2.205225
-0.777637
0.675321
-0.085934
1.705719
-7.231838
-0.240613
-0.387932
-6.694352
-7.206125
0.805820
-9.072431
-9.409309
-5.631134
-2.519464
-3.079997
-2.489950
-4.312587
-1.204622
-4.796138
-4.135414
-11.445685
-4.733984
-11.909073
-3.808857
-9.638546
-8.187204
-5.273596
-4.865197
-13.211810
-9.286216
-12.088996
-13.478799
-8.553771
-7.094147
-7.432700
-12.959156
-12.068231
-9.571138
-11.351449
-6.484722
-10.581453
-12.115166
-10.757766
-5.948525
-13.864103
-8.831160
-9.244787
-10.266243
-6.125839
-13.565465
-11.004968
-6.949580
-13.168323
-11.010272
-8.840837
-11.699596
-8.253578
-6.135932
-12.150937
-11.811870
-8.673128
-11.021709
-10.507568
-4.816326
-10.462430
-6.897563
-3.883659
-5.148806
-7.649556
-9.341449
-5.577376
-8.168464
-3.276511
-7.275542
-8.375385
-9.706086
-5.797885
-2.404699
-7.554050
-0.805027
-5.118700
-6.580296
-5.490222
-0.361214
-2.519337
-0.128519
-4.366555
-5.860521
0.527465
-5.506969
2.892212
3.341417
1.460667
-1.825015
3.969102
-4.979051
3.392631
