-4.445638
-3.373992
5.588136
-2.366900
-0.748397
5.705987
4.156286
2.288188
4.204024
6.232491
6.342205
6.218137
4.697474
6.153504
2.381835
2.887753
3.420143
9.563331
4.138965
2.664359
9.832479
3.266159
6.689675
9.328260
2.694462
6.945351
12.203062
11.869920
10.603082
4.967851
6.396210
10.699851
7.931208
10.088536
9.484143
11.363446
9.230022
4.933209
6.116041
4.763258
6.140771
6.577538
12.394412
6.254922
13.052959
8.092412
5.810877
6.853906
6.364159
10.689002
9.198968
13.931294
10.680796
4.954713
10.161070
5.816626
5.418186
9.788872
13.215401
8.786272
6.259732
13.740323
11.538851
6.494766
4.511155
5.475090
10.144165
7.224165
8.934633
4.916728
5.481427
2.706665
6.857509
3.631787
5.063969
4.752304
4.247032
2.052169
6.437185
10.568858
9.976306
4.386232
7.135358
6.103739
9.168595
1.566636
-0.324612
4.065798
0.548024
7.028937
2.394512
2.852414
6.482614
2.458844
3.730381
3.462859
4.017531
-2.933598
4.836283
0.590411
1.190565
3.158193
-2.549949
2.595659
0.106549
-6.170080
-0.328310
2.043974
-7.660761
-6.886283
-1.363080
-1.190561
-0.852983
-0.765627
-1.648393
-1.728171
-7.060026
-3.118632
-7.388769
-1.266966
-5.648567
-6.400169
-5.316945
-4.203726
-3.762010
-7.150392
-10.705716
-5.998928
-10.123922
-7.741878
-10.590915
-10.059079
-4.206963
-7.907196
-4.145977
-10.620861
-8.897253
-6.308351
-9.503469
-9.014902
-5.956166
-6.678866
-7.032963
-6.671061
-9.638677
-6.867711
-10.749180
-6.301444
-6.760402
-7.220258
-12.943298
-9.076296
-5.240181
-7.535828
-13.997737
-10.776616
-8.757916
-14.404337
-6.304186
-5.123212
-7.016064
-12.586229
-11.819283
-10.919336
-13.400135
-7.289028
-6.270296
-4.159297
-3.341000
-3.690711
-5.622406
-3.901990
-4.004086
-12.214136
-6.435549
-11.334429
-3.969053
-8.739044
-9.197234
-8.411584
-4.753275
-7.810375
-9.691378
-1.915199
-1.206740
-7.007610
-2.669300
-6.891815
0.729734
-6.449727
-2.400296
-0.236575
-0.429879
2.189257
-4.963977
2.736778
-3.671096
-0.818419
2.418114
-3.768650
