2.869636
2.918431
2.983870
5.520608
6.540976
5.533708
6.881876
6.791686
4.988152
4.050665
1.276619
6.367890
6.613486
8.668619
6.219182
1.803927
5.852477
6.828320
2.345587
4.048544
3.047199
5.174769
8.158070
11.170837
10.547508
3.031037
10.935386
7.851470
5.891339
5.478028
8.910118
6.925307
5.661097
6.258986
10.255005
9.371691
8.427020
7.077021
9.754053
12.909743
8.720467
5.020122
5.526238
8.276796
9.657913
13.022608
14.949209
7.008078
6.527557
12.289785
8.330116
12.681377
12.942158
11.671181
12.024326
10.808454
7.269970
4.898783
8.285342
6.988457
10.367001
12.614269
12.408780
13.748155
5.130011
6.408924
12.066147
10.226495
7.540834
6.095588
8.326938
8.049581
10.993000
3.393286
9.311800
4.032617
6.081529
2.174229
8.758093
3.640669
5.258908
4.959538
4.480961
3.825660
5.304981
0.256311
4.547914
1.379177
-0.411062
-0.818498
-1.957647
1.361499
4.141317
6.103939
-1.834332
0.272025
5.642348
-2.807535
-1.724686
-0.605261
2.563256
3.615706
-1.271468
-4.418461
2.532735
-5.702397
1.778910
-5.549350
-4.650587
-3.910428
-5.429603
0.060030
-7.805244
-5.122550
-4.695358
-2.511391
-2.105008
-9.836359
-3.588735
-6.136013
-9.976051
-10.482610
-11.247296
-3.304477
-11.517497
-10.489950
-8.461975
-4.543516
-6.393200
-3.963127
-7.489569
-8.450360
-5.852598
-11.476232
-7.767542
-4.277808
-10.473703
-5.640825
-6.799183
-12.440271
-5.466790
-9.649877
-14.384813
-8.289537
-13.499887
-7.782383
-10.642475
-9.172737
-12.080427
-5.730536
-10.574281
-8.555247
-11.759108
-9.593065
-9.107493
-13.459893
-7.469682
-9.388109
-10.222000
-6.645269
-13.046410
-7.750891
-6.366695
-11.398857
-6.222444
-3.910580
-10.894778
-9.921086
-13.246393
-6.912133
-8.042788
-11.873093
-5.556477
-8.900853
-10.028988
-6.233394
-9.751396
-9.775268
-7.942642
-3.432895
-1.890459
-5.482962
-0.674491
-4.612175
-3.435768
-6.632916
-6.971746
-0.617159
-6.692698
-5.936500
-5.043960
-3.716778
-6.685457
1.501551
-6.081037
-1.645692
-4.181506
-4.079407
0.897354
0.178771
