-2.339400
2.526192
-2.191994
-2.749160
4.289308
-1.523160
5.594591
1.395255
3.731205
5.370631
5.130127
5.884012
3.043339
2.043513
5.966040
0.334553
0.638746
7.028030
4.780709
6.345719
7.918495
9.619875
4.319245
10.088665
4.511994
3.505286
11.586532
10.997455
3.610998
11.182484
7.438307
8.708785
7.172263
11.853573
5.057607
5.221640
13.434754
6.285228
5.339224
5.967594
8.950886
14.524539
14.262452
8.170556
8.558338
8.995000
9.750393
13.160375
7.526334
6.930436
12.908366
6.635386
13.375007
6.965643
14.845780
7.982565
14.504618
11.252388
10.336276
6.227383
10.067659
7.262633
9.925005
10.571434
9.950342
13.664485
5.560116
11.889488
11.309483
5.275054
10.294132
9.676511
7.244456
12.253166
5.916315
6.282508
8.297301
8.820850
2.877935
5.654158
10.563613
6.845638
9.233081
2.371399
3.132800
5.963800
0.143470
2.821233
-0.377088
4.101038
0.685621
5.735335
-0.488488
2.719609
4.868463
6.150723
0.996159
4.050548
-2.245829
4.136536
-1.389007
-3.118572
-5.189393
3.275842
-1.681896
-3.222571
-4.548736
1.831895
-5.388770
-7.339692
-7.896301
0.428424
-3.415378
-6.060010
-2.472901
-0.500708
-2.105661
-3.831766
-3.875412
-7.312030
-7.151693
-3.632298
-6.013805
-5.656542
-4.225831
-9.028308
-8.078064
-9.823677
-6.443323
-3.623428
-5.076594
-9.509250
-11.717886
-11.631923
-7.017152
-7.067145
-11.294388
-4.789029
-7.869372
-11.624088
-14.132435
-11.157848
-7.272981
-5.320258
-9.467115
-10.576595
-13.078639
-8.704630
-9.103034
-9.120762
-10.910050
-12.594623
-10.464239
-6.063106
-10.455958
-7.798494
-12.452483
-5.736286
-9.060605
-12.734994
-11.368569
-12.003184
-10.755170
-8.320944
-7.418957
-10.893750
-9.756544
-4.404597
-11.508779
-8.888383
-6.789115
-12.522535
-9.127457
-5.245766
-6.776581
-9.203831
-3.316395
-10.357022
-5.689090
-3.803724
-4.907059
-0.912116
-5.387217
-6.863304
-1.327584
-8.871777
-3.705417
-7.464967
-5.625778
-0.097534
-6.121304
-6.030007
-4.890882
0.231194
-2.011877
-2.070327
0.981612
-0.140473
1.494220
4.924609
