-2.707110
-4.179137
-2.513385
4.415396
-2.443768
-3.088785
4.718670
2.605444
7.146234
6.392629
6.070705
-0.539538
6.554850
6.727294
7.870619
3.783591
4.575808
1.144557
2.519573
9.060349
4.744332
9.794551
4.425778
5.652989
2.357360
3.258049
5.120094
7.827361
8.120997
11.334900
10.120666
9.802695
6.722298
6.215588
8.733510
5.697284
12.532592
9.733711
12.390597
6.407006
9.605835
10.453072
10.085994
12.745301
12.599071
5.614275
8.697080
5.270651
11.192824
14.149253
11.915016
14.359135
9.193969
9.413386
11.749217
11.144862
7.212694
6.528840
11.119413
8.400376
13.076050
4.842857
9.366831
6.086582
13.885344
8.851661
4.337770
12.378950
12.199029
4.373968
11.301262
3.325112
5.877682
6.875950
6.319737
3.687313
5.507288
7.909271
8.385436
1.411518
4.846721
0.730695
3.514001
4.887311
7.930151
0.525429
3.732058
0.947651
-1.165491
5.365779
-0.904321
-2.447409
2.158502
6.725256
-2.554556
5.167005
0.510113
0.172387
-2.453658
-0.534210
-4.767854
-2.965049
-2.543994
-1.270855
1.562899
-1.926914
-1.594926
-5.579663
-6.853586
-4.999355
-0.588422
-6.145896
-5.064898
-1.482625
-0.220618
-2.130570
-6.456971
-1.937888
-2.332914
-4.170505
-3.250202
-3.015312
-6.821441
-9.882215
-5.879556
-2.996753
-9.097878
-3.994367
-7.996346
-7.826639
-9.797551
-8.733303
-12.687128
-4.452133
-6.261582
-6.378651
-10.694267
-7.105330
-12.635143
-14.056677
-6.819862
-9.579005
-8.426790
-9.929835
-6.049822
-14.003952
-11.754946
-8.191784
-9.684382
-6.108605
-8.416092
-6.439891
-10.983470
-12.154705
-14.214019
-5.288581
-9.544190
-14.322895
-7.473232
-8.823497
-11.889235
-13.879213
-10.144617
-7.034307
-5.640852
-5.488289
-5.887353
-7.158361
-11.453394
-11.651108
-8.415802
-5.146464
-3.697868
-10.605085
-11.966844
-9.256136
-3.873722
-6.212616
-3.696644
-4.364327
-10.330455
-10.077815
-7.112935
-1.296429
-2.572499
-4.608000
-6.317232
-6.066747
-5.744706
-1.477189
1.128420
-6.919521
-4.384617
0.091129
-3.003569
-1.379955
-3.070006
-0.300772
-3.682708
1.554819
