1.570730
5.223281
-0.325584
-3.370490
-1.232652
2.322460
-0.489102
-2.200971
5.409695
3.492289
-0.152421
3.897603
2.424289
6.046709
5.723428
7.883207
8.951382
9.248081
9.683577
9.021900
7.735666
4.403739
7.582508
6.716943
5.370322
6.351865
10.418460
8.912778
7.633725
5.604543
5.122158
10.917184
4.738331
4.706726
12.418714
9.355815
11.939465
14.009812
7.238376
9.820831
5.997501
5.166149
6.394311
9.215014
5.965615
9.010486
6.175991
8.969957
13.880254
11.128127
7.497840
7.662555
9.188708
9.152746
13.589952
8.466948
14.424834
11.589479
12.682683
7.286711
4.449022
7.825925
4.345338
4.450037
13.603441
7.427172
5.554598
4.108021
9.313653
5.218572
7.115008
5.172807
11.669305
10.630920
4.609917
11.231177
2.487861
8.271357
9.971858
10.201131
2.340885
9.633469
5.689136
2.863682
6.909539
7.032749
-0.569023
6.494478
4.967888
6.118583
6.325758
0.983184
-2.094095
3.801190
-0.564517
5.251258
1.824382
-3.527864
1.158625
4.874908
3.071271
2.424413
1.723720
-0.694382
-5.237657
2.272319
-4.204253
-7.061709
-4.374094
0.781006
-3.838019
-7.850519
0.926330
-3.952985
-8.719950
-8.598312
-2.267442
-6.095891
-7.506247
-1.970535
-5.215540
-4.899262
-10.249223
-5.960231
-6.332047
-5.937289
-9.854238
-6.496450
-9.128213
-8.987928
-3.753988
-11.321657
-7.385276
-7.084725
-9.315871
-8.621146
-12.112683
-12.540638
-13.714917
-14.348385
-9.697154
-13.908210
-8.847055
-6.608937
-10.731908
-10.856999
-7.498070
-10.166870
-8.510293
-13.622751
-13.179071
-8.080391
-9.945511
-11.965498
-6.443857
-12.644071
-14.700026
-11.388491
-6.721971
-7.969141
-13.814918
-8.768068
-6.838037
-9.809558
-12.030391
-8.054532
-7.130558
-9.088314
-10.348790
-12.002127
-6.237350
-3.592922
-7.961117
-3.707467
-4.276746
-7.225476
-2.788861
-5.696556
-4.630310
-1.225993
-5.974438
-0.970359
-3.986866
-7.744072
-5.193080
-3.024693
-3.936541
0.687202
-6.569752
-4.103297
-3.886825
-3.045853
-2.213395
1.082356
-3.584693
1.771617
-3.386608
-4.275596
-4.490018
-2.421499
