2.306754
-4.270362
3.779269
-1.005210
4.390266
-0.216063
0.010533
4.687875
3.437202
2.028856
4.301078
4.040725
4.360146
0.898582
0.146549
2.770776
0.731533
5.122497
5.484927
5.161551
2.532748
10.287886
7.306490
10.072951
2.967699
7.721756
3.337015
8.118403
7.469162
3.552289
7.190322
8.259845
3.922823
6.039244
7.047478
4.063275
10.133392
9.195221
9.449664
4.511991
4.751607
14.529484
11.326161
9.676809
10.182449
9.015520
5.507546
7.968685
13.807251
10.420930
11.457531
9.710059
10.372220
13.910362
5.644293
14.754558
8.247602
10.419109
5.032729
4.702818
12.188670
5.907761
12.316923
12.587636
12.951749
11.027562
8.837401
9.877353
3.574667
4.018857
3.301558
6.596076
11.928962
9.416444
11.180144
7.756865
5.405966
3.799613
10.195391
7.870356
9.728361
0.742660
8.097338
7.508479
2.775635
6.736106
0.669429
6.233254
2.293819
6.370700
0.246049
-2.066290
-2.146180
1.601439
-1.336971
-2.227549
-2.167986
-1.271004
3.471877
-0.090591
-3.982794
-2.534162
-1.993899
0.672982
-1.725153
-0.175372
-4.865075
-2.790854
-3.411486
-7.872902
-0.443138
-2.160178
-0.410711
-0.828500
-3.824441
-3.045520
-7.340512
-3.959823
-4.050980
-4.502255
-1.493662
-3.259055
-4.947425
-1.940212
-12.055498
-6.180024
-10.820550
-9.767533
-10.517334
-12.364849
-5.631130
-7.645754
-9.809000
-12.332314
-13.306908
-9.728812
-10.023876
-6.829922
-14.046003
-11.679897
-5.450945
-7.601447
-10.430758
-9.491042
-7.469994
-7.448108
-9.469559
-11.454563
-5.157104
-8.512483
-8.022823
-5.898690
-7.192031
-14.178342
-13.557995
-10.251139
-11.666316
-9.011391
-4.828643
-11.525232
-6.514721
-11.839925
-12.421461
-7.753078
-7.322045
-7.417158
-12.419884
-4.645303
-8.371782
-11.226155
-4.209644
-9.779118
-10.285890
-11.669153
-10.271917
-10.383580
-10.838706
-9.577516
-2.327992
-10.794120
-8.725670
-1.154446
-6.442697
-8.304508
-3.750907
0.667149
-8.376467
-3.785417
-3.841855
-6.493636
1.345330
0.968221
-2.591339
-3.218680
-5.389614
-1.545903
-3.142737
-2.731561
-2.034588
1.365607
