4.162210
-1.986070
-3.171696
-2.357580
1.745947
-2.455123
2.365999
1.850653
-0.969506
-0.874070
5.657380
5.793739
3.956262
6.122345
2.725820
8.216426
4.093622
3.356933
9.789090
7.980066
9.651714
2.815431
6.801601
9.998304
5.638755
11.038293
3.411885
5.387317
11.434630
6.956229
4.519288
6.967803
8.231949
5.993294
5.886644
8.111875
6.138016
12.735447
4.558226
7.459735
9.465691
14.353397
7.493460
13.409032
12.305000
14.721333
6.025390
10.855253
10.102356
14.355414
9.138313
6.829638
9.947928
14.464794
14.697489
10.443087
5.211297
10.980033
6.601859
8.328921
10.090164
5.397574
6.336408
6.639519
11.494679
5.170907
8.460786
10.248299
11.158117
3.116406
9.175090
4.051728
4.706549
8.112530
6.751407
4.086580
8.046127
6.256800
10.863682
10.452173
1.094265
10.075655
4.253654
9.132337
8.559860
7.745591
1.742013
3.495985
7.927236
5.065818
0.246994
5.616102
1.020060
6.272068
4.923011
3.985801
4.861290
-4.085250
4.646079
-2.475747
-1.203395
-4.661814
-2.854633
-5.329091
-4.539309
-1.168617
-3.413913
-1.638169
-4.667243
-4.708729
-7.924129
1.093178
-5.190633
-1.477067
-2.819177
-6.592426
-3.140988
-5.503449
-9.321412
-3.104502
-5.842321
-6.648289
-3.725287
-3.998583
-7.717068
-10.126862
-3.063120
-9.861405
-12.263904
-9.716491
-11.965700
-13.094039
-4.388555
-9.193308
-6.289975
-11.514146
-4.561745
-12.657886
-13.266755
-12.987630
-6.586673
-7.332865
-9.000766
-7.324858
-12.943074
-9.104182
-11.683746
-13.907774
-5.013676
-5.549255
-13.303997
-10.237525
-6.637787
-8.269552
-11.711912
-11.380045
-6.608684
-5.108948
-5.718800
-12.840408
-12.414396
-8.449623
-10.211006
-13.169748
-11.713705
-10.780576
-5.762435
-9.512184
-3.277420
-5.906295
-5.140060
-4.379764
-12.481399
-11.298713
-2.734444
-8.799431
-6.435016
-5.368260
-9.399853
-2.763446
-7.571357
-2.053892
-4.688595
-7.393258
-8.737759
-2.860347
-1.171218
-1.828492
-6.589869
1.626477
0.779309
-4.169283
-1.161937
1.548397
3.023789
0.902929
1.985654
3.280822
-4.813167
4.022153
