2.931291
5.600557
2.331365
6.115276
0.995052
4.177750
2.080019
6.261060
5.244714
7.225850
3.890370
7.990746
4.715694
6.765873
1.896410
-0.083067
2.781509
1.587539
4.509976
8.786098
6.682419
3.851169
5.222783
3.949077
4.127505
6.856825
9.679672
8.283804
6.748471
8.701522
4.968226
8.803273
6.057192
11.335990
12.279231
10.701247
4.350323
6.457625
4.760027
13.623384
7.085631
6.380266
5.886506
8.622403
14.062766
7.723589
12.195960
12.791711
11.077561
9.905000
14.787781
10.928397
10.430796
14.842095
8.099404
6.426487
14.624598
10.576751
12.755386
12.476783
6.426248
9.684822
5.234700
9.876536
11.007664
4.357229
10.773857
10.773117
7.936958
5.883293
5.898472
4.730949
3.773279
4.567259
7.363014
3.022457
9.180734
10.700588
6.407026
2.567263
1.420558
1.195672
2.365867
3.875369
6.066003
2.630290
7.705615
1.652440
0.875195
5.014208
-0.246506
-1.037607
6.914986
4.702508
5.115288
0.806975
-2.374761
-3.719784
0.528531
2.261151
0.296555
-4.580027
4.039596
-4.070387
-5.546452
-3.025827
-2.378564
-6.608500
-4.671040
-1.514530
-5.948957
-1.645699
-2.494047
-7.885437
-6.967897
-5.609239
-3.970643
-5.200215
-9.540065
-0.989940
-10.588419
-4.214761
-9.020557
-7.467251
-11.176977
-8.207199
-5.903691
-8.300228
-3.776381
-9.907321
-8.706720
-4.430659
-12.450303
-4.227463
-9.063810
-9.509825
-8.049421
-10.227379
-8.753485
-12.798503
-5.595145
-10.934801
-10.183138
-12.393153
-12.730528
-13.236814
-11.224927
-5.587574
-12.920416
-14.730885
-12.776190
-10.992147
-14.030317
-12.197311
-12.183371
-8.883735
-10.308580
-8.741098
-11.841620
-5.774041
-7.491346
-8.344434
-7.417677
-13.551855
-7.356490
-5.919031
-7.765212
-8.523185
-5.299063
-5.545569
-5.435304
-3.669416
-8.905176
-8.266435
-8.222056
-11.461901
-8.302263
-5.851539
-6.241020
-3.907930
-9.002132
-0.393326
-5.697636
-5.700453
-5.945067
-3.645400
-3.204548
-0.158913
-8.036564
-2.646957
-5.729446
2.264193
-5.672735
2.277086
0.517923
-4.564235
1.092396
-3.124780
2.617526
-2.263763
