-2.050468
0.072856
-0.223963
-2.075437
0.019380
1.519938
-0.799688
1.507696
1.726463
0.733658
0.442362
-1.222998
-0.773598
7.162809
8.664655
5.856650
2.067611
4.919061
4.759273
7.325245
5.199426
10.828446
7.845879
2.609784
7.141310
2.337698
5.496533
11.430149
12.057662
8.845356
10.056527
7.131430
6.601491
7.689021
8.196316
12.464750
13.605221
8.399339
13.261326
11.842273
6.630204
10.616798
8.748281
10.563866
8.881545
14.610299
14.412458
8.954654
12.667924
13.347383
10.228646
5.269099
11.941973
6.402953
8.162405
9.547195
10.988928
7.284607
8.468687
11.789445
4.574676
14.277371
8.890816
10.523805
13.031454
6.100444
11.422100
11.149487
11.248130
10.202199
9.152885
9.214322
6.459711
11.447566
2.687684
2.866922
8.081081
7.276803
4.662351
2.144531
4.498830
10.031594
4.688203
9.120829
0.442383
4.188728
3.342812
1.176865
4.137941
0.624804
-0.774806
6.766410
4.507760
-1.074395
-2.257317
2.795985
2.672740
5.035488
3.763708
-1.047592
2.996543
3.843340
3.078903
-3.204563
-1.613904
-4.911954
2.589015
-6.031616
-6.961677
-2.539529
-6.349183
-0.995364
-1.786426
-5.083152
-8.656382
-8.204373
-7.389489
-1.605412
-1.364790
-8.900897
-8.562286
-4.979876
-1.814318
-10.708001
-2.758573
-7.310867
-7.559128
-12.479451
-9.219058
-7.854261
-6.153217
-10.068103
-13.283261
-9.817116
-7.914798
-7.212030
-13.463447
-4.343553
-13.230629
-11.057383
-9.148074
-14.026572
-13.700638
-13.561583
-8.214563
-13.967123
-10.590718
-10.837315
-7.694543
-13.310320
-10.900935
-12.702762
-6.974039
-12.385932
-13.221519
-10.590037
-13.091631
-6.585189
-7.768133
-12.945563
-13.452423
-10.896060
-11.496356
-12.684210
-11.589190
-8.045996
-12.693374
-10.304550
-3.843248
-4.057939
-12.246868
-8.827163
-2.777741
-2.697731
-7.994214
-8.850947
-6.450409
-6.662515
-8.275103
-6.737332
-7.806593
-3.176384
-9.685499
-9.703202
-0.488656
0.150729
-3.856700
-8.454148
-0.167444
1.320918
-3.612937
0.940699
-5.133618
-5.762468
2.578682
-3.560461
-4.334622
-3.450262
-3.045855
1.677364
