1.187346
5.061858
-3.883614
-3.717030
1.161796
1.775903
2.069476
6.166999
6.294237
6.813540
3.173745
2.294694
3.323996
8.158769
6.257740
-0.114810
3.018164
4.686118
4.174923
4.669367
2.526991
4.924167
3.024892
9.863525
4.098055
3.630173
11.736181
9.183904
12.026602
5.102877
9.596710
9.762102
9.707822
9.015647
7.786389
4.383838
10.969787
10.696640
12.266644
6.289823
12.982144
8.524180
14.222734
9.510134
10.106485
12.494776
9.072716
11.267096
10.867521
13.067131
13.795182
11.132149
12.025786
9.291941
12.426082
12.813558
12.686426
4.798683
13.131595
4.793651
7.832726
4.541478
10.703871
11.760460
11.756820
4.173009
7.147085
6.449511
5.899243
3.869842
10.838709
7.031731
5.828265
6.929539
5.373682
5.141259
7.903040
5.159668
6.806719
9.220953
4.347327
2.967741
8.298763
3.198461
8.910989
1.273879
1.499085
3.161412
7.878784
-1.823167
-1.161908
3.542330
4.973764
2.376474
0.004130
-1.464722
2.754690
5.456648
4.328584
-3.516384
0.582415
-1.475561
-4.668615
-5.100910
-1.201599
-3.236535
-0.528385
-5.107029
-0.151573
-3.730791
0.003691
1.203953
-6.405191
-0.518173
-4.327933
-8.310447
-5.082200
-4.881995
-3.877922
-6.865865
-5.786209
-9.548228
-4.089174
-11.433958
-6.828985
-12.137718
-10.392900
-3.377498
-11.435783
-5.866795
-12.924409
-5.092433
-4.086801
-9.171063
-8.778614
-13.364886
-9.644893
-13.420869
-8.471978
-8.509831
-5.211047
-14.655720
-7.009369
-11.814028
-5.063106
-7.736942
-13.045223
-13.697869
-8.407079
-7.743332
-8.631217
-8.870861
-8.936036
-7.523333
-6.660881
-8.200087
-8.078136
-8.533421
-10.158765
-5.451427
-6.492111
-5.919310
-4.785044
-4.696720
-9.219380
-9.647646
-11.024415
-11.620388
-10.524827
-5.787228
-10.291293
-4.400316
-6.172263
-10.780190
-11.502439
-11.213316
-10.587937
-7.837878
-8.358759
-6.420308
-10.571494
-5.039472
-2.270878
-3.182383
-4.329291
-8.364404
-5.398406
-7.960176
0.117113
-4.534740
0.065691
-4.492509
-7.061083
-3.208639
0.644370
-1.543608
-0.979059
-4.026879
-0.967993
-2.689116
