-4.393676
4.645411
2.788564
1.157760
-2.444906
3.920899
2.895813
0.915190
5.375481
2.358963
5.633619
7.410135
0.087374
5.201092
5.773234
6.247272
1.525490
6.028612
4.659225
1.622868
1.894216
2.192941
4.312902
7.292876
3.120508
5.716768
8.762649
6.771016
8.848010
6.688333
11.730462
8.354078
9.753649
12.286394
7.339987
5.293683
12.229640
5.531596
8.184063
12.118800
6.221948
14.331026
7.406882
5.981941
5.932858
6.537896
12.152438
13.519592
9.563002
13.063545
5.990124
14.199157
5.095135
7.631218
11.071208
13.001139
14.558964
5.612355
11.020949
11.907414
10.026990
7.765126
12.310497
4.911775
11.377634
3.814065
11.332593
11.566983
9.525493
4.989234
4.525954
12.525064
3.530618
8.208760
8.037561
3.772863
10.886094
9.412199
7.919822
3.023013
0.848904
4.372900
5.555499
3.376417
-0.216504
9.129278
5.638302
0.472742
4.861778
6.527091
-0.356015
-2.297932
5.326983
-1.042402
4.012742
5.665894
3.969893
0.843912
0.345991
-2.352747
0.556100
1.168010
-2.326660
-4.206437
-4.682172
-2.619216
1.634116
-1.850515
1.503338
-2.100276
-3.077909
-8.518597
0.413117
-7.592994
-1.241398
-1.718146
-6.242631
-2.886379
-7.003757
-2.242666
-6.444649
-2.408584
-8.936585
-10.067816
-6.266747
-3.433330
-5.564497
-5.182221
-8.864713
-9.590351
-9.037590
-7.655062
-13.135418
-6.162891
-6.781272
-11.727589
-10.159567
-8.687755
-8.211656
-13.947540
-12.152053
-7.893281
-12.728473
-11.061436
-9.929288
-13.474304
-13.723288
-10.929486
-9.935214
-5.074565
-14.025148
-7.850394
-5.545329
-8.102160
-14.195998
-7.304641
-7.382884
-14.244559
-13.386428
-6.250001
-5.066253
-6.505040
-9.446777
-5.256121
-10.849997
-10.816026
-7.005196
-12.248380
-4.966459
-9.366441
-4.854831
-6.034655
-4.340461
-2.423021
-4.656124
-6.237617
-6.552118
-8.779988
-3.225341
-4.260615
-6.411293
-0.494313
-1.458095
-0.455602
-5.339941
-2.278526
-0.458771
-7.145490
-5.024047
-1.136925
-1.718561
-7.262411
-6.880015
-0.321460
-1.094059
0.827130
-5.509512
2.217861
0.492215
-1.406137
