-0.834869
-1.917668
2.026229
2.499848
-3.063343
2.369962
-2.231142
3.442270
-1.321492
-1.354499
6.406391
2.142039
1.364481
0.394748
4.706277
-0.160380
4.469770
4.474649
9.709787
3.179221
7.809935
4.897518
4.873057
11.507616
7.273550
4.079368
5.963768
8.626850
10.096279
9.722957
11.060640
9.614238
6.404711
4.916737
9.245973
12.262231
8.637969
11.802433
4.873048
5.338564
6.565848
9.086048
4.776670
14.698879
6.211185
11.884475
12.940560
7.271685
13.309513
11.774624
12.482112
8.566539
8.397065
7.264385
13.911685
6.318589
10.185061
5.945714
5.968219
6.182175
10.674977
14.024265
12.810701
4.173000
12.010887
8.453380
3.947944
12.401017
6.204724
5.928446
11.772117
11.332730
5.602745
4.172641
9.217386
4.815635
8.862749
5.612668
10.763176
3.035438
8.180240
9.229694
0.537522
6.853159
6.263037
8.530396
-0.806197
0.277394
1.708849
7.900293
2.317863
0.934772
0.580815
1.379248
1.728410
5.418477
-3.375673
-0.819661
1.661996
2.765930
-4.572003
2.376725
-1.178367
-3.584058
-1.308669
-5.366831
-4.470362
-0.218403
1.135158
-6.035886
-1.869849
-6.946852
-7.135351
-8.188188
-2.176458
-8.885437
-0.664557
-8.469439
-7.174093
-3.751768
-11.054460
-10.653932
-10.019740
-7.286550
-4.958061
-8.927385
-4.913997
-9.486120
-7.583613
-11.988015
-10.395343
-13.111350
-13.515801
-8.299797
-10.350960
-8.282634
-4.558444
-10.070473
-9.904050
-11.143157
-10.555085
-6.036904
-4.771962
-12.134226
-9.222481
-6.694561
-13.499206
-5.450241
-9.467884
-12.577700
-14.731370
-11.836214
-5.046961
-8.784934
-10.281450
-12.123848
-12.335496
-13.370305
-11.530141
-13.716810
-10.076801
-8.032385
-9.380094
-6.265473
-8.166977
-10.204115
-11.813778
-5.340353
-11.917572
-10.485896
-12.819383
-7.560667
-7.773691
-10.851282
-7.759969
-9.026485
-5.517231
-2.363708
-10.297285
-2.728631
-10.083500
-2.704162
-0.896686
-4.464685
-6.069705
-6.562984
0.676740
-1.913887
-2.124624
-7.409709
1.677087
-0.940748
2.024052
-4.276886
-2.063314
-1.589850
-2.221183
-4.023242
-1.417328
4.315759
