3.890251
0.887512
-1.207173
5.327747
5.457878
1.478261
6.764418
6.517579
0.161404
4.873124
0.507575
3.082562
0.029788
7.975229
5.989608
0.108075
3.536590
3.633322
3.286827
1.086238
9.260045
9.153210
7.065312
10.983641
4.340406
10.816158
10.340430
10.518477
6.547125
9.650679
5.180086
7.786997
5.158098
8.230268
4.551270
7.127640
8.777600
12.531195
8.074221
5.813360
6.957807
7.461115
10.123846
11.872602
11.951726
5.919643
12.258182
11.371426
10.952544
7.317109
9.441124
6.288327
10.182617
8.167543
5.577129
4.925278
7.767092
7.866545
14.057063
7.927555
8.360444
11.503566
13.866692
13.359241
9.574897
4.466604
8.864480
7.800459
3.330010
9.157525
10.247682
11.188022
10.316612
4.372347
8.525921
6.581699
5.766273
10.682163
10.649132
5.294036
4.638992
9.201120
2.070536
8.181400
9.432811
7.957241
2.628723
5.742762
-1.185068
3.279184
0.993961
0.777534
0.645278
3.137752
2.186898
1.094373
2.064750
-0.541035
-4.489747
-2.813237
3.737896
4.329808
-1.583156
-3.540872
0.070743
0.301654
-0.732339
-2.537391
-7.766422
-6.437809
-2.953552
-5.632262
-1.692858
-6.786819
-1.674497
-3.746925
-4.166710
-3.516617
-10.610182
-3.162282
-10.406021
-7.470067
-11.141019
-5.867029
-2.543850
-12.119198
-7.509323
-5.258697
-4.732362
-3.790037
-7.393463
-12.242083
-9.297855
-12.366176
-8.378634
-7.985582
-8.108441
-6.157510
-13.184764
-12.251398
-13.572101
-8.597338
-7.887542
-12.054862
-13.544497
-12.588384
-7.465379
-6.370855
-8.781644
-12.099679
-6.706019
-8.288154
-10.421641
-7.303603
-5.540450
-5.852252
-8.352985
-11.031033
-11.729909
-13.777947
-8.226270
-5.873211
-10.827641
-10.139350
-5.563741
-11.636635
-13.303827
-8.687181
-6.453972
-12.623998
-11.799189
-7.768074
-12.292353
-10.474425
-2.858702
-7.613033
-5.317227
-5.643186
-8.264957
-1.298914
-7.701073
-8.298611
-6.025783
-8.037690
-0.936912
-7.682723
-8.493566
-6.881651
-5.104366
-6.072207
-2.751848
-4.680358
-5.170068
-2.023825
-4.117519
3.150056
-5.012333
0.169783
1.802325
-2.336056
