-3.723229
-1.842675
3.183955
-3.245527
0.297446
5.504081
0.550181
7.146153
2.660469
-1.437332
0.959762
7.494066
8.781966
0.754926
6.976221
2.112330
4.050923
4.827073
10.474023
10.514871
4.994081
3.150301
2.741650
3.834766
3.709743
2.694632
5.391817
7.731363
12.662192
10.639378
8.304781
5.120191
11.268890
5.675012
11.745377
9.616908
9.970673
7.357161
5.399103
9.052009
5.870196
7.747606
9.033595
11.561245
4.881833
5.336046
7.057144
9.016003
8.243113
14.819618
7.725827
12.942010
9.403192
9.642391
6.967116
9.799214
10.992784
11.748880
11.350142
4.956646
11.545240
7.968145
12.241495
9.856598
12.947266
4.376921
11.141291
6.239506
10.529811
3.252024
12.838078
6.946106
8.866130
7.110185
4.658935
7.154461
2.359849
6.267812
5.502215
4.967399
7.440258
5.140247
4.609085
5.161206
5.474664
-0.162334
2.686889
4.751439
3.057916
5.653024
1.644910
0.968527
1.877715
3.830936
2.725003
0.242913
2.256360
-4.023737
1.475330
-2.531236
-1.417302
-2.327105
3.060856
-5.032080
0.989415
-5.109912
-5.331180
-3.652040
1.436425
-5.887604
-6.529996
-0.539373
-2.327751
-0.195615
-3.960688
-0.329187
-7.382774
-4.602732
-1.087697
-10.037503
-1.491413
-2.102995
-2.782322
-2.509952
-8.778576
-2.661983
-11.487997
-6.228283
-5.639661
-3.635583
-5.951163
-10.639376
-11.104502
-6.425439
-5.028327
-8.973396
-6.571527
-11.967633
-14.355795
-12.591530
-13.979722
-14.431006
-7.571672
-13.267553
-11.687900
-12.490333
-8.948403
-6.172987
-11.682277
-13.630058
-8.292378
-11.847193
-10.654371
-6.805605
-10.271539
-9.710932
-11.827041
-10.993733
-12.772462
-7.191511
-13.190881
-11.221269
-13.500121
-5.641612
-4.250235
-7.613554
-7.010835
-5.515385
-6.988109
-11.745956
-3.851593
-2.941955
-3.839551
-3.490350
-9.417696
-10.833087
-3.984796
-4.773584
-4.367627
-3.808498
-8.473079
-5.849691
-3.579816
-9.109670
-5.354032
-8.332875
-8.941615
0.328989
-4.799458
-7.110598
-7.089168
-2.918069
-1.421748
-4.367733
-1.568286
-4.187031
0.580147
-1.701028
-0.207143
-0.289254
