3.589324
1.468795
0.225423
5.818898
2.570029
1.899941
-0.516759
-0.030559
4.187201
0.799508
4.373527
6.090587
5.303252
1.974508
8.806041
9.013444
5.620784
2.864257
4.393007
1.232907
1.278886
6.638415
11.248572
5.990264
8.585780
8.174862
4.243301
11.262799
10.609783
12.403675
9.547945
11.821502
11.899165
4.112578
9.869808
8.571622
8.355756
5.988846
7.749246
11.456292
8.554168
9.426709
12.441794
8.529127
7.662122
11.252239
13.932708
9.599281
14.437776
6.325055
11.504661
13.909421
11.545648
5.290268
5.460246
11.582637
5.642692
13.423973
7.186218
13.004512
10.469585
13.629270
8.361599
12.535736
9.486239
4.561430
5.400983
5.881577
12.612057
5.046280
11.810625
6.113453
12.492017
6.289832
11.870718
8.956353
7.332256
4.247448
7.199407
7.312068
5.511905
5.912396
2.269305
8.445578
2.338758
6.567188
0.995596
3.672999
2.142752
5.776213
5.752410
1.162364
0.247070
3.487257
2.019265
-3.164122
1.184185
2.725537
-4.268500
-1.478126
-3.667070
-5.493301
-5.425374
-2.376514
-1.785126
-5.692111
-1.201927
-0.949784
-6.113540
-5.248527
-3.851335
-3.608653
-2.213851
-5.675085
-3.014259
-9.511771
-3.991704
-8.408743
-4.419954
-1.539985
-2.336955
-9.341401
-11.223242
-10.343232
-2.380201
-5.697348
-6.352900
-9.886107
-11.065899
-9.331668
-8.099180
-3.990903
-9.810314
-9.201721
-7.990203
-8.780762
-9.202201
-5.591467
-5.651958
-6.032930
-8.140510
-5.581689
-5.530807
-11.803757
-7.857182
-11.351655
-5.254624
-14.895119
-13.200809
-11.199580
-5.234654
-11.954812
-8.275719
-7.022529
-14.123151
-11.144497
-6.661580
-14.102488
-7.411608
-4.695499
-10.114514
-5.713891
-6.041191
-9.766104
-4.431648
-4.257367
-9.710894
-8.408757
-7.258687
-10.972915
-3.688748
-10.339002
-6.131099
-8.490477
-8.145495
-6.556258
-10.712405
-1.463086
-8.096744
-9.577024
-9.642111
-7.433744
-9.542935
-9.668480
-1.298937
-3.282773
-0.384165
-5.221215
-1.582004
0.353295
-6.032326
0.898959
-6.511257
2.475251
-0.067717
-3.083447
-2.893286
2.216189
-4.733836
-2.499779
