4.364508
0.206958
-2.092025
-0.471871
3.763665
-1.170343
3.659133
0.453760
-1.344119
6.049426
7.597628
8.014065
-0.514572
0.610361
5.254643
8.905948
2.170009
9.018461
7.325270
6.019684
5.359044
6.526534
5.383686
5.638461
2.344484
4.174203
10.945404
4.557011
4.205252
9.767343
8.502379
8.779221
7.639029
10.099757
12.928726
13.849001
12.640178
13.831697
10.992874
11.667084
14.475730
9.321151
9.460023
7.675280
8.438797
8.857135
11.283154
9.890275
8.170059
10.032311
5.181900
11.944192
6.521215
8.737522
12.541252
5.182284
14.166916
12.576672
13.325406
10.447060
9.849803
12.345339
5.799251
12.206972
6.677157
5.351751
12.884499
13.087083
11.253506
12.317164
8.354081
11.626758
10.917580
7.146220
3.185377
2.313952
2.376890
5.184971
8.159580
9.212197
7.408429
3.516791
9.515840
2.510940
3.632186
3.267502
5.920071
1.502075
-1.507897
4.365070
1.221964
1.909205
-0.748809
3.360720
-0.622093
-2.986751
0.027491
1.497204
0.612537
2.911749
0.694499
-3.685963
-5.766585
1.930866
2.163023
-4.638137
1.685626
-3.409669
-0.515821
-7.947337
0.269484
0.322365
-8.100084
-6.088934
-4.054883
-4.520389
-4.304173
-1.674818
-6.066446
-10.086820
-6.600731
-1.675224
-2.821770
-6.303302
-8.568399
-4.030878
-5.165846
-3.310621
-4.184675
-11.167563
-3.503875
-11.827997
-4.773732
-11.725767
-10.317038
-7.511397
-10.969962
-13.094034
-11.607635
-13.508381
-4.614507
-13.228083
-13.266593
-12.401069
-14.827952
-5.519250
-10.496383
-8.469414
-6.922985
-11.651934
-12.278900
-10.232158
-5.328765
-8.040593
-7.871121
-12.717621
-10.513824
-14.342228
-12.995302
-8.942999
-13.674061
-13.760960
-6.353196
-4.136747
-8.443118
-10.647676
-3.901740
-5.336222
-4.663127
-7.093478
-10.143710
-11.318897
-9.200052
-9.550379
-7.938751
-4.006571
-5.560511
-10.702046
-9.138143
-2.906573
-10.557717
-6.144233
-6.571750
-4.739431
-7.723243
-6.609865
-6.864087
-1.434375
-0.645333
-1.303566
-3.283741
-2.360596
-1.705570
-6.834528
-5.047959
0.570339
-1.019799
-1.143907
4.512733
-4.829193
