-1.666929
1.999894
-2.308884
5.804526
5.446320
4.309206
1.702587
4.120335
7.086074
2.793918
1.909430
7.984411
-0.497246
5.810589
4.165110
6.244381
8.306328
4.007873
5.578121
6.021524
9.379023
11.285721
4.868182
4.744941
11.846390
4.187281
2.600770
7.214234
6.819835
7.869409
5.844103
11.685423
3.984254
9.502735
5.195993
4.679993
4.791446
8.708234
6.012769
11.299164
12.573217
9.627131
13.320510
13.974108
14.221062
11.308398
7.660169
6.520175
13.499922
6.925386
14.939163
9.109730
10.159579
10.800557
11.641992
5.903039
4.770668
8.016111
5.448119
8.684073
13.245243
5.707798
9.257128
12.964519
12.962986
12.512952
8.586211
13.285570
12.023613
3.906563
12.364107
10.617337
3.716784
5.240392
6.617743
3.210439
3.788720
3.922954
3.299020
5.537798
6.387803
8.635590
6.755497
5.826904
2.218472
-0.714536
0.557327
1.764447
0.784469
0.090206
0.071270
3.360391
0.101909
3.938167
-3.035153
4.254853
2.538330
-1.950025
2.216338
-4.251476
-1.881377
2.638162
-0.372068
-5.983554
-4.350199
3.116580
2.503323
0.026372
-6.304852
1.852916
-3.330831
-2.466424
-3.259279
-6.783429
-4.093308
-4.185422
-6.168192
-5.340081
-2.844257
-2.526680
-2.838602
-10.771767
-7.888911
-8.519407
-12.044189
-5.601816
-12.173175
-8.431359
-12.118299
-11.945335
-5.556578
-8.519274
-10.865526
-9.217406
-6.221182
-6.158867
-7.928227
-5.445043
-9.447895
-9.584951
-13.854923
-13.742248
-14.639372
-6.966276
-14.263622
-12.700039
-7.553560
-9.412019
-5.329074
-12.161962
-9.844433
-6.547419
-5.799163
-8.840754
-8.481528
-9.968501
-12.397696
-13.642857
-6.545676
-13.762097
-11.451547
-13.789751
-10.371998
-4.976385
-5.515390
-13.507778
-12.084663
-6.833454
-10.082138
-8.450725
-10.667484
-9.606737
-6.348236
-10.521913
-6.921811
-11.040900
-9.992757
-6.978982
-1.543965
-10.724235
-4.905350
-9.459424
-4.423817
-2.073405
-5.903517
0.381289
-1.840853
-8.572636
-6.693521
-5.402529
-7.115713
-5.216478
0.234563
-0.639907
-2.948970
2.789949
-2.676443
-0.231354
-1.990643
2.038908
