1.991030
-4.136296
4.028581
-3.683841
2.894577
-1.615997
-2.472442
1.133110
3.340881
7.155285
1.809722
4.212608
4.891567
0.345015
5.699267
4.661085
4.736423
8.485999
9.418525
6.935020
5.908921
7.977502
6.835170
10.331191
7.926974
3.500830
4.311577
6.636686
4.773156
7.242460
3.608649
9.052670
4.311993
11.559107
12.316420
8.698877
4.209093
13.908700
5.288120
14.384743
12.728210
5.813770
9.594751
4.979438
7.941391
11.337811
7.833057
6.074240
9.330986
6.629537
7.756651
14.004994
9.539724
7.758740
7.245104
5.718068
11.728221
4.983365
7.677031
12.848874
14.159261
12.786597
10.577684
6.644545
11.219970
6.963337
8.432463
6.602028
4.512048
8.900062
5.487036
7.969560
9.918819
9.019983
4.159892
7.699344
7.693772
2.917118
1.505887
7.011861
6.469369
7.706881
8.171944
9.504905
5.941458
4.293871
6.953523
6.269558
5.134451
6.312709
7.123894
7.113245
-1.800926
0.725121
5.894972
-3.169642
3.862124
0.673606
-0.354784
-4.364703
2.930029
2.487969
1.228876
0.976788
0.267576
2.228221
-3.966754
2.157474
-4.175706
0.580558
-2.266293
-1.618910
-0.608039
-2.729478
-6.202083
-3.783087
-8.926467
-2.062198
-1.608511
-7.623458
-8.667071
-7.709714
-10.775066
-2.302203
-2.545485
-9.528346
-3.378471
-11.780681
-8.811748
-8.689087
-10.437406
-9.753015
-5.290764
-5.467574
-6.620235
-12.490282
-9.845308
-9.424380
-6.765295
-7.091487
-13.397533
-6.887491
-8.708429
-11.776067
-13.287651
-12.349299
-13.168731
-7.586164
-7.900287
-10.260753
-7.221358
-13.479141
-12.773339
-5.409088
-14.098265
-13.918194
-13.890689
-13.756160
-13.049380
-13.773305
-13.166599
-10.728525
-4.507750
-12.161624
-12.093297
-10.602437
-11.275136
-13.065981
-4.128589
-8.584424
-3.637990
-8.872089
-7.141931
-9.154326
-9.074029
-10.212934
-4.690988
-8.955619
-11.009851
-7.205658
-2.880940
-2.342255
-4.649784
-8.583831
-4.977607
-5.352717
0.791556
-5.186594
-7.907510
0.078001
-6.430317
-0.818796
-2.510667
-0.905795
-6.194934
-5.069694
-0.001602
-1.376342
-0.369439
4.333299
