3.835134
1.956502
0.441872
-1.821637
6.404615
0.930416
-2.184155
7.149682
5.673454
5.491356
8.338274
2.940323
5.366681
0.533313
7.769391
6.483796
4.287299
7.340189
6.539045
4.834596
2.616442
9.887541
3.881614
2.028812
2.100108
7.420040
8.235731
5.345261
8.706524
3.537878
10.929291
3.786354
13.125592
5.577531
5.314315
5.529616
7.504484
10.126013
7.952084
12.641070
7.979069
11.717514
13.227258
7.758346
13.525170
9.325254
13.088047
13.565672
5.588875
13.462474
9.394789
10.478030
12.664695
5.701630
8.709948
9.740701
12.107344
10.828565
10.713021
9.101021
7.538014
8.932437
5.122112
5.452272
11.022889
10.406057
5.097301
5.441647
6.540662
7.333085
8.084209
9.521988
2.858802
5.545913
4.732679
9.476753
3.369621
3.170798
6.323268
9.348251
8.983082
4.690574
0.114357
7.708878
7.557782
8.768777
1.928343
0.453753
3.796894
-0.332257
4.840141
1.409359
-1.420695
5.215329
3.735669
-3.546377
-1.268130
-2.826054
-1.852648
-4.987196
-1.583777
-1.475120
-3.771414
0.949389
2.402843
-5.051361
-7.134644
-6.225601
-7.199645
-7.677792
-1.691161
-4.523801
-2.249333
-5.508518
-3.131179
-3.617820
-4.411137
-4.594581
-5.409340
-8.952658
-1.308000
-2.780421
-7.173563
-4.580426
-7.403128
-11.183103
-4.991126
-6.173623
-4.480151
-8.843916
-7.518668
-5.110012
-12.928171
-5.199440
-6.959398
-10.138521
-6.141120
-6.383118
-4.783916
-8.967590
-14.041861
-9.401074
-13.518904
-9.280791
-12.123033
-5.832146
-13.005620
-5.860032
-9.838380
-13.902074
-9.505992
-9.763764
-8.706746
-6.033039
-10.693810
-8.620523
-7.653343
-13.102526
-9.817564
-10.280757
-10.130314
-10.818371
-5.582236
-5.074367
-10.301312
-10.335171
-6.434691
-8.139287
-12.923051
-10.368006
-8.013045
-12.701269
-4.567749
-5.115840
-5.849997
-2.577042
-6.895469
-11.358136
-1.550829
-10.634830
-2.273961
-6.232143
-3.572306
-4.413375
-2.667018
-6.401385
-1.784696
-5.874003
-7.056496
-3.693234
-3.430931
-5.825739
-2.181993
-1.972019
-1.279429
-2.468784
-1.695484
-0.660847
3.068412
4.901185
