2.204076
-0.973825
4.011603
-2.400309
-1.541047
0.769538
-0.248076
3.471470
1.497313
0.055140
3.058665
4.545561
2.163095
-0.040791
4.783029
3.279274
2.969487
9.874823
6.675327
9.406568
3.075031
2.340958
8.098374
4.581538
2.779828
11.922817
6.942328
9.546231
9.311134
11.319217
12.486818
6.060948
8.862773
11.992033
12.301358
10.570507
9.975136
12.789730
6.214382
13.647412
12.066736
14.577904
6.463886
9.618599
5.404526
5.282412
12.910922
14.929629
11.968039
6.154966
9.179766
10.105805
7.128568
9.631377
10.438864
6.685071
12.587850
12.780165
13.038379
9.857151
9.113795
6.877561
6.304416
4.600295
4.532383
12.894080
10.467444
5.369392
10.925390
6.412605
12.047464
11.853636
8.429744
2.461990
8.907580
4.266283
2.016611
5.671928
4.536799
6.771800
1.819830
4.776311
9.895348
0.097016
8.645077
7.603304
-0.156146
2.838334
-0.264546
4.230693
4.788015
1.074416
4.956912
4.126127
-2.178922
5.129848
-2.756323
-3.712215
-2.589448
-0.985597
-4.023512
1.320788
-3.600669
2.467226
-1.859888
1.265230
-5.802408
-5.940651
-1.359821
-5.136541
-4.751936
-3.459834
-5.311659
-2.673053
-5.909350
-5.463699
-3.472685
-7.441124
-9.131366
-9.416428
-6.771061
-6.244921
-6.834577
-7.505189
-6.342763
-4.861931
-2.784733
-7.961386
-7.605607
-3.548139
-12.882418
-9.193035
-6.385407
-5.690727
-11.388976
-12.288628
-9.339279
-13.982172
-11.623121
-12.353031
-9.572588
-13.149560
-8.094544
-7.492175
-7.154789
-12.979273
-7.576302
-11.003522
-10.469315
-8.905247
-9.296823
-12.087630
-8.805331
-9.505436
-11.090432
-5.298353
-13.356968
-11.161966
-10.409101
-13.888309
-4.620009
-5.870674
-10.546825
-5.776340
-5.378498
-7.258375
-3.705088
-7.544201
-10.207843
-10.786633
-6.437577
-8.092705
-5.200804
-9.509941
-6.801052
-3.277847
-5.601953
-2.380261
-4.032568
-7.569020
-3.195013
-4.853071
-5.863156
-8.443547
-6.660919
-8.927564
-1.385943
-5.292685
0.501953
-4.481104
-5.772390
-2.333023
-6.225259
-1.332361
-4.184538
-0.472129
-2.229448
3.979586
4.207729
3.257094
