-1.886797
-2.815835
3.185273
1.564999
-1.418795
5.038864
-1.326244
5.972146
0.531440
1.835160
3.797748
6.325225
3.850970
0.041494
1.795717
2.198180
0.749562
7.427733
3.074069
3.108447
2.813328
10.865676
2.691949
8.841097
2.940946
11.292116
10.363350
2.814793
7.370359
5.594085
7.062544
5.192745
8.101537
6.884023
7.737023
8.543452
9.895878
12.867101
14.026130
6.417534
14.103471
5.423571
12.621948
9.219236
13.392749
12.373740
5.463912
11.043483
10.367920
8.642599
13.594939
12.661774
13.482558
10.243426
13.412635
7.255013
8.793837
14.047339
7.944822
11.740755
10.555138
5.618860
10.803361
8.571249
12.722110
11.808973
9.484695
6.728251
4.066452
9.029529
9.822770
4.844802
10.063570
7.760456
5.420779
2.381409
2.335944
10.141232
9.454751
5.399055
6.770093
6.187844
2.216820
2.239924
1.926748
1.793939
8.385570
6.124429
2.271973
7.026962
4.840016
2.031495
0.089567
4.211229
-1.397700
3.061877
-2.528747
2.527603
-0.640311
2.365070
3.126930
1.112771
3.741363
0.653499
-6.256205
-0.831471
1.752948
1.351496
-3.598372
-5.445915
-7.454999
-2.658072
-6.281465
-0.427085
-5.578527
-8.110752
-0.739912
-4.752860
-1.253176
-4.045752
-4.419234
-8.398333
-8.191943
-10.918533
-6.710974
-6.630041
-11.249696
-9.850801
-10.902153
-7.358184
-7.235885
-10.041902
-3.628055
-11.510876
-7.508959
-9.913122
-12.880292
-14.009735
-14.041206
-6.857022
-10.526399
-13.150545
-5.938492
-6.464066
-12.379903
-9.364320
-14.858941
-8.765024
-9.175762
-6.083641
-7.777545
-6.608174
-8.021485
-14.251261
-6.098784
-14.609846
-9.002262
-8.554233
-14.576630
-12.312556
-10.785702
-11.228755
-9.027756
-10.996983
-5.521806
-13.184517
-5.287448
-4.814596
-5.253688
-4.328893
-9.870621
-11.795671
-11.144459
-11.097586
-2.122812
-11.825963
-6.991215
-9.687036
-3.549760
-3.289880
-6.428800
-5.669515
-0.831631
-8.450117
-0.127267
-4.214133
-3.829342
-7.393186
-2.354353
0.321095
-6.965099
-3.665148
-0.218399
-6.644254
2.630974
2.972812
-1.619532
4.161852
-2.422885
0.758903
