-1.744878
-3.481201
5.144281
6.244319
6.513109
-1.930418
2.750998
2.368512
0.172968
7.494124
3.676435
7.753347
3.323335
8.403631
5.178563
1.294286
6.722894
8.963515
3.017543
7.485376
6.573345
5.979264
3.343182
7.149728
8.973516
6.246051
5.073088
12.568313
5.291869
7.372885
7.529587
6.387820
3.676404
9.293374
12.418348
6.791855
10.741382
7.799770
8.371570
8.038377
13.098069
11.496521
14.444544
5.382592
5.247359
10.806753
12.347912
13.406064
12.370881
9.994959
13.341413
6.196083
7.725957
8.999377
8.036891
8.837225
10.579233
8.922455
9.054609
11.246619
9.627155
4.647082
8.943872
7.846946
13.466987
5.447135
11.144666
8.263328
5.717715
5.015456
4.437490
9.531730
8.180139
9.219218
8.043978
4.680923
3.060526
7.142380
9.230920
4.464217
6.117924
6.209359
4.643086
4.794949
0.008881
5.277277
-0.961668
0.891462
7.279477
0.650738
-1.305718
1.239335
0.330121
-2.182473
-0.837035
2.075040
1.022299
0.870408
-4.324519
-2.650398
4.077819
-3.378704
2.760373
-5.809951
-3.529137
-3.577628
-2.287004
-0.602876
0.686719
-7.285713
-6.992406
-5.631279
-2.016985
-9.213280
0.023832
-1.420602
-7.642144
-8.472245
-10.008927
-5.551831
-5.920483
-7.286810
-3.767540
-6.729350
-7.653724
-4.201453
-6.310012
-9.669097
-5.492959
-12.401342
-5.850614
-9.063362
-5.906583
-8.459840
-13.747058
-11.869572
-12.238445
-14.075776
-6.292462
-9.083292
-11.909282
-13.617209
-14.514378
-12.410284
-5.971149
-6.980501
-10.123582
-10.418080
-6.040772
-8.614974
-11.218961
-14.114114
-14.914903
-12.945482
-14.397314
-5.088903
-11.529325
-10.673974
-13.930930
-7.704865
-11.794980
-12.960248
-10.600150
-13.106079
-5.228739
-13.734585
-8.472123
-7.794653
-10.321798
-4.008221
-3.155469
-7.143719
-4.933017
-5.950642
-10.417613
-5.164614
-3.634379
-8.014253
-4.164744
-5.417615
-3.747013
-4.676005
-2.660699
-5.899756
0.247709
-1.582001
-8.173624
-8.537070
-0.719268
-0.226122
-5.974590
-3.531915
-4.407990
0.761167
-2.426490
-5.258557
-4.877870
3.883373
-1.450602
3.450313
