-1.651267
2.422412
-3.204199
2.478995
1.335119
5.037843
3.975220
2.507701
-0.332037
0.684448
6.457273
0.222445
4.179226
2.926926
0.063596
7.881309
2.899862
4.983631
8.654415
4.596485
2.798147
2.164899
9.859215
3.030860
7.712898
6.555197
11.146333
5.667663
4.523868
10.599702
6.851000
5.945411
12.817210
4.848333
5.915196
4.127077
12.090643
10.174253
6.558845
8.920602
7.822521
7.349531
9.139042
4.935210
13.886017
13.250882
6.938701
14.577262
10.602070
12.629881
11.266780
6.325261
12.244005
11.896869
6.875487
12.113288
12.214454
10.348529
13.560266
12.324435
6.889646
12.378840
8.944768
13.224542
7.361013
7.144326
3.645320
5.336426
7.169591
6.676334
11.217108
7.297680
4.219682
11.257130
7.505931
3.539905
10.459589
1.983592
4.558875
9.464121
1.030574
4.333493
0.237963
2.466522
2.587444
7.465019
2.428696
3.667267
-1.568262
3.617142
-0.367713
2.166919
-1.692811
2.900214
-1.634432
-3.699612
5.330059
-0.574101
2.417558
-3.121900
-4.719000
0.430754
3.918761
-0.629817
-0.758047
0.568498
0.510627
-4.411972
-5.283138
-3.889873
-1.672999
-8.249709
-7.728421
-8.753677
-2.045955
-7.900031
-3.346593
-9.917733
-3.654705
-1.487092
-10.060860
-9.031143
-5.937173
-3.080625
-11.472608
-4.772401
-8.405530
-3.747099
-4.567490
-11.368448
-10.586096
-3.819258
-5.054051
-9.347986
-6.115161
-8.706551
-10.306646
-13.173970
-7.519376
-8.512396
-13.695579
-13.801209
-11.748348
-6.126546
-8.987881
-8.274983
-9.656627
-14.389083
-8.066676
-9.145851
-7.110121
-10.359184
-6.563916
-9.692537
-9.463678
-10.273981
-7.567943
-7.510332
-11.623376
-13.708855
-11.123255
-9.850809
-10.263816
-11.258024
-7.427102
-9.602862
-6.579986
-5.540827
-4.252863
-3.875891
-4.550876
-12.672901
-8.816912
-7.980838
-3.448082
-4.265640
-3.805344
-9.758710
-2.139794
-8.441159
-0.923497
-5.042349
-4.281117
-4.218945
-5.081710
-8.765016
-6.836601
-4.178755
-2.230461
-3.158520
-6.792496
-7.378665
-4.713009
2.078981
3.271287
-0.578369
-1.005574
1.525165
-4.997763
-1.236165
