2.894361
-2.217191
-0.756950
0.986251
4.692853
-0.461105
-2.169347
-2.225077
2.057507
5.850207
2.463138
7.430219
4.527446
3.957294
6.553828
7.326577
7.907750
10.157975
4.874356
2.678719
2.511035
5.976762
5.070323
9.045034
8.749005
3.775743
4.197799
7.176255
6.134486
12.781781
12.425341
9.537222
10.355102
5.327724
9.857060
6.212869
9.708031
10.523786
5.737859
8.796444
6.830855
13.513713
5.856412
7.741343
13.380766
10.785767
12.872592
12.299438
9.712269
12.514075
10.528358
8.644938
6.577314
11.540975
5.343264
6.081557
11.952529
7.577462
6.750523
12.326377
8.561522
7.178326
8.327528
5.441298
8.545030
12.100020
12.888536
4.861415
7.638811
8.177435
7.517673
6.279664
5.430907
9.789357
6.997919
6.155144
7.823309
1.671988
7.422510
4.228891
7.645739
8.319922
4.592896
2.910887
6.321651
4.772697
3.781098
1.218587
-1.086624
-0.135036
3.121713
-0.068165
1.023220
0.317646
-1.427230
4.054548
2.005976
2.842959
0.986622
0.734629
-5.064373
-1.263431
-1.096752
-2.300482
0.887203
-6.139014
1.931776
-3.547402
1.721275
-2.888295
-6.339242
-0.138571
-8.469666
-3.408967
-6.004930
-1.441048
-0.743613
-9.995698
-2.317438
-1.243969
-10.596614
-11.327577
-2.646822
-8.086654
-8.035196
-9.681434
-4.499875
-8.427712
-4.429659
-4.226713
-6.093758
-5.977047
-13.021304
-12.240067
-12.197671
-4.611266
-13.267856
-11.394976
-10.101702
-9.400310
-4.963104
-12.528009
-9.788264
-14.676595
-7.097187
-14.332144
-10.093410
-12.674342
-6.941610
-14.149112
-11.428376
-10.563229
-8.549113
-13.302512
-10.412938
-8.357050
-14.747622
-6.711888
-13.536819
-4.546834
-9.393928
-11.223385
-10.172488
-8.807060
-7.863332
-9.818598
-9.901871
-10.702955
-4.022343
-5.721556
-9.641365
-10.273264
-11.616704
-9.560759
-6.259417
-8.943759
-7.213050
-4.629149
-7.989717
-1.616588
-2.052198
-6.133901
-3.053623
-2.093888
-4.953529
-7.278012
-5.641590
-3.300952
-7.038748
-0.235128
-2.916834
-4.173380
1.804393
0.270829
2.439854
0.425984
-2.103902
0.266322
-0.269323
0.053017
