-0.143071
-1.924278
0.106329
-0.219023
5.839032
3.536626
5.911979
5.079498
-1.417752
3.969630
1.386345
7.434024
4.336850
0.411455
9.044430
4.480359
3.818583
5.321140
9.737194
8.289739
6.356151
9.320117
9.238592
2.169126
9.537661
3.019956
4.673527
6.175720
8.875402
8.314317
7.504912
7.724366
10.465829
4.826309
6.934029
6.866823
10.524706
5.743210
13.865651
12.728844
9.699921
8.424877
6.078963
10.245758
6.761874
12.498814
7.298071
13.950382
12.219021
13.681694
7.521953
14.105404
13.371616
12.258367
9.922231
12.530805
9.043337
8.396372
6.568215
6.034323
13.564493
13.124647
11.759217
11.703850
13.576901
9.826443
4.146970
5.633117
6.285046
8.684831
3.317485
5.999517
9.984921
3.497508
8.421395
6.998803
8.463167
4.625253
11.013719
9.855472
1.152520
7.958682
4.253568
6.965276
4.593761
9.058903
7.886990
6.179444
0.456198
7.295795
0.753326
2.118335
5.817933
2.063995
2.055531
0.020780
-1.543783
-2.922853
5.174653
1.446874
0.286358
2.147571
1.286486
-3.510776
-1.707224
-0.591969
-5.399374
2.228672
-0.526175
-0.181270
-3.651855
-1.717807
-3.969260
-2.031650
-6.630794
-9.203164
-7.456480
-8.334779
-7.001335
-3.442653
-5.162379
-6.017143
-4.373240
-10.759975
-4.691034
-7.904112
-10.702775
-9.816875
-12.695127
-3.429831
-10.035585
-4.056792
-4.685720
-9.331495
-7.543428
-12.579035
-11.589352
-9.932593
-9.734150
-14.251357
-14.241047
-6.809715
-13.269506
-7.064053
-13.545803
-12.688747
-9.417721
-12.588480
-11.479733
-8.006156
-5.135937
-11.651025
-13.636325
-9.957626
-12.437251
-14.414603
-11.973334
-7.245213
-7.996869
-12.663228
-13.876730
-9.336440
-8.802005
-10.757629
-10.746503
-11.910142
-12.267269
-8.510281
-9.679818
-6.358796
-8.407306
-4.098045
-8.723607
-8.881516
-8.849205
-7.077527
-11.328616
-4.447558
-10.581612
-9.438399
-6.618674
-1.426112
-9.628779
-1.766670
-3.853446
0.361309
-8.671565
-3.923238
-4.956542
-6.178231
-4.564982
0.623191
-1.249591
-3.456648
-5.298207
-4.030692
-0.723140
-1.568321
-4.153154
-3.857705
