4.386031
-3.584445
1.368265
4.388832
1.982542
0.514257
3.807848
7.079400
0.706946
6.672887
4.497413
1.983425
2.923643
6.462847
4.807956
0.744310
7.282282
9.262653
6.889987
4.241883
8.309240
7.652041
8.206069
8.041796
11.862427
5.944079
3.875278
11.977352
6.450014
4.263045
9.499567
12.605471
11.740958
4.861120
8.723239
11.688063
13.321030
9.970955
7.272342
9.624120
8.592172
6.481018
7.758964
13.644536
9.763545
7.958275
8.617133
8.350468
6.375483
6.027666
7.293326
11.777516
8.862823
7.537854
12.054537
11.335604
13.486149
11.061426
13.015017
5.566478
14.246064
12.317584
13.222486
8.024518
4.978411
10.824295
4.783970
12.254677
10.480220
12.499055
9.112927
4.440703
11.011836
6.114529
6.720194
11.358577
1.722595
3.872360
10.724323
8.349314
6.841528
9.893481
8.652719
6.967809
0.075397
-0.211935
-0.403766
0.629050
3.370674
1.365053
3.396545
2.096859
-2.487503
0.897070
3.384953
0.143228
-2.373245
4.748374
-1.375683
-3.393232
0.947758
-4.113350
3.898816
-0.940425
-2.101873
-0.278768
-5.129487
-4.839174
0.836702
-0.823031
-4.806201
-0.468679
-2.457222
-3.101142
-2.866483
-7.921616
-7.186653
-0.677376
-4.391650
-4.224610
-2.517755
-9.126336
-11.105230
-2.045683
-4.791121
-12.214761
-6.531435
-9.533747
-6.147802
-5.080836
-6.012661
-10.467365
-10.305053
-6.178259
-9.166090
-4.698212
-11.650000
-9.058465
-13.144526
-14.276733
-8.521813
-9.736733
-14.621869
-6.727571
-12.298998
-13.040428
-5.274518
-5.959941
-9.031968
-9.369278
-8.308486
-12.286858
-12.848316
-7.194058
-10.988941
-6.726686
-6.038586
-11.764219
-7.709690
-9.896114
-7.084156
-6.508275
-8.014216
-11.413626
-13.681648
-5.175688
-8.541318
-10.344530
-7.214742
-11.255897
-5.698588
-10.243653
-9.274411
-4.545968
-6.996724
-5.803831
-4.224506
-8.731506
-8.116635
-5.418312
-1.608899
-2.396994
-4.144991
-2.825420
-4.269393
-3.293907
-7.210363
-4.016291
-2.684251
0.082471
-3.155319
-7.457955
0.768100
0.151528
1.084406
-4.559392
-4.759179
-4.271362
-4.977676
-3.031111
