3.564073
-1.228176
-0.197450
0.618539
5.724419
1.131713
5.663997
6.035525
-1.954492
-0.209708
1.560358
0.745038
1.537214
-0.029463
4.888270
5.512931
6.751562
8.371765
4.206606
0.989219
4.417517
4.914036
10.529670
11.545421
5.308349
7.609602
6.567182
3.040528
11.374333
4.918051
8.746711
8.846324
13.598687
8.456855
11.625597
11.360926
4.518700
10.253734
5.551346
5.841564
5.273178
5.395326
9.117983
6.366282
4.936615
11.271423
12.703110
11.316533
11.425597
8.924635
14.412258
6.786181
9.738527
9.156340
13.087739
10.647311
8.203994
12.406246
13.424522
14.147542
9.349598
11.434768
13.457458
12.123685
6.443011
9.220257
12.505139
10.127305
8.744771
8.503638
6.936193
7.857269
7.900702
11.783756
7.939255
6.678989
7.595759
6.786235
2.922970
1.447340
7.750527
7.664353
7.764047
7.027437
6.781857
0.433672
6.148035
2.345449
6.472662
7.619096
-0.868864
4.165689
1.800542
1.519623
5.433568
-0.042802
3.243044
1.007404
0.984589
2.392042
2.502748
-3.006165
-2.961171
-2.298708
0.776849
-6.581070
-1.365365
-5.849903
-0.998966
-4.711980
-3.153290
-5.607253
-1.737511
-5.220858
-0.820523
-2.859392
-2.153769
-2.343301
-2.556806
-10.079806
-10.454493
-5.086326
-6.681850
-3.434619
-2.854173
-2.907150
-9.560302
-11.491278
-9.475853
-4.043869
-6.174575
-7.174519
-9.844257
-8.799794
-4.869602
-10.483367
-11.184775
-7.352587
-13.757879
-7.583882
-10.785592
-14.634858
-10.965411
-7.878678
-6.080303
-14.437691
-9.595752
-14.069101
-5.445490
-9.757979
-5.130471
-13.183699
-11.939299
-6.202771
-8.937558
-8.566554
-14.402930
-9.880487
-10.749384
-7.045464
-11.431695
-10.997331
-7.811285
-4.178743
-4.530928
-8.164147
-5.508873
-12.162731
-8.678333
-12.700935
-3.144006
-4.024276
-3.389638
-12.174191
-6.602447
-8.175846
-4.516176
-6.256517
-1.206026
-9.515371
-7.021560
-7.643744
-3.681990
-6.001530
-2.464706
-8.825308
0.689028
-8.171171
-0.219780
-1.104176
-2.917200
2.207877
0.616845
-4.063449
-5.686395
-4.525117
-2.601817
-0.428274
4.200609
-2.451640
