5.114709
-0.497557
5.705434
3.870457
1.498047
5.248957
6.798080
3.201717
7.385263
1.187268
-1.349594
1.737815
4.150380
3.484464
6.872019
0.436372
0.803972
6.880910
2.572981
1.662443
10.924811
9.902927
4.897826
6.494659
2.883945
9.730991
11.901214
8.015142
6.711892
6.530146
12.410517
11.334952
8.897540
5.391761
7.223692
6.990400
6.363274
11.997202
12.109707
7.477888
7.522098
7.959602
8.389227
6.471950
13.337162
14.594001
5.756248
11.319792
5.168665
8.217221
9.899524
6.846127
12.502466
9.697931
5.162207
8.901011
5.549038
6.254810
6.419124
7.665825
11.020247
11.097073
5.756865
13.796775
12.608771
13.407662
6.080018
5.706825
8.013858
5.730443
6.828514
11.078502
4.256876
7.347893
7.309569
11.719320
9.809239
7.749040
3.428209
9.771178
10.426057
9.253898
4.814155
9.032448
6.228240
7.968945
5.994488
7.040045
5.126581
2.586903
5.515970
1.519385
4.525771
0.373933
0.094056
3.383146
1.603647
-3.128884
-4.365824
2.669870
-3.982560
1.618158
3.658965
-5.969605
2.773144
-2.646876
-6.642158
0.615391
-4.238718
-5.575057
-2.210186
0.030498
-7.096121
-7.856929
-1.769623
-0.768623
-2.050081
-7.157605
-10.264956
-3.150271
-1.854433
-8.265439
-7.931581
-3.926641
-3.846809
-2.419686
-11.790213
-6.788833
-5.031494
-5.161802
-5.850279
-4.511373
-3.990902
-11.673245
-7.197445
-4.932992
-12.367984
-9.256803
-13.762378
-7.694853
-12.536765
-5.821746
-4.858149
-12.004770
-13.108745
-7.389632
-5.036950
-9.961287
-5.578905
-6.944118
-12.283803
-10.390005
-7.896904
-6.081452
-8.092894
-13.239840
-7.909463
-10.161221
-10.364122
-10.030207
-10.272077
-10.686048
-12.094536
-13.198454
-8.423576
-5.472911
-9.987662
-7.314246
-7.144785
-8.777945
-10.590269
-3.080142
-3.059393
-11.184390
-4.431296
-10.331850
-6.266810
-8.483313
-3.044448
-8.143650
-6.731177
-3.070525
-10.042504
-8.792439
-9.521381
-5.130552
-6.130070
-5.447890
-5.331817
-6.631211
-0.631452
0.114295
-6.446505
2.880492
0.685245
-3.553943
0.990911
-0.467907
-0.865109
-2.534163
