3.774856
3.554471
3.283165
4.809580
-1.111153
5.140992
6.325498
2.807653
4.802669
6.916558
3.732462
5.913890
0.848423
3.749305
4.228829
6.002395
2.458016
8.714641
8.310193
6.585203
3.785166
7.634939
11.372352
6.075039
6.547539
5.228526
5.277817
4.675566
10.470321
8.316765
6.389717
7.685279
12.517101
11.618031
7.928496
12.315670
5.817627
11.606067
8.172024
4.761479
6.358081
13.612833
11.221598
6.717817
8.407731
14.086160
12.624493
9.523517
9.930656
14.155755
8.797744
7.942507
14.351659
9.341766
9.079909
12.053868
13.542373
12.172821
6.465521
5.239228
5.998271
9.584767
12.240365
13.081330
10.097365
10.100935
7.811772
12.332003
6.064124
3.794721
4.340031
4.120494
5.301871
5.119827
2.136389
6.022813
1.614568
10.649957
3.733092
8.132404
5.514406
7.097504
6.911091
1.610472
3.328386
5.435802
4.498070
-0.154955
8.362800
0.884500
5.243016
1.323799
4.359098
-2.665543
5.033083
0.898889
-2.128714
-1.462633
-2.152094
0.683942
4.576792
2.928220
-0.187332
-0.999483
-4.882269
0.668994
-0.289816
-1.622761
-7.749055
1.030041
-2.848270
-0.722091
-2.933112
-4.213319
-9.471439
-7.898421
-3.579759
-3.687616
-5.642649
-9.120842
-4.971834
-1.541662
-6.474209
-8.474624
-9.758287
-8.687206
-11.980279
-9.565063
-10.051085
-10.434416
-6.373695
-12.267308
-9.681861
-7.297122
-12.211543
-5.113267
-14.011595
-10.164638
-11.573441
-10.006317
-10.192036
-8.446552
-8.159255
-13.295723
-8.962225
-7.010359
-14.615274
-7.608215
-7.228108
-10.368485
-6.664645
-7.334289
-10.979718
-14.456282
-6.034984
-5.127985
-8.020573
-7.802654
-12.815769
-7.497177
-13.489703
-6.038791
-13.909915
-8.196896
-12.556070
-12.067357
-8.269605
-4.393371
-4.159890
-12.623157
-7.242451
-4.223547
-4.150517
-10.466651
-5.366638
-2.308789
-4.849988
-3.905955
-5.373364
-6.980955
-7.441734
-7.049122
-8.265476
-7.998580
-0.584515
-8.850195
-8.938836
-4.716168
-7.840835
-1.431253
-3.558850
1.561297
-2.608619
-1.890544
-6.564162
3.488025
-1.294979
4.207824
2.221120
2.555183
