3.715567
-1.153655
5.029414
0.117995
1.891768
0.016302
6.015480
0.590277
-1.260537
-1.752490
3.991420
2.627531
7.185239
5.446720
5.071992
0.700110
6.211347
6.547383
2.232160
10.740261
2.844352
10.797692
4.260283
4.093054
7.355895
4.395300
6.996777
10.598165
8.311834
7.415238
5.222121
9.939334
11.923802
9.978147
5.310095
9.814349
11.274520
8.271293
10.145467
9.712784
10.721134
9.679383
7.927370
6.237961
14.448834
9.655731
5.993684
12.960158
11.620331
6.491742
11.224447
12.873046
10.217213
7.580546
11.582320
6.932243
9.353030
7.372871
4.844817
10.677467
6.769126
5.970934
10.923872
6.545045
10.058236
8.656179
12.651906
9.953124
4.691790
10.605984
3.390681
4.091086
8.796868
11.928174
5.183681
2.465097
9.342033
11.123295
7.904548
5.352939
5.881565
9.326828
2.049118
5.983099
0.061556
1.462906
3.767892
0.509674
0.161012
0.584848
2.320480
0.636317
0.448169
-0.397200
-0.941814
-0.513985
2.013539
2.803769
2.211366
-2.614837
4.248158
-1.189508
1.950139
-0.658279
1.367133
-1.903421
1.031132
-7.141185
-6.892251
-7.594706
-5.104997
-7.659111
-2.265586
-5.151252
-8.425086
-4.384575
-0.825379
-3.129697
-8.154563
-10.664842
-10.630824
-7.685420
-6.694018
-10.272024
-6.909666
-10.147247
-11.813300
-9.041218
-4.967604
-3.781956
-5.783846
-7.311204
-11.316300
-9.650126
-8.329328
-11.036210
-11.694741
-10.498074
-6.312044
-13.106317
-12.238935
-13.360061
-11.345758
-5.172663
-14.787666
-9.276412
-9.431545
-12.063694
-6.512084
-13.218289
-13.153369
-7.427595
-11.843299
-8.189014
-5.067242
-12.359341
-9.765373
-8.984592
-5.632187
-8.325722
-10.822112
-9.701562
-7.251678
-9.491391
-8.035396
-13.053371
-7.087394
-7.871577
-13.112363
-12.281707
-9.567615
-8.958597
-3.158200
-9.556485
-9.073548
-4.765875
-3.068348
-1.733372
-3.201800
-8.844702
-8.618822
-0.937103
-5.640773
-9.078691
-2.460746
0.152914
0.973397
1.023646
-5.959371
-5.228404
2.204156
-1.392120
-2.235796
-3.147420
-0.559119
-3.457182
1.534663
2.338377
4.212171
-1.787118
