-3.674204
-3.320725
5.811249
4.243566
6.071091
6.623935
-1.773420
-2.321277
-0.650765
2.036094
0.992646
5.347943
6.953027
5.341053
2.990364
2.868812
3.606578
2.372405
7.522574
9.500076
10.018305
10.187122
5.041075
5.765364
6.092114
10.417235
3.737755
12.601403
11.521240
11.755697
13.052666
11.076473
10.219909
5.763565
6.749584
6.811999
5.496502
7.114628
9.562647
11.027845
9.015188
10.132219
5.248725
8.284239
14.164857
13.814003
10.066069
5.934805
7.298321
11.834896
12.466728
11.491566
7.828268
8.963863
10.628224
11.190728
11.525597
7.346594
5.014845
5.178577
8.260410
8.845641
4.771744
9.007650
4.169333
7.731993
8.038334
8.320990
6.625610
9.199073
10.912868
4.319629
6.367073
8.298541
3.990766
3.927690
4.924317
5.267332
5.167443
10.001849
4.337701
6.685404
7.496334
1.059391
0.293621
2.252796
1.154935
6.607984
6.010460
5.199578
0.982804
0.219583
-0.326435
-1.284225
4.444152
-2.313091
1.354681
-2.834072
2.136373
4.802522
-0.894536
-0.477578
-4.112198
-0.430787
3.238782
-4.094803
-6.571386
-4.651940
1.709472
-5.968536
-8.131926
-2.955444
0.985606
0.288701
-8.988166
-8.586181
-1.491381
-2.265615
-7.551507
-7.260797
-10.734039
-5.174634
-5.048846
-5.956411
-11.192597
-9.095686
-6.876590
-9.790739
-11.627638
-12.246338
-7.765478
-6.056520
-4.846816
-5.749792
-7.963962
-5.482218
-11.674345
-9.389747
-7.871532
-8.000877
-9.099791
-8.142581
-9.946811
-4.832247
-6.489173
-13.219314
-6.831484
-7.837114
-14.552125
-9.218605
-5.438644
-9.095706
-13.778669
-12.006824
-13.843771
-10.144004
-5.127587
-9.732674
-9.763717
-9.344483
-7.691878
-13.574041
-13.029203
-12.106703
-9.733574
-13.552646
-12.331090
-13.272072
-11.155453
-8.789803
-9.095309
-10.905962
-9.009865
-2.439725
-7.911687
-7.234771
-9.131855
-9.835066
-2.637919
-9.660405
-7.656507
-1.862924
-8.208233
-3.414136
-2.332263
-7.092881
-5.847041
0.577116
-6.864062
-3.936672
-7.512026
-3.368764
-1.257337
3.011208
0.061426
0.459067
3.325340
-2.583872
-5.009441
3.890390
