2.781627
-0.906808
1.351231
0.463056
1.982670
-2.264438
2.713046
6.234760
-1.338084
-0.691957
1.114658
2.882548
8.323441
-0.236909
6.175348
1.359091
1.503595
3.863911
5.781746
9.711033
2.513354
4.036953
5.627846
10.072210
8.457892
8.572360
9.296832
3.158094
9.765045
9.280599
3.784940
10.282502
11.987559
5.651111
5.001956
13.837772
6.148304
5.970570
11.436224
11.807246
12.425838
9.411676
14.518997
13.281556
6.954199
11.359091
7.137791
9.438148
10.367996
5.756056
12.523605
10.105224
8.547405
5.294971
12.007486
9.946621
14.354548
11.215155
6.287261
5.040458
10.427519
14.134796
10.213147
6.801470
12.628522
12.653584
11.167458
4.971842
8.310823
13.080446
8.297154
5.489909
7.483242
2.407756
5.967073
2.464179
6.132716
7.834435
4.349078
10.308609
7.052972
1.011311
0.167091
6.422928
5.744056
0.897486
2.458844
5.654603
4.294518
-0.394720
0.371959
-2.012705
-0.704844
-0.090031
4.894247
-2.868782
-2.457949
1.429913
2.039682
-0.782036
1.293205
-1.715743
1.691200
-2.039572
-1.948435
-4.172164
0.630362
-4.448884
-3.293248
-3.285217
-3.180821
-0.791071
-3.874855
0.419274
-0.222333
-2.099397
-0.183501
-1.857738
-5.992280
-6.373753
-4.040879
-4.298862
-2.084680
-3.814247
-5.044982
-12.032756
-3.784696
-9.193956
-4.209395
-3.611296
-8.208667
-9.566641
-12.645666
-10.476433
-13.186755
-13.954150
-4.289775
-9.004513
-11.213869
-5.132380
-9.196864
-12.476248
-7.907736
-13.821863
-8.436897
-13.338818
-14.208715
-9.334278
-10.869863
-11.144732
-8.501032
-8.334739
-5.386355
-9.881597
-12.934256
-8.472988
-14.679014
-6.576519
-7.626084
-11.267911
-4.981537
-10.208489
-11.683755
-5.186163
-6.889930
-13.237088
-13.075630
-12.238936
-11.502967
-8.686693
-2.945732
-12.172468
-10.146580
-8.580041
-3.480362
-7.831811
-1.791789
-4.814980
-8.555294
-7.239108
-0.875263
-8.059142
-3.181024
-5.578358
-9.523798
-2.103536
-6.478928
-5.999664
-2.424699
-5.548307
-5.558197
-4.749229
-3.418756
0.300392
-6.026293
-0.263748
-1.315919
1.896002
-4.248472
-0.087200
