-4.658473
0.789001
5.879741
1.047050
-2.781228
6.337577
-2.743136
-1.879986
-0.362283
0.792573
7.092324
2.495504
6.153994
3.013245
1.493259
4.181687
4.776928
5.181871
1.058320
4.621661
2.625474
2.931939
8.720828
3.850195
8.467662
10.345277
3.997329
7.916984
12.821018
8.134412
8.461749
9.105927
11.182462
11.796387
10.961812
14.006100
12.596589
4.866124
12.860016
6.749380
6.600210
8.094051
12.888910
12.039160
6.761908
6.447257
12.030912
8.889999
10.840810
9.877832
9.374751
5.263582
13.696748
8.999340
11.466138
7.425606
12.655976
9.298559
13.373276
7.770078
7.242160
8.495744
5.347151
13.779308
7.757671
9.301937
7.005482
10.451832
6.680037
5.230246
11.969543
10.155728
12.123167
6.953750
10.672720
6.043355
8.878481
5.292550
1.524225
1.462591
3.237569
9.147358
6.717563
4.311299
6.125551
4.835841
4.935985
5.497065
4.767143
2.586743
3.038759
-2.231143
-1.143298
0.254255
4.905880
5.237945
-1.755529
2.236691
-4.565540
-2.721674
-5.001978
-5.242285
3.786909
-3.716258
-2.926264
-1.245723
-2.822277
0.245505
-4.004437
-3.813725
0.393096
-1.292521
-7.540354
-6.678639
-7.936375
-4.582942
-4.699105
-5.474645
-7.605815
-9.657168
-3.892902
-5.298719
-9.102017
-11.636028
-9.624612
-11.709543
-4.489463
-9.431407
-7.236636
-7.693411
-7.619132
-4.099275
-8.039997
-4.455474
-7.293177
-9.912813
-9.998398
-12.630934
-10.187648
-4.881439
-7.922032
-7.571877
-6.166827
-14.074292
-10.410829
-11.070713
-5.026480
-13.237054
-13.916299
-6.962382
-11.145677
-6.552785
-5.952323
-10.066516
-7.795448
-13.806700
-12.666600
-5.139050
-6.086807
-5.405298
-4.945653
-10.453639
-6.717976
-12.235244
-7.081263
-4.263516
-9.778227
-7.123396
-5.845089
-11.591923
-12.514732
-10.268286
-10.315916
-4.401289
-5.494888
-5.148725
-2.674252
-5.016259
-9.401082
-5.581229
-7.545604
-0.747613
-3.455885
0.173670
-1.354649
-1.228917
-8.827576
-5.124229
-4.330783
1.837978
-2.989998
1.054729
-5.030816
-6.342639
0.321409
-5.863426
-5.467439
0.938028
-3.013019
-1.226359
