-0.137640
5.006099
-0.703873
2.765966
-1.669124
-1.609736
4.624357
-0.819288
0.054413
4.431192
8.339524
4.338652
-0.080418
1.279861
5.238746
5.836348
8.429073
5.050493
8.257295
6.316940
3.602344
3.577692
2.647670
10.099468
8.376707
11.046260
8.037141
6.258243
4.929147
8.667649
3.768550
11.287595
11.851916
11.185825
6.922872
7.622823
12.798045
8.840847
5.870118
11.918199
14.325997
7.619996
9.610945
11.397955
7.895567
10.489001
9.201760
7.762711
5.453144
7.148788
9.746134
12.931866
14.004224
11.864235
7.963527
6.441325
8.028808
6.380865
6.049926
11.851313
8.317547
8.379533
9.628922
14.032136
6.412811
13.219883
11.002070
3.655648
12.337766
12.337749
4.606610
12.058547
11.867266
5.779501
10.396385
4.843957
10.884118
6.400357
5.500515
9.231147
2.106775
4.509345
8.039961
7.076216
3.025245
1.499044
6.450141
5.167910
7.555706
1.441863
4.792400
2.669095
6.079104
6.466002
2.195028
4.770387
-3.023985
1.364754
-3.668891
-2.352115
4.253833
-4.754795
0.613673
-0.088797
3.081080
-5.285511
-5.961895
-4.288856
-7.073471
0.893948
1.451583
-8.301964
-7.984049
-8.691585
-3.680417
-1.062492
-6.052846
-9.984060
-9.429078
-6.615899
-5.504233
-8.344063
-8.833500
-7.917773
-5.790524
-9.122486
-11.682783
-7.414142
-12.821762
-8.055492
-13.002613
-12.140722
-10.663225
-8.020053
-7.364751
-7.830165
-14.072426
-11.494101
-10.621489
-13.971308
-14.172326
-5.454820
-10.213732
-10.947812
-5.236669
-10.923759
-7.691526
-7.830368
-9.567223
-10.764350
-7.335988
-14.836664
-7.729613
-9.141278
-5.944792
-7.544846
-12.989642
-13.724051
-6.445892
-4.674488
-10.720682
-4.818366
-7.474539
-10.861120
-10.796155
-8.051722
-3.625579
-9.110554
-12.530157
-3.512191
-11.830245
-7.869781
-6.740722
-8.658776
-7.862797
-8.984214
-8.959228
-6.920671
-9.843475
-5.182407
-10.274666
-4.106424
-9.814587
-0.164914
-3.494240
-6.248003
-2.425790
-2.679629
-1.558020
-7.149218
-1.264314
-2.197575
-2.333425
-3.320434
3.057260
1.730819
-2.321914
-5.310217
-0.993083
2.128194
