-3.901658
-3.665501
-0.957742
5.566814
-1.392199
-0.403210
3.245745
2.345202
2.429105
-0.125714
0.867881
0.649694
4.091101
4.514466
1.526615
2.019382
9.410688
9.891290
0.734914
1.078077
7.515881
1.768674
6.573649
2.403995
8.377372
7.175814
7.086057
3.592134
6.401314
6.700445
7.196927
9.667515
5.369127
6.079594
7.083193
10.871109
10.859815
5.362727
10.974252
11.380255
5.266559
7.952570
7.064484
8.634483
9.209618
14.048087
11.231888
10.738761
7.551539
12.242965
13.918124
5.878211
14.099672
14.887709
7.386869
12.159980
9.873587
9.504908
6.657038
6.625285
7.097178
12.696390
10.789770
5.636390
12.572642
11.857948
9.846992
4.466006
6.293873
10.475768
12.510284
6.386766
3.035903
8.547999
9.512994
10.777443
9.372995
7.105087
3.722270
9.875741
6.301305
7.368661
3.147010
7.860609
5.488782
7.374791
2.418597
2.564737
6.049610
2.926631
-2.187978
3.773203
-2.276565
2.209298
-3.114722
-0.240916
4.130307
3.132825
2.316319
0.914110
2.556219
-2.087987
1.569925
3.183468
-4.047825
2.909871
-7.165045
1.113472
-5.940106
-1.788948
-8.291816
1.028831
-3.017593
-1.518791
-1.881098
-6.260111
-6.585665
-5.972580
-2.215917
-1.983609
-4.235002
-6.306789
-11.280630
-11.407622
-2.805721
-6.121630
-8.820448
-11.932457
-8.678130
-11.246169
-6.531528
-10.638274
-5.223742
-9.257091
-10.798077
-7.753011
-10.530335
-5.093678
-10.900665
-8.379763
-9.776726
-5.950000
-5.756029
-9.630812
-6.905674
-6.525154
-6.885322
-12.753745
-12.355257
-14.985678
-6.112412
-12.665136
-13.903682
-12.570236
-12.787583
-9.001057
-9.308992
-11.990619
-11.469411
-13.616498
-6.751511
-13.521851
-10.477635
-13.518295
-10.289824
-11.390923
-12.260476
-9.436463
-4.414084
-4.041870
-5.727950
-11.805515
-6.913970
-9.651343
-7.818223
-11.739876
-3.560927
-5.203334
-9.045024
-3.672204
-2.527118
-5.776151
-4.429194
-4.569309
-0.927409
-4.267413
-4.775666
-4.612160
-6.634323
-6.283531
-4.771710
-6.756589
1.121136
-0.545607
-2.855604
0.535024
1.659176
-1.727739
-2.545718
-3.154186
