0.052330
3.642839
-0.661741
2.384232
2.649959
4.836580
-2.201817
0.383029
6.280920
1.085174
0.900487
3.131145
1.307872
9.070593
-0.310361
1.604150
4.487206
3.072034
10.350084
1.157470
4.994393
1.402039
8.841562
6.818078
11.780885
9.526463
7.894851
4.001941
12.012376
8.011633
9.885263
4.666288
5.715218
9.120246
6.258723
13.773148
10.218618
6.440072
9.022671
10.914205
4.782127
5.573288
9.959311
9.062027
10.387120
13.867087
9.455718
10.451624
11.662346
7.115729
6.267216
8.874697
12.602678
10.220224
6.167153
6.429804
5.149923
14.140425
10.222652
11.414077
10.357641
9.643344
9.495974
12.215444
11.566140
8.350330
10.607409
4.840734
3.647492
11.505866
9.934261
10.155752
3.006105
5.742861
6.598976
5.114098
6.179696
4.366104
4.696036
2.846985
2.385828
0.699927
7.023837
0.630616
8.109075
5.118616
-0.601115
3.875383
5.363810
7.988872
7.474722
4.227017
6.412017
-3.110259
4.238608
-2.369572
4.255449
0.396574
-1.702527
2.420862
1.500399
3.965774
-0.370910
2.728810
-1.240615
-0.799289
1.685338
-4.528906
1.820257
0.105993
-1.371555
-4.500093
-0.244328
-6.294705
-2.771605
-8.010413
-2.785587
-5.925167
-3.709235
-2.752670
-1.481787
-6.323906
-7.025786
-7.910496
-2.670916
-10.264636
-6.946782
-5.128598
-5.558757
-11.750075
-3.556013
-10.091302
-7.703614
-6.560549
-7.402797
-10.185907
-5.346920
-10.633550
-7.779722
-11.502226
-12.489649
-7.286287
-10.782504
-11.740611
-11.671065
-10.407125
-10.041928
-6.607991
-14.403024
-6.785183
-10.084127
-13.674908
-14.852611
-7.614550
-11.057593
-11.641228
-6.633435
-14.341558
-10.234115
-4.904413
-8.556380
-7.155282
-6.988997
-7.069113
-11.375908
-6.643928
-4.657093
-4.812104
-11.322260
-3.513522
-6.234763
-6.137008
-6.579886
-7.535247
-6.036363
-8.934356
-10.275827
-5.109521
-3.370178
-10.610640
-0.804072
-9.915542
-3.599103
-5.660816
-1.945867
-5.813353
-4.172969
-7.293117
-4.738808
-3.875745
-2.374798
-6.862336
-4.441376
1.457402
-4.658867
0.511814
-3.609718
1.458160
-2.081903
3.761165
