2.917117
-0.143330
-1.379404
1.818506
4.734308
1.376792
1.651721
0.979309
2.866184
2.290056
-0.452341
0.500695
3.749176
-0.060738
6.565892
5.505672
1.960943
7.725815
8.690211
10.269831
2.330074
10.969925
8.008785
8.944008
4.608971
11.544765
8.225578
3.790191
4.474116
4.014903
6.346586
11.694486
9.216212
7.534707
9.229619
13.162572
4.900046
7.083830
11.487660
11.327097
11.669078
13.863176
11.513585
5.899580
8.961802
5.037894
12.784451
14.277654
12.221271
11.312369
14.226698
13.312091
14.354529
9.421087
7.677834
8.817305
6.528809
8.754818
4.741687
14.058576
8.888790
11.034551
7.709996
13.171489
11.611595
3.984630
11.528631
6.699126
4.800152
5.955078
4.010065
5.243783
8.267645
10.850255
5.823131
7.413439
5.122710
3.972894
9.589540
1.521264
7.088992
5.315604
7.114021
4.422046
0.555308
5.919606
8.511503
4.324093
1.392041
6.145118
5.206107
3.503928
4.972638
4.497132
-1.027869
4.980929
-1.031140
3.392405
-3.598985
2.113679
3.835261
2.016356
-1.268634
3.494917
-2.751911
-1.359055
-6.595415
-2.098360
-1.354695
0.899968
-5.390660
-2.124870
-4.959122
-3.457363
-0.490541
-3.301504
-5.538830
-1.213597
-7.924586
-2.735021
-2.512462
-8.149744
-7.054483
-2.074557
-5.818610
-9.469221
-10.193604
-4.164701
-7.986933
-12.207134
-8.907967
-10.422615
-5.729308
-4.214766
-11.463865
-13.426719
-8.340506
-12.715835
-11.112962
-13.142964
-8.293474
-13.260286
-9.987848
-14.757227
-14.109445
-10.660462
-14.616980
-7.575003
-14.415455
-7.063682
-12.676294
-14.828325
-7.458695
-14.121233
-8.140350
-8.895989
-10.932564
-7.782055
-9.569121
-4.953201
-7.259035
-8.128674
-12.735411
-12.891703
-4.641816
-11.352648
-11.905273
-3.884134
-6.540687
-5.768103
-11.837561
-8.736047
-8.819707
-9.846492
-6.966538
-5.551708
-2.469792
-6.243075
-3.417683
-8.768169
-2.268589
-9.894838
-8.173065
-9.678559
-6.505433
-9.092461
-4.177285
-5.885229
-4.253987
-2.415380
-4.148326
-4.259958
-2.448046
0.513477
-4.693757
0.277993
-3.577403
-2.591660
-4.947256
-2.977754
