4.173028
3.118562
5.663179
-2.251261
2.757212
-0.497653
5.744569
1.849680
-1.209030
5.293508
0.323381
6.103681
2.280101
8.379945
0.130751
2.068919
8.104211
5.695380
8.267251
4.854007
2.343789
4.981664
8.636571
3.797811
4.872712
2.424644
7.564615
8.575246
12.332567
5.063612
7.392036
12.843147
10.446944
5.221831
4.012931
11.722451
13.210464
13.492159
6.756972
5.572666
10.677076
7.869856
5.153955
14.266461
10.144720
5.983442
13.768932
13.675299
13.313890
8.826263
10.429160
14.360587
6.098153
5.647362
6.651483
9.114073
7.939468
5.369987
12.897644
7.985197
6.862180
4.327501
10.672665
4.669978
6.348391
6.579426
6.629496
10.519527
12.570739
10.699347
6.154050
9.286015
3.366465
4.735040
7.373207
7.940168
6.453999
5.224660
8.004270
6.509394
6.032304
2.193147
0.196356
0.643982
6.440112
5.850243
7.191570
5.660431
-0.673660
6.462287
-1.005653
2.783900
7.028767
0.771274
4.028341
3.139782
3.755505
3.968429
2.061907
4.771644
3.539078
1.642565
-5.470339
-4.511303
0.261051
-6.586346
-3.887350
2.136725
-4.347132
-4.986881
-3.407610
-1.292793
0.345809
-3.679101
-3.889579
-8.136962
-2.702188
-0.519525
-9.137744
-1.801599
-9.828196
-1.509662
-10.799813
-9.067435
-11.190914
-2.936917
-8.620462
-12.678368
-5.431499
-3.990037
-9.094297
-4.347371
-11.245679
-7.875364
-5.040142
-12.991374
-9.593715
-12.719499
-5.611572
-4.602304
-9.769607
-13.564676
-11.521085
-12.532003
-9.605122
-11.261573
-8.743652
-12.483057
-8.176258
-7.904014
-9.452008
-7.751163
-11.817266
-12.776607
-8.185753
-7.001556
-13.495694
-11.205275
-8.909584
-9.672157
-5.256917
-12.898604
-4.686537
-12.443420
-6.283407
-10.100011
-5.734087
-11.906118
-12.619474
-11.173488
-10.312004
-9.535657
-3.108447
-3.225349
-2.636338
-10.016566
-4.942248
-10.306241
-5.843432
-7.037548
-9.243528
-4.167376
-7.370316
-6.020716
-0.780439
0.050815
-8.588388
-8.195418
-3.381987
-7.619170
-6.760004
-6.125607
-5.185830
2.429148
1.815376
3.207304
1.695129
-1.459432
-0.798843
2.265984
