1.673745
2.251638
5.906431
1.382903
1.494726
4.127947
1.398895
5.047704
0.314566
6.677494
2.991494
7.793599
6.356976
6.828439
3.702427
9.136655
3.729504
6.507888
5.765635
2.296657
7.256119
7.163256
7.949150
2.575238
3.664706
3.977711
7.520248
10.517185
4.937322
5.345625
9.737313
8.615371
10.017403
12.424054
5.227908
13.183321
13.434065
12.341154
12.164098
11.465011
7.692178
7.041168
9.462759
7.316151
7.374648
13.063050
8.602876
5.508304
6.322228
7.990603
14.305465
8.654652
12.204011
8.196661
6.205342
14.110691
9.481155
5.233489
11.473180
12.145046
11.541723
6.865755
8.821838
7.554168
5.362855
7.235272
5.139622
9.972048
10.763068
10.913786
6.475832
8.390841
5.093449
7.389695
4.100204
4.139054
5.453697
10.328949
9.225017
7.831964
5.138341
8.837898
1.003183
2.002373
2.649862
6.092575
1.236077
6.144441
6.702399
5.266229
3.651575
-2.355619
-0.560018
4.890734
1.923574
2.398538
2.707520
-1.637276
1.094049
0.728969
4.582081
1.441224
0.614923
-5.359470
-4.142396
-4.260599
0.245011
-1.015287
0.344667
-0.336533
0.829229
-4.348642
-2.613749
-1.690080
-2.637948
-1.718144
-9.563446
-5.218097
-0.656777
-3.387197
-2.428310
-7.057662
-1.869766
-6.012248
-3.650995
-2.383650
-9.775728
-8.767834
-4.675469
-6.647533
-10.075292
-7.312640
-9.843170
-7.220174
-6.176311
-7.098886
-8.963773
-5.250035
-7.346424
-7.253941
-8.109973
-12.894611
-10.878168
-10.104130
-12.049264
-14.921012
-9.907129
-9.129752
-6.960691
-10.153197
-9.608822
-7.928119
-11.324766
-14.367819
-9.296447
-6.318743
-13.842952
-12.118721
-5.948218
-12.242439
-6.027342
-10.458826
-10.126298
-11.102287
-9.959117
-6.653207
-4.442189
-12.328911
-6.523057
-6.022197
-10.723221
-7.643791
-4.396532
-10.879476
-7.740441
-8.040675
-7.062263
-1.452067
-7.427075
-4.282679
-5.108911
-3.020607
-2.942305
-5.744492
-0.039315
-9.059560
-0.662385
-2.621686
-7.452616
0.108029
-2.119052
-6.739341
-3.572602
-0.271907
-5.400328
2.992724
-0.327340
-4.828477
-1.007243
3.399821
