-4.326203
2.018020
0.144753
1.285778
3.373846
1.375353
6.447317
2.896469
0.510729
7.802551
1.467299
4.301337
-0.631921
2.608294
5.749066
0.416463
9.817609
6.349598
4.699825
3.926686
6.181468
2.973446
2.492029
6.222663
8.847294
11.134722
11.696846
9.491972
11.093113
12.852759
3.358346
6.104451
9.470419
8.004964
4.596368
7.247339
5.130174
12.984025
13.058186
8.111221
8.677969
12.824427
10.505268
4.951396
9.047662
9.044180
8.449003
14.800417
14.194128
8.586674
7.848032
14.754782
10.311041
14.073042
9.053869
5.841612
13.192028
12.869908
8.167854
12.068872
13.629317
13.393581
9.007851
10.172523
6.355234
13.112578
11.331727
5.958176
7.366091
6.580794
12.457360
4.241101
2.875475
12.270174
8.921240
8.308897
10.273914
3.705494
9.075138
6.258662
2.309530
9.321661
2.121260
3.761164
9.537853
1.146804
0.466433
4.232917
6.173363
4.823486
-1.191084
2.788925
0.616373
-2.512561
-1.169318
-3.096901
-1.753104
1.489143
-4.647841
2.249990
-1.061057
-3.496317
-2.860236
-4.378760
2.566514
2.187507
-5.838411
-0.686676
-2.236165
1.847633
-6.190469
-3.523205
-8.856608
-6.506166
-6.121336
-9.237521
-9.822301
-4.487483
-6.761393
-2.310270
-4.452361
-9.613248
-3.326254
-2.131769
-8.244581
-7.781606
-6.299240
-11.557110
-12.773869
-7.214348
-12.295209
-7.376661
-12.990582
-8.576277
-12.969416
-6.935826
-6.107879
-4.632992
-5.292783
-6.287522
-8.612476
-10.984317
-12.622650
-9.912423
-14.690734
-12.978598
-11.577849
-14.189290
-9.594464
-5.781962
-11.484908
-10.334730
-11.906522
-7.459841
-6.206512
-6.201279
-10.620437
-6.823835
-14.499597
-7.211737
-7.027295
-10.822807
-8.771309
-6.154954
-4.051525
-10.611986
-5.159219
-5.522705
-12.256008
-3.927795
-7.829238
-10.964465
-9.064098
-7.258549
-10.810237
-3.401998
-2.629549
-3.000244
-7.890644
-7.759446
-4.299885
-1.895878
-9.504371
-0.342619
-0.286688
-0.730220
-4.540935
-0.849541
1.006593
-7.366838
-6.388913
-3.441792
-6.154809
1.559262
-4.283348
-4.657811
-0.887919
-3.117294
-1.332261
4.973979
