3.802214
2.220843
-1.244537
-1.323573
1.368575
6.393112
-1.574584
2.408228
-1.221263
2.175265
3.979398
2.861790
4.474430
0.812674
-0.140255
3.101540
0.619646
0.428465
2.060292
2.191696
4.260151
1.573432
2.361408
9.065053
5.445520
3.253330
9.616284
3.369598
7.625244
4.158965
6.753910
4.451267
6.573003
6.108849
7.036054
12.587782
4.641650
12.800601
13.635136
5.513781
11.649948
13.039099
10.106880
8.165964
10.048426
12.841473
13.004205
6.722932
7.614685
10.916848
10.726822
5.716117
13.080876
13.921878
13.413003
14.510514
11.345735
13.708665
7.178033
9.280598
4.887507
13.686032
5.967657
6.095272
7.637890
11.153125
10.814166
6.516337
9.229181
3.694880
9.196806
5.732044
7.554756
7.598027
7.990557
5.010300
2.750140
9.434510
10.869945
9.680077
8.982718
6.632783
9.897449
4.718554
0.347131
-0.107129
-0.099022
8.197663
6.064778
-1.523996
6.946388
6.614648
0.305779
4.506908
5.478704
4.755207
-3.946099
-1.878389
4.891588
-1.949853
-1.220530
3.561695
2.638288
1.639635
-1.743858
-0.795573
2.352408
-0.889024
-3.580892
-7.182835
-1.202197
-5.022259
-6.699492
-9.157632
-0.489925
-1.105533
-7.797752
-5.670676
-10.420502
-9.285026
-9.745838
-5.013801
-3.593591
-9.295977
-7.426187
-11.265680
-7.756089
-9.775463
-11.913295
-7.421719
-11.507890
-9.719269
-11.735886
-11.931424
-13.334774
-9.169360
-11.931848
-7.881500
-5.143662
-12.401814
-6.510141
-8.766456
-6.530220
-14.562090
-4.885462
-11.863150
-5.843318
-12.224247
-11.602940
-12.523232
-14.837143
-8.914139
-10.211804
-11.665411
-7.029717
-12.424644
-12.544554
-7.562469
-12.858966
-13.567898
-11.575223
-6.913385
-9.467321
-11.671722
-11.940441
-10.988870
-9.984147
-3.760397
-12.220557
-12.369201
-12.158999
-10.982529
-6.266889
-10.242996
-4.108252
-11.071459
-8.902289
-7.053308
-4.474598
-8.475951
-7.669487
-2.449302
-6.632275
-9.671603
-7.425364
-2.047108
0.733170
0.995057
-5.387518
-2.065457
-4.300875
0.809310
-1.403198
1.263041
-0.652919
-4.706216
-4.518044
-2.892236
3.241763
-3.794424
