-2.672914
0.043945
1.368145
-1.318719
-2.979003
6.692256
6.838964
-1.034328
-0.698324
3.796314
4.533019
7.866001
5.829199
0.662907
2.796988
3.061215
8.176379
6.208897
4.740621
10.378707
3.797589
1.657237
5.759077
11.222318
11.783444
8.901712
3.288196
3.887797
9.782748
9.402967
9.840952
12.050798
8.496134
11.633176
7.424195
4.904988
11.362311
13.290328
5.877756
10.533376
10.879485
5.317597
10.288635
9.855344
14.540304
8.819101
6.122026
12.590013
12.737982
13.939221
11.224102
14.416468
9.270525
11.364960
6.485188
12.914957
9.918729
11.617990
6.002651
10.369516
9.679846
12.542045
9.002149
4.732454
11.379571
10.115651
4.007081
6.424098
9.810395
11.632924
8.863822
3.554244
8.503678
10.375812
3.018062
4.333577
3.823996
5.011161
6.864133
3.266505
3.092713
6.796395
5.236852
2.218215
3.775344
7.663353
3.188175
1.020122
3.508123
3.036177
-1.164126
3.208880
3.087973
6.863195
2.512748
-0.084091
1.197793
5.428216
2.583600
0.041549
3.756321
1.872882
-4.518027
0.589522
2.563971
-5.031060
-4.848790
0.395783
-2.714790
-2.379353
-3.290011
-1.244582
-7.697406
-5.358513
-4.984854
-1.314113
-3.837114
-3.976404
-2.801015
-1.511231
-4.463067
-9.697298
-11.076463
-11.774865
-3.110349
-3.483003
-3.820755
-12.292541
-10.494045
-3.585953
-6.294167
-5.078654
-9.499103
-11.980359
-4.329068
-9.048141
-7.487907
-6.269958
-11.540386
-9.092871
-5.356508
-9.074114
-13.676807
-12.325102
-7.788208
-8.015712
-13.225094
-12.449014
-7.010726
-12.857807
-13.014874
-12.911242
-10.802844
-12.996964
-6.209944
-11.056962
-10.457508
-9.902543
-7.367529
-10.752851
-11.091300
-5.492107
-5.397661
-9.716469
-12.366444
-7.749047
-12.085486
-12.967921
-3.746719
-7.638135
-10.655534
-7.591475
-5.303763
-11.259832
-5.324661
-2.019589
-4.008294
-8.588927
-2.475504
-7.166059
-8.387825
-4.024432
-3.440008
-1.247477
-5.922258
-5.622325
-7.921008
-7.888185
-6.409264
-2.402148
-4.541900
-2.849476
-2.325100
-1.650505
-6.388354
-5.525598
-0.171429
1.087431
-3.322729
4.678940
