3.790482
0.362950
2.008804
0.405829
6.527326
6.731431
3.860697
-2.058194
0.510198
0.182594
8.077953
-0.018216
2.746088
4.482031
3.840953
8.344193
6.013667
7.403158
1.253725
3.703727
10.920269
3.250946
5.370571
10.847317
6.285740
10.396301
6.447570
10.393405
8.852102
5.808836
3.392966
9.011390
8.261191
10.794230
12.449342
4.681136
4.746127
8.101824
9.357006
7.299517
5.021065
10.927965
10.552399
10.827175
10.114605
9.232040
5.587129
6.340740
8.530601
8.533179
8.451448
11.332951
7.824331
9.797394
5.870029
7.940334
6.427309
10.021045
5.678288
12.369775
5.956508
11.896395
6.048728
11.824723
7.819026
12.419086
10.784659
4.425487
4.317732
4.036631
11.290968
3.678141
8.893164
7.466479
4.147603
7.254170
2.214155
1.947769
7.726738
7.552485
3.839519
7.379372
4.115706
0.071795
2.588534
4.746834
5.141967
5.028626
3.121257
3.312777
2.445524
7.023407
0.079006
-0.249355
2.605447
4.221789
-0.398655
4.607053
1.967715
-4.626801
-3.372866
-3.368715
-4.930049
1.269466
-4.057947
-4.632009
-0.625257
0.985256
-1.957320
-7.318416
-1.824021
-5.842192
-0.101739
-7.977450
-1.824487
-1.439037
-5.524557
-6.321480
-8.675384
-0.891261
-2.509522
-10.356370
-9.223240
-2.208467
-5.777812
-7.013008
-5.317983
-4.408905
-9.450431
-3.640132
-10.451637
-9.732595
-4.215776
-3.796219
-11.859721
-12.327195
-7.101416
-5.380057
-10.610492
-9.367727
-9.821410
-11.417239
-6.015450
-14.811094
-8.501691
-7.308674
-5.890373
-6.925747
-14.781921
-12.200800
-12.476084
-11.823270
-6.790259
-8.538743
-11.255499
-7.737887
-12.858871
-8.696922
-12.063421
-13.649333
-14.142047
-10.727471
-12.247996
-12.276203
-8.136987
-6.725943
-10.331032
-8.780537
-11.853420
-7.975849
-12.417970
-9.381098
-7.391899
-2.332876
-7.149851
-6.474218
-5.089599
-5.885778
-4.677138
-5.150753
-4.893687
-9.241929
-3.944439
-4.128006
-0.653696
-1.772908
-2.602292
0.712500
-6.826847
-4.606510
-1.120940
-6.726865
0.512947
-1.312793
-0.973865
-1.990486
3.607639
1.051637
0.151306
-0.128812
