3.465845
0.938337
3.409360
-1.126781
-2.646574
-0.462553
6.515716
-1.432686
1.440723
2.811847
5.351053
3.518615
-0.361272
2.641849
2.870772
7.428552
7.758441
2.576012
7.595477
5.587826
10.228745
8.493114
11.470316
9.806540
7.686297
7.921821
11.157443
9.028070
6.367985
7.169619
5.884385
7.111998
6.424178
10.874777
6.550306
5.746432
9.920839
5.209981
6.835208
10.353542
14.391057
5.710899
14.606041
14.770013
6.174349
11.649282
14.387566
8.337626
8.066929
7.172231
13.912357
10.647856
9.908634
13.336361
5.455949
14.691188
6.378957
10.579069
13.600645
11.151696
12.303327
9.818262
12.555341
10.455883
5.300866
3.786231
8.740771
11.407971
10.923197
9.135152
9.739304
11.344614
5.878246
9.050603
4.114250
11.055153
9.898145
3.201860
1.491437
6.541254
10.096655
6.895823
8.448460
8.786458
2.416253
3.511558
-0.365022
3.096457
3.705788
-0.138674
2.945326
-2.160150
-1.659542
0.477891
-2.464054
0.562120
4.227917
0.475730
3.129513
-2.833097
0.018526
0.381690
0.233707
3.089174
0.270155
-0.197437
-3.202044
-3.991579
-2.684777
-7.861673
-4.885537
-8.522338
-2.106530
-4.995706
-6.073127
-2.462212
-1.312488
-8.337840
-4.922200
-2.664746
-6.854564
-7.083165
-4.986925
-10.140761
-9.093116
-8.384975
-3.578028
-11.639077
-8.911630
-4.304708
-6.140296
-8.055232
-5.413226
-5.795815
-6.633879
-11.234501
-5.261165
-7.743039
-9.592084
-5.599386
-8.580547
-7.143688
-10.603390
-5.632352
-12.855583
-7.806428
-6.640356
-7.002542
-10.758581
-11.964762
-9.952688
-8.049145
-8.917034
-12.320093
-12.222305
-14.574601
-6.463496
-12.478819
-7.404887
-9.074900
-13.629432
-5.868976
-11.232960
-6.386844
-4.871827
-10.666967
-10.379831
-9.356218
-4.901173
-4.869784
-7.765574
-6.646793
-10.368884
-10.514422
-6.376515
-2.666572
-6.527923
-3.345214
-8.719848
-7.072445
-5.878863
-2.974434
-1.325748
-7.099452
-9.041658
-2.107738
-8.648146
0.880390
0.592730
-5.387862
-3.337249
1.862632
-1.316951
1.214228
-2.830398
-1.719425
-5.413756
-2.437393
4.541748
3.673214
