1.223142
-3.259783
0.253086
-3.590530
5.438077
-2.615468
-1.420507
5.360124
-0.199397
0.545058
0.984719
5.664473
2.670305
6.417439
7.405911
6.792021
1.246324
5.228444
9.212810
6.808130
6.248003
2.341834
9.742287
11.237427
10.943080
5.956203
8.216221
7.727108
4.846036
4.200365
5.415940
7.585284
7.990473
10.801909
5.060627
6.314677
10.682727
8.345645
5.968036
7.377435
9.813276
6.472124
12.700897
12.983801
7.549696
7.335372
13.138705
11.748995
14.347597
13.722238
7.662548
6.951051
8.193883
9.859848
9.048897
7.284712
11.366633
12.236671
13.840076
4.737946
4.908561
5.344277
9.581651
5.112244
5.861598
10.466085
13.215789
11.203764
9.995461
5.653188
10.226891
5.774979
10.974501
9.533917
5.037886
6.700699
1.897555
6.843166
4.458260
10.166325
2.760103
1.191844
3.873381
8.262436
5.722497
0.125834
1.621770
7.750068
5.798859
6.127058
3.741275
-0.983319
1.504723
5.714781
4.142839
3.118992
-2.476294
-0.420659
-1.708307
-2.775272
-1.912823
-5.160259
0.530302
-1.696985
-4.166169
0.335882
-0.093783
-3.297713
-4.765152
-2.817502
-4.704496
-4.826163
-1.564418
-4.970204
-5.290810
-0.297455
-4.186908
-1.493639
-1.761987
-5.596936
-5.431211
-4.481365
-5.663456
-4.685886
-4.932046
-8.702152
-3.751513
-12.185538
-12.255045
-12.131830
-13.253374
-6.995753
-12.330097
-11.284787
-10.476375
-12.959388
-7.907758
-13.086052
-4.656625
-9.467403
-12.812754
-7.081898
-14.693701
-8.757144
-6.884992
-11.048566
-10.588551
-9.884884
-6.548050
-6.774111
-10.350747
-12.651653
-13.566929
-11.851008
-5.108291
-9.487524
-12.507304
-5.816590
-12.041183
-13.168313
-10.605421
-8.696170
-4.574433
-9.373706
-12.754242
-12.688782
-8.475226
-6.737698
-12.925409
-7.162600
-10.940362
-5.818574
-7.891419
-10.652920
-11.694336
-5.213806
-4.409447
-2.941436
-5.892794
-2.325439
-3.385477
-0.642467
-3.350420
-8.834687
-1.474161
-4.975042
-0.312061
-7.380493
-3.654954
-6.573061
-4.015012
-1.391700
0.309879
-0.584731
-2.913139
-2.080185
3.777995
-2.819386
-0.983730
2.821466
