-1.800061
-3.651811
2.421973
6.134324
-0.135591
-2.669221
-2.744164
5.230638
0.874211
6.748376
3.308309
0.889670
4.026264
4.085008
2.403698
9.750589
2.013607
9.147594
8.363969
4.399953
10.602659
10.286262
4.088382
7.635311
5.126106
8.381098
8.232010
5.733763
6.385987
10.379985
10.500287
7.187468
4.677732
4.688507
11.406719
8.915991
9.862344
12.249531
12.913913
6.474545
11.501938
9.721843
11.171466
6.449352
5.808730
13.187139
11.041521
11.239244
9.257790
13.328902
5.074509
6.368785
6.844915
7.444934
10.319529
12.686437
10.335128
12.662199
6.963313
8.749885
14.187558
5.089875
11.560065
10.745630
5.739157
6.689415
13.389852
10.887714
9.769415
4.401742
9.944652
6.513594
8.124292
10.080228
7.699330
11.589394
2.383031
3.781382
8.551841
10.709292
4.262756
9.943315
4.248405
4.843805
9.477524
6.547393
-1.018315
7.185141
0.695050
3.254430
7.597884
1.649202
3.729076
2.378064
-1.191422
5.554369
-0.293168
1.294895
-1.785799
1.739106
-4.386485
-1.334452
-3.332320
-3.322955
2.617333
-3.196446
0.082600
-0.828132
-0.973415
-0.522821
-2.888960
-3.013489
-0.049796
-1.028701
-4.280385
-1.592230
-5.574289
-2.439845
-1.116535
-7.317660
-5.085911
-10.649215
-8.849743
-8.269537
-11.488062
-11.192476
-4.684861
-2.745044
-5.306673
-3.483372
-8.275034
-8.469799
-5.535864
-13.412239
-9.994948
-8.034454
-5.992840
-5.158071
-4.849129
-7.093056
-8.041114
-8.781647
-10.695572
-6.106877
-10.399541
-10.220497
-5.156584
-5.656270
-8.176418
-13.216664
-11.581057
-9.331350
-5.038251
-12.331192
-11.152337
-10.942254
-6.043386
-7.266839
-11.020581
-13.730750
-7.549504
-8.324181
-7.392816
-6.977196
-3.936081
-13.514932
-4.029439
-11.965119
-8.612785
-9.794200
-8.290747
-4.646388
-8.490250
-6.728825
-2.882123
-3.739263
-6.685769
-9.030665
-3.164713
-2.187626
-8.540197
-9.025505
-3.204582
-9.103962
-0.405636
-3.555086
-6.999732
-1.246623
-2.049923
-0.425970
-2.335185
-3.316602
-3.291288
1.193798
3.197106
2.494090
-1.270123
-0.098875
1.572319
-3.209861
