-3.287494
2.150233
-3.841301
6.173852
-3.378863
-2.276136
0.974291
-1.334817
6.562195
4.373752
5.819067
7.197242
3.186326
1.485152
4.645977
1.967229
4.295208
9.701397
1.291209
4.532964
2.032118
10.784585
2.382512
2.556963
3.831880
9.115057
4.590274
10.823559
7.473116
10.087324
4.899045
11.421689
12.337380
11.655071
6.815838
11.214431
12.742618
10.063954
5.247548
14.267619
12.721686
12.145871
13.720969
6.375047
7.440540
11.295465
11.182860
9.041980
8.784010
8.490238
7.721185
8.401949
12.040840
8.547855
9.295375
14.148238
8.332641
12.362211
8.767175
12.575032
12.280229
4.654052
13.820173
11.693224
12.329953
12.814204
11.900396
4.975113
7.144379
12.922706
8.746826
10.203621
8.856962
10.523694
3.796376
4.640452
8.460863
10.725901
9.972982
5.432428
0.926457
4.674702
4.401298
4.268394
7.535469
8.891760
0.949612
3.828511
7.051934
-0.132843
1.134772
-0.048147
3.125572
0.398510
0.308213
1.823962
-2.215550
-3.852570
4.647031
3.303458
1.723333
-1.455278
0.832965
-5.510373
-2.021348
-1.479961
-0.695113
1.967047
-1.314468
-3.107090
-0.335835
-6.941475
0.714705
-2.728068
-2.702763
-1.365569
-5.445119
-8.985766
-2.944298
-2.431629
-10.030950
-6.328620
-7.949827
-7.894274
-11.512947
-3.351510
-5.228498
-11.573117
-3.816224
-8.712251
-4.843482
-7.686560
-12.090955
-8.037647
-4.181030
-5.041236
-4.329361
-10.677438
-13.052387
-7.444752
-8.529553
-10.313765
-8.822251
-5.315025
-12.450181
-12.743364
-8.723757
-13.030449
-7.657042
-5.185805
-8.647380
-8.017546
-7.747689
-7.171140
-11.732449
-6.742638
-13.070122
-12.699966
-4.855154
-8.828441
-14.187372
-10.416503
-8.865065
-11.022973
-8.783811
-10.663449
-12.930271
-12.315559
-10.041254
-7.771028
-10.801632
-4.560706
-6.617881
-11.470353
-2.252259
-7.318857
-9.638837
-2.748460
-1.322832
-1.758144
-8.471653
-2.550192
-9.211219
-6.298733
-8.192073
-4.789609
-0.559332
-1.586012
-0.856252
-3.673574
-6.290487
2.393332
-7.108311
-6.113043
-4.096525
-5.170887
2.125880
0.081678
-3.917695
3.823602
