4.717656
4.191171
-2.617374
-1.513877
3.359960
6.135750
1.582836
2.496789
2.835033
7.969588
5.486225
2.125691
7.686308
2.089353
9.405109
1.138808
0.505925
2.499460
0.764575
5.757180
8.846261
7.632865
10.155613
3.635498
2.531230
10.739671
7.049286
10.737293
9.123254
8.261228
12.776531
3.870635
12.169202
11.226787
4.664440
4.745609
13.143115
10.619405
12.208982
8.677552
6.028863
10.857560
14.101722
13.717828
12.859323
14.889036
10.174870
6.665656
11.225348
8.618137
6.434157
14.756760
14.829101
14.164685
11.563944
14.177526
8.431145
11.086601
13.471379
8.699365
9.974611
9.698470
10.639477
6.165083
10.074267
11.069569
8.938230
13.423336
8.561556
4.949088
4.522738
6.211316
4.885120
11.489452
5.948691
6.224177
3.449360
6.705798
10.526598
6.281905
9.544053
8.797860
2.853400
9.356530
6.651808
1.553652
1.061610
4.088697
7.251285
3.540516
1.941286
2.682961
5.046723
0.463999
4.056054
3.356340
3.024107
-2.128093
3.044638
0.763959
-0.892280
-2.925231
-2.516046
-5.945649
1.891100
2.577389
-0.038909
-5.976720
-4.646359
-0.438071
0.865960
-0.104410
-4.941469
-3.836908
-5.651665
-5.291953
-1.454672
-0.719467
-2.933572
-10.243760
-1.449931
-10.550585
-9.507590
-9.950764
-9.883439
-8.984873
-4.847922
-9.973087
-10.125604
-12.934542
-11.110505
-4.440537
-10.403920
-8.837241
-7.170633
-8.591090
-13.361050
-8.780501
-11.310153
-8.372021
-9.777488
-10.882343
-8.790066
-14.430192
-10.500375
-14.670322
-9.800212
-6.074932
-14.121388
-8.196064
-8.576101
-12.736555
-10.093837
-7.204586
-12.630083
-11.424447
-9.116355
-7.737699
-14.408288
-10.008078
-8.216117
-12.411631
-4.193958
-12.750522
-12.072426
-4.129665
-4.227522
-9.704736
-11.683989
-11.156323
-8.421733
-4.879492
-7.093238
-11.928443
-5.206571
-7.235066
-4.059104
-7.521527
-6.437713
-8.840010
-6.598036
-2.300668
-9.610191
-3.050031
-2.397284
-1.983326
-4.605964
-4.397316
-5.812366
1.272679
-0.980163
0.605478
1.981604
0.389233
-6.322413
-2.661031
-1.519004
-4.779513
-1.951509
2.644526
