5.046645
-3.718214
1.187453
3.962958
0.698291
6.309371
-1.833508
-0.689997
4.159905
5.059087
3.092452
3.419647
0.802510
1.831568
0.286230
5.808282
6.418013
9.258238
6.284749
4.419790
1.670985
3.058581
7.121171
3.112020
6.133467
6.069123
2.717276
3.069958
7.849381
7.700017
7.894515
8.246566
4.608061
12.213585
6.863509
13.330636
7.075315
6.257783
5.667805
6.101120
7.628071
10.988194
12.803902
10.982479
9.676953
7.766785
14.859812
12.055713
9.951012
10.703962
14.893679
9.085810
5.760117
11.370792
13.219893
12.238410
8.076047
11.113992
13.431319
10.437713
12.544397
8.268111
11.331998
9.774828
10.309192
10.443517
5.390372
8.389510
7.767448
11.031915
4.046993
4.517700
5.335534
3.110453
11.598184
11.460047
4.797967
2.854751
5.346701
10.215231
6.989576
3.454612
7.742093
5.763584
7.784936
-0.085158
3.727853
0.330966
1.113498
5.904842
7.212924
7.384269
-0.716420
-0.060850
4.810114
-0.121176
-2.745587
-3.048898
-4.078454
1.165210
-3.253621
-0.166469
2.097292
1.378813
2.477155
-0.404410
-0.876932
-2.707172
-6.256613
-6.860315
-6.120696
-6.719614
-5.250893
-3.342939
0.149152
-0.410649
-1.171938
-2.705808
-0.659158
-2.353431
-7.511466
-7.042446
-3.832455
-2.226105
-11.798206
-4.812116
-11.125498
-11.576224
-10.029455
-9.930648
-4.593404
-7.588386
-8.113686
-12.088062
-10.675761
-5.062089
-10.761594
-9.055767
-5.689568
-7.286053
-11.578500
-10.711597
-10.022060
-12.233473
-10.511315
-9.486124
-5.379719
-6.924320
-12.267330
-12.211456
-9.098269
-6.564872
-5.413240
-12.105001
-6.102192
-13.081568
-9.253276
-6.058562
-7.573099
-4.872598
-5.829290
-6.985405
-7.637649
-7.235635
-9.589404
-9.309461
-12.066161
-8.557626
-7.109048
-5.465742
-4.883947
-8.760415
-11.437887
-5.957512
-8.429582
-4.268856
-9.415394
-6.014877
-9.202224
-7.131336
-7.577353
-4.184170
-7.431797
-9.484115
-5.687151
-6.950524
-1.200025
-6.295822
-1.136173
-7.017725
-1.121816
-3.052175
-0.917607
2.448910
-4.733921
-1.288008
1.625910
-3.507675
-0.183168
1.554203
