-0.611310
-1.679026
-3.811507
0.706735
-0.736697
-2.475431
0.523955
4.813938
1.773494
0.303220
-0.687717
3.187854
6.992062
0.624949
8.814459
2.282978
1.539071
1.377099
7.170951
7.158337
3.434956
3.920400
2.093948
3.333916
3.388792
8.058575
9.592081
3.124046
9.368898
12.883741
11.310208
4.926049
9.625926
9.142623
13.617066
4.154412
13.449395
4.602592
8.645192
8.203161
13.765886
8.315291
5.112895
10.787005
11.484018
11.161512
12.820448
8.645371
5.262522
9.928311
9.035110
10.880800
14.826389
11.268585
11.613897
11.279056
7.684609
14.674774
13.343222
11.656181
13.742674
10.499923
8.847474
13.392115
4.400825
5.165330
3.968867
7.414913
11.874609
10.331030
7.057033
4.731875
7.060138
5.220504
3.360003
6.136991
8.716690
3.577958
1.160152
3.251545
2.669019
0.422731
1.501142
4.982283
9.486749
9.224449
3.361580
-0.307445
6.093198
6.696346
-0.200308
3.110980
4.021176
0.818494
3.498495
4.446240
0.494965
-0.104887
4.687343
2.337706
1.282822
-0.176806
-3.024465
-1.363532
-3.679872
-0.424308
-5.915593
-7.258053
-6.125754
-4.577924
-7.247043
0.866744
-5.194862
-6.552283
-5.347480
-9.156015
-4.747082
-3.670748
-2.154377
-6.373760
-1.653535
-5.109011
-5.509423
-9.504360
-11.771457
-5.248999
-2.678463
-8.346557
-11.648652
-7.443947
-6.509363
-10.763728
-4.700834
-6.200054
-11.723316
-6.608383
-4.532032
-7.318047
-8.663299
-12.667112
-7.909055
-9.952521
-12.819789
-9.229141
-6.589964
-9.303020
-11.324747
-11.642898
-11.121986
-14.978465
-9.657354
-14.835144
-5.534114
-11.387969
-11.084344
-6.265795
-12.351617
-10.447896
-13.938193
-11.354769
-8.954706
-12.636737
-6.946339
-12.826730
-6.006940
-7.441751
-6.002579
-5.739952
-11.464927
-4.837239
-11.636012
-12.095112
-5.188445
-7.746998
-7.817481
-8.203062
-8.370321
-6.765360
-6.986592
-6.197878
-2.420623
-7.670341
-0.252232
-1.092242
-6.267016
-3.100708
-8.332692
-4.155552
-6.256240
-4.182131
1.638225
-2.268011
-4.017293
-5.872007
1.671642
1.256755
-3.581677
2.727015
-0.150290
2.355098
