0.634043
1.533617
2.698176
4.058596
-3.186509
-0.783255
0.913079
1.936144
3.797372
-1.881721
2.299385
7.254882
-0.923914
4.284478
8.094551
0.039941
5.690042
1.382278
9.287262
7.385114
8.817212
4.352879
10.705329
3.744494
3.720712
6.681408
4.735984
10.152248
8.829713
8.947008
9.268123
9.903103
3.923750
8.016213
11.223892
8.344897
10.002383
10.848732
9.935734
11.517036
13.655795
10.084553
11.799434
5.722061
14.370021
14.504505
10.333855
14.773895
5.740797
14.826778
10.225114
14.547598
7.679162
11.776892
10.517138
8.194534
9.219191
13.756348
14.343143
7.281359
13.881412
7.198899
10.561034
6.079318
6.153714
3.813385
11.133569
12.981234
5.620055
3.494731
3.585430
11.779023
4.373563
11.515029
7.876281
11.640450
5.182321
7.177925
4.798246
4.109593
6.832801
2.060223
4.128147
5.776761
4.458729
3.470271
8.576534
3.393183
7.102377
0.522870
-0.404564
5.927500
4.567320
4.724820
3.998404
4.839407
-3.698618
1.410818
1.930562
2.932024
1.974026
2.777834
-4.515438
3.514257
-1.026847
-1.616889
-6.476827
-0.625966
-4.924352
1.262337
-1.989422
0.316940
-7.765273
-6.853270
-4.970285
-1.083017
-8.904136
-7.323591
-8.673299
-10.794558
-8.260330
-8.767165
-9.840454
-4.281091
-9.289117
-2.969051
-5.860558
-11.053026
-3.801597
-3.677527
-3.850352
-7.544269
-6.001958
-6.718738
-4.180592
-5.992069
-9.737942
-11.415827
-5.128282
-10.457356
-12.184129
-13.330434
-12.496109
-11.172654
-14.425847
-6.565517
-5.496523
-5.944966
-5.132478
-7.134447
-8.134106
-7.348144
-5.716288
-8.591966
-5.113537
-14.541086
-14.455259
-9.261709
-10.598440
-14.167288
-9.876750
-6.596815
-6.953375
-13.143447
-8.936272
-11.089568
-4.174465
-7.373691
-13.196122
-12.048334
-4.611580
-11.061853
-5.221200
-4.886038
-2.156925
-5.883301
-8.446465
-8.661447
-1.719982
-7.070106
-7.921908
-4.184369
-3.352647
-3.042345
-9.377978
-4.969832
-1.659194
-1.023311
-1.931504
1.605768
-3.543114
-7.055072
-0.468205
-2.520698
0.743033
2.865258
-2.449969
-4.741561
0.823850
-3.242251
