-0.649690
-0.219437
5.312628
4.247222
-2.327640
3.627462
-1.096332
-0.128182
7.568700
5.201346
-0.908392
3.588733
4.317754
7.142166
0.328811
6.992445
3.182422
2.754839
7.490711
6.288724
7.615715
7.686757
6.801865
10.710168
9.684991
11.203522
8.991361
6.388656
8.817133
3.316345
6.658031
6.786076
10.244340
7.413569
8.407712
9.308029
9.310141
9.586647
5.369551
4.524608
9.380496
7.697222
8.306241
13.260784
5.525492
14.489641
8.591196
12.751966
13.006139
7.428644
6.707698
12.142115
12.332098
10.434896
13.798894
7.548765
8.607755
8.263315
8.381562
9.471047
5.375990
8.395248
12.829851
8.982538
9.478506
7.711442
10.477897
4.561450
3.271923
10.685451
11.804637
4.739695
3.197560
12.012370
4.985837
5.809462
11.121733
1.462520
8.948105
5.800763
5.858399
2.803970
5.357136
2.432393
1.930837
0.456134
0.188213
3.080221
4.602236
4.312653
5.360855
5.187537
-1.625538
6.320737
0.802051
0.820105
-3.640293
-3.660166
-2.362106
-4.188440
-0.868556
-3.010966
-0.252116
3.635840
2.084035
-6.502063
1.989728
-5.540615
-1.893523
-0.296133
-7.283586
-0.760817
-4.147323
-5.684505
-7.943798
-2.326954
-10.003563
-8.317018
-10.289158
-1.121385
-1.573443
-3.508504
-3.174843
-11.252344
-4.858628
-4.158521
-4.402989
-11.308353
-11.810688
-6.603873
-8.349027
-12.258995
-5.147296
-9.232252
-8.714136
-13.786407
-12.924752
-10.578178
-14.306837
-8.606437
-5.940633
-11.977113
-6.102067
-11.218897
-10.918247
-9.619638
-10.491505
-14.096030
-13.753630
-7.419600
-13.193123
-6.273121
-12.632177
-7.514131
-13.156568
-7.847546
-8.274931
-6.579121
-9.798247
-10.415431
-7.855732
-12.725923
-6.049157
-10.918276
-6.044781
-5.699764
-11.013957
-11.186505
-3.272350
-12.280116
-3.197151
-10.783711
-6.901189
-5.379447
-11.777714
-10.214859
-4.208977
-6.121806
-9.534662
-9.362275
-6.190086
-7.070036
-2.748271
-2.792269
-9.177728
0.050959
-4.664635
-8.441718
-6.471606
1.771031
-3.741222
2.349426
2.170718
-1.618255
-5.786664
2.665240
3.739268
-2.492570
-1.283157
-1.237284
