2.138775
3.021055
0.277842
5.772577
4.273660
2.043351
2.433683
1.657395
4.709530
4.563746
3.302951
4.501211
8.432301
4.990033
7.254724
7.102780
7.197447
1.570231
7.845765
2.342006
10.046139
7.926475
4.068667
9.446316
6.975617
5.399144
11.969489
7.434234
12.827350
10.549973
12.943966
4.844313
8.338873
8.343262
8.061249
4.596071
5.027331
8.713592
9.291463
9.812544
5.389412
12.383306
11.404564
13.387060
4.897972
14.235279
12.784955
11.263804
7.802277
12.684817
5.650694
10.881841
10.562148
13.968774
5.687260
11.296838
13.380868
6.255783
9.925311
13.821280
13.592113
8.092549
6.488202
13.607968
6.311884
13.000589
12.126864
7.224516
8.084407
5.128524
4.865857
8.590145
9.810943
6.181807
11.362406
9.082629
11.501770
10.689862
1.799548
3.937592
3.555356
8.367382
0.429212
1.532178
7.914509
1.776295
8.723295
0.090424
5.906980
2.378621
1.402386
2.539635
6.711601
1.893857
4.222407
-2.541865
0.209235
4.686757
-3.037252
3.179613
3.315563
2.873348
-5.681060
-1.048376
-0.529570
-5.964818
-6.815325
-1.080607
1.654953
-5.144890
-0.778455
-5.032356
-5.199094
-2.432017
-8.451216
-1.467370
-8.844008
-5.192802
-7.813099
-6.432976
-2.947713
-3.636854
-6.686825
-11.165202
-7.272853
-4.055588
-9.631554
-5.055321
-4.916070
-7.362975
-11.992103
-8.047183
-4.385666
-6.265103
-10.315246
-10.012155
-13.631653
-13.597217
-7.229446
-6.274595
-10.768198
-7.748492
-9.168385
-9.901713
-14.501049
-5.814847
-13.681078
-5.292724
-5.642905
-11.266465
-9.034191
-6.535375
-8.581435
-7.620610
-11.480510
-11.776597
-8.449532
-9.837172
-12.092556
-7.872181
-14.349233
-11.597202
-11.740774
-7.686920
-13.256066
-11.298826
-6.347449
-12.747862
-4.939950
-12.209635
-8.603806
-12.323071
-5.462675
-5.736482
-9.817366
-7.459919
-9.917115
-5.960669
-7.992670
-1.918618
-7.461058
-5.135524
-9.096546
-3.300075
-3.558388
-2.767362
-3.506339
-5.894908
0.053587
-3.427953
0.035880
-1.191322
-2.518956
-5.084209
-3.166265
-0.511042
0.003581
2.215437
3.173464
-4.727549
