-2.891988
3.397028
3.470586
3.221450
3.249836
5.340994
4.024214
1.643938
-1.521740
3.281693
2.884370
1.923409
2.962901
8.176597
-0.405566
2.966085
8.494883
0.540211
9.347979
4.198285
10.962981
2.076387
8.749276
10.457650
2.676069
9.097440
5.195369
7.987423
4.222012
8.525590
6.561905
11.333153
8.719994
11.244534
10.745843
11.248237
5.352873
5.097664
12.248264
6.377528
5.748387
9.629209
12.390584
7.373863
10.760992
14.853446
14.534647
10.692023
8.163163
14.348720
9.350615
14.450115
10.107413
12.223383
8.858554
12.928769
14.703530
4.865414
6.790652
10.708109
9.732948
13.423519
4.300622
8.633747
8.524034
9.927978
5.692115
12.601277
10.743345
4.932456
7.027733
8.378879
2.774847
7.944697
10.416525
11.717796
10.791226
3.773333
3.523517
1.676106
5.855577
6.489508
1.779414
2.298349
7.741669
3.878132
4.442657
6.926761
0.347367
3.835246
4.438495
-2.100672
-2.090016
2.378841
1.294003
2.416578
1.665751
-3.907004
-0.563742
1.432059
2.923648
-4.322084
0.497955
-4.384766
-4.448031
-4.739017
-6.666206
-0.382413
-3.523787
-0.300157
-5.241248
-1.988184
-3.199952
-3.099153
-2.361214
-3.438388
-8.743009
-8.746354
-1.007684
-1.980009
-10.897615
-3.076638
-3.389727
-3.930052
-2.203365
-6.991805
-8.830826
-3.152243
-9.489833
-12.170179
-7.979886
-6.448151
-7.332899
-5.768910
-5.485257
-12.633387
-13.226603
-13.911250
-12.532307
-9.041522
-9.869722
-9.254234
-5.240525
-9.895192
-5.923734
-10.652575
-5.166760
-11.914883
-7.208257
-7.851121
-6.875118
-12.083205
-9.113323
-10.036062
-6.558802
-5.573132
-13.199526
-12.899255
-11.304686
-14.276332
-8.054236
-12.849975
-12.023117
-12.601376
-6.764756
-11.439107
-10.745689
-13.046229
-11.793495
-3.614620
-11.469046
-7.097024
-12.049846
-7.832911
-5.142925
-6.279240
-8.575943
-3.339695
-1.794433
-6.579312
-8.518047
-7.252034
-8.014222
-9.189217
-4.600202
-7.955572
0.072113
-7.516973
-0.883178
-5.947064
0.493254
-2.972448
1.109975
2.893639
-1.644585
-0.126757
-2.464285
-4.987036
-0.608108
-3.105074
