4.129677
-1.545219
-2.749197
1.666879
5.668722
3.123550
0.406997
3.322765
5.441918
7.542616
-0.064707
4.183828
0.290772
5.625864
8.988765
2.980661
4.282527
2.879670
2.437140
8.984714
7.299917
10.420073
1.795807
11.613137
7.545878
11.127098
7.252203
11.187448
7.693149
3.846560
3.843689
9.436362
9.993331
13.421715
12.920735
13.825385
8.494127
7.055071
13.303038
12.878489
12.630025
11.540038
10.387520
12.084072
10.543230
11.697545
12.287992
14.517130
12.947378
13.497537
12.931549
13.268251
13.436990
4.992312
5.883011
9.214550
10.215264
13.355897
9.811476
9.776910
6.000826
10.442782
8.947107
6.446012
11.264290
10.793249
5.510930
3.871149
7.179896
9.001229
10.960819
11.145090
10.941189
7.473228
8.119330
5.480711
6.514301
3.651749
9.223258
3.921406
3.580397
10.033964
7.806852
0.629071
6.406537
3.295519
8.041003
7.252985
2.898229
7.973747
3.648645
6.202738
-2.244460
-1.475926
0.693254
-3.058860
-1.394992
3.101027
-3.682205
-3.286327
-5.313167
-1.360488
-3.756215
-2.226340
-4.488018
-5.275005
0.064372
-6.175460
-1.094415
-7.843865
1.231600
-1.251405
-8.521219
-4.002021
-6.672938
-5.593179
-7.191222
-6.321320
-4.984391
-0.959942
-7.782835
-10.115863
-9.219480
-9.350593
-2.793368
-4.024020
-8.408904
-11.456104
-3.044807
-10.965803
-10.122793
-9.161010
-8.680391
-9.251083
-7.126174
-10.977417
-12.099072
-6.003753
-6.221101
-11.946579
-7.726861
-11.276511
-10.097628
-10.418868
-5.881283
-12.993654
-10.761377
-5.011202
-14.821933
-8.645155
-13.387523
-9.321540
-11.910840
-12.881487
-12.196220
-6.552798
-13.674421
-13.173840
-11.307562
-6.789221
-7.451283
-14.295506
-8.083206
-7.180419
-5.855537
-11.595424
-10.134323
-13.019376
-12.993583
-11.681776
-5.315463
-11.254726
-9.568461
-10.726847
-11.584097
-11.282052
-10.719530
-2.992143
-8.588339
-7.290034
-3.409751
-1.289586
-6.219523
-6.462151
-1.386634
0.396750
0.137959
0.346299
0.220495
-3.003057
-4.480382
0.322437
-6.669234
-5.751278
-4.955915
-6.153085
-0.058991
2.889261
3.628331
2.294921
