-2.056800
2.050215
-2.533700
3.778276
6.200994
5.546222
5.478701
-0.576210
7.715246
-1.323553
4.356775
7.656063
8.453254
0.985620
7.260730
2.206947
3.927993
8.436955
9.660623
7.704830
6.663776
2.758420
6.090979
4.148620
9.651835
8.577867
8.664984
7.431515
6.557186
10.219844
12.798566
9.895243
4.560720
6.946440
3.979665
5.271404
12.780551
5.122659
8.827633
4.517481
13.308392
7.511105
12.072832
6.919430
12.152910
13.814407
8.834939
8.141805
9.188175
8.082784
7.670821
9.336096
7.290731
13.115181
11.075749
9.976852
7.758403
8.184007
6.307530
6.453778
13.203973
8.293724
9.834254
12.295585
9.361645
6.484632
4.494761
11.146542
6.451702
6.213417
11.343971
12.285189
10.280450
7.968748
5.981755
11.447415
8.138072
7.399855
3.249436
3.221195
5.947647
6.502622
6.250937
3.993513
7.307825
0.345989
5.608460
1.959433
-0.173692
3.503019
7.631369
-2.133295
-2.540816
6.859035
6.125294
-0.878229
-0.739389
-2.072342
-2.554296
-0.308153
0.850024
-1.043732
-0.648956
-0.327183
2.179923
-2.665108
0.215032
-1.794830
-7.223032
1.037073
-1.981771
-0.297375
0.495656
-2.541183
-8.117726
-1.325566
-3.374516
-0.639501
-2.055269
-6.799247
-2.019549
-5.801085
-5.955413
-10.007316
-2.323773
-6.696400
-10.981825
-7.191380
-4.879352
-7.682768
-11.027088
-9.004268
-8.880660
-11.711289
-6.979999
-9.796243
-12.144243
-13.407228
-5.633087
-13.505092
-14.233174
-13.871599
-12.727719
-10.403332
-8.676188
-5.858756
-10.362301
-12.198798
-9.324904
-12.681048
-12.041689
-14.322503
-13.349229
-7.834095
-9.851952
-13.639421
-6.855663
-11.726059
-5.466197
-7.225940
-5.898402
-7.907800
-9.789217
-11.650832
-6.639262
-11.407632
-8.975681
-12.041639
-9.306082
-11.795537
-7.257362
-5.355782
-10.125248
-5.838628
-7.217511
-10.194208
-8.479686
-9.237426
-7.548493
-7.823945
-5.941392
-6.885425
-0.222221
-0.437576
-6.178645
0.583982
-5.078834
-4.111917
-6.350913
-5.037560
1.862877
-7.285944
2.436294
-6.241861
-5.524169
2.633779
1.153430
-2.053295
-3.071953
3.822291
