-0.431514
4.365461
3.191188
4.317179
-2.997392
2.951973
-2.200562
4.538247
6.144494
5.833640
6.627505
2.149334
5.125113
8.297165
0.075740
1.317113
0.574547
2.569990
9.394262
5.742287
7.735839
5.348970
11.188526
7.679516
11.267072
2.338394
9.255640
11.623323
4.170688
10.475245
3.731160
4.664801
6.989045
7.213265
13.866492
5.815927
11.542455
13.208612
11.740867
14.470203
6.839916
14.059577
8.147872
10.232267
14.097529
5.308312
10.009422
6.259746
11.876040
6.253631
6.306960
14.682504
7.581620
6.198054
12.368784
5.717868
6.413126
13.209372
11.514436
8.866391
8.790635
9.813678
10.007815
13.815969
6.563620
7.486864
6.163980
11.555025
11.889924
12.153421
9.347967
6.540988
4.011582
10.659251
4.668433
8.374992
10.622545
4.378281
5.403095
9.049729
10.115080
7.018351
3.312569
9.804144
9.034813
1.737442
0.339443
0.260791
7.719530
0.767446
4.768964
5.974731
-2.375236
6.869886
0.794640
6.193820
0.808805
3.584795
-2.842308
4.127595
1.906217
-1.035517
-5.189083
1.057103
3.220762
1.496702
1.967413
-7.155605
0.985905
-5.827491
-6.246278
-1.329044
-6.565187
-1.950732
-0.255060
-2.788557
-0.319618
-2.246450
-6.910930
-6.998268
-6.447213
-4.969392
-11.348785
-11.691859
-3.007937
-6.874520
-3.554023
-3.586063
-10.098690
-6.713001
-10.861288
-11.568257
-7.996741
-11.978137
-10.478384
-11.469362
-9.954713
-4.416964
-13.944890
-13.456032
-5.899011
-6.815320
-9.799123
-10.014383
-12.062781
-12.692472
-6.051052
-12.320326
-8.784153
-14.360127
-9.446163
-13.711783
-11.548776
-9.717685
-14.143792
-6.865196
-10.097870
-13.495963
-9.607096
-7.476476
-13.962575
-13.281717
-9.022800
-13.176773
-13.056984
-8.173397
-5.707687
-7.815697
-4.853853
-7.927061
-7.231240
-7.761972
-8.640335
-7.589976
-7.647857
-10.594477
-6.401052
-3.116012
-3.925904
-3.774868
-1.549675
-8.684541
-6.828611
-3.236063
-2.779372
-8.922717
-6.084040
-1.467093
-0.789264
-5.697110
-7.772099
-7.170182
-4.412848
-3.498624
-1.334275
-6.107448
-4.894366
0.181845
-2.460995
2.137752
