-3.613249
-1.708597
-3.524727
-2.269878
-1.446410
1.748171
0.490406
0.614052
0.590251
4.872676
2.729822
-0.758174
7.617902
7.123424
1.200867
0.722439
3.377564
9.924246
2.407988
7.372330
4.411270
1.489411
3.860490
10.090318
10.512989
10.101584
3.487872
11.948513
6.213402
5.107167
9.281871
7.530214
6.406277
12.769680
13.390476
8.086765
10.010593
5.046402
7.232990
6.372121
11.712188
5.967665
11.890029
13.677920
14.318518
6.802443
5.545133
14.806310
8.184130
11.912063
7.114024
6.008023
4.964201
14.238487
8.155925
7.968477
10.236222
7.553268
9.770721
5.169020
10.029045
5.221092
4.523356
9.878260
6.894036
9.509494
7.294695
4.398456
5.336773
5.976144
6.898546
5.758221
8.232029
8.712325
5.421625
6.980619
2.859500
9.202604
8.265283
9.292212
7.682824
5.754300
0.942116
1.643404
6.936007
0.618682
7.539310
4.897213
3.048049
1.643949
3.772466
2.301550
3.907802
0.802277
4.984301
-0.436635
-3.057474
1.067907
3.834106
-0.399355
-2.821501
-3.967539
-2.374931
3.097202
-2.687310
1.029387
2.705758
-5.177574
-1.015566
-0.079033
-6.614965
-5.641203
-0.847326
-3.320353
-8.042150
-9.374574
-7.569724
-4.678069
-3.506560
-3.379060
-4.215220
-8.655204
-8.727296
-3.176019
-9.149995
-8.411161
-7.461258
-10.476320
-8.090848
-6.550263
-3.691740
-6.272352
-4.478678
-10.756255
-5.055898
-5.999632
-8.915742
-9.672524
-11.657247
-7.275198
-12.974622
-12.971038
-6.662766
-9.947692
-6.464552
-13.260536
-11.897219
-8.859452
-13.881630
-13.142769
-6.158426
-8.545963
-11.980785
-11.130221
-13.782783
-14.228412
-8.071414
-12.024279
-13.516471
-10.331378
-5.628383
-5.115366
-6.666320
-10.496175
-4.416592
-10.404075
-3.650669
-7.070055
-6.624608
-10.792101
-11.499175
-12.610525
-10.469368
-8.503669
-7.069842
-5.690232
-4.120434
-6.228813
-7.869022
-0.977080
-3.196046
-2.646404
-8.106693
-0.121414
-9.389088
-4.651707
0.187709
-0.564183
-7.844673
-0.613924
-5.911982
-3.325540
-5.986403
-2.857786
3.286255
-0.607727
-5.258469
4.359153
-0.056009
-1.384990
