-2.698182
2.717431
-0.675994
2.972311
-2.753224
3.385101
-2.258568
-0.727011
2.850904
1.804286
1.151528
4.012496
8.027193
8.488961
6.211588
5.345568
7.976735
8.884191
6.325067
6.875212
1.447141
4.171237
6.841898
6.075750
6.334813
5.499586
10.637367
11.498337
10.463920
4.059998
10.515875
12.120120
4.761775
10.311132
9.559325
4.353031
13.731217
11.655143
7.098174
5.130877
12.808705
8.838950
10.275013
11.724248
11.564375
8.638205
11.285086
13.559257
7.165874
7.462179
10.064088
9.332166
10.696402
13.650192
12.004174
10.041627
10.868188
6.739360
9.868777
5.033449
12.724586
7.219648
6.234414
8.627155
4.354411
13.322631
9.745468
6.679073
8.984818
11.250970
11.343158
10.203086
7.725880
5.507855
10.029310
6.654522
4.523420
8.088475
1.945351
6.307247
2.803099
4.920005
4.762510
2.364628
9.045591
-0.469237
2.697863
0.291602
1.812515
7.981709
1.203192
2.749802
2.365254
5.503289
4.550255
5.790070
-2.734340
-1.369914
-1.979083
-4.454535
-2.582216
-2.804990
3.298459
0.897170
0.975138
1.006935
-1.005517
-3.236702
-6.628824
-2.603606
-4.171439
-8.028939
0.743097
-3.231694
-7.732562
-4.938119
-6.663689
-7.410475
-2.929721
-4.881748
-6.132981
-10.026274
-11.387137
-3.779855
-5.074524
-2.723315
-7.868097
-9.196763
-7.060050
-11.009191
-3.905553
-9.637749
-5.843776
-9.511287
-6.239342
-13.638762
-10.427668
-11.738419
-8.104757
-13.035563
-9.931460
-6.648907
-4.868786
-7.189402
-13.782967
-14.443201
-7.150791
-12.902624
-10.372697
-7.335176
-9.163575
-13.395085
-8.404765
-12.113092
-6.760618
-13.179821
-13.766412
-8.421281
-13.198085
-6.611062
-6.307428
-12.412346
-9.880724
-8.603186
-6.830780
-11.775953
-8.233867
-12.270146
-11.275758
-6.191520
-7.511017
-10.077784
-6.526446
-11.841178
-11.436008
-6.503785
-8.935526
-8.987199
-9.912361
-10.312595
-10.131861
-3.756872
-6.823115
-3.660431
-5.310091
-2.271303
-7.779034
-1.880827
-5.989498
-6.229531
0.625410
-0.862046
1.366789
-4.731071
0.640934
-5.626425
-5.600520
-2.157441
-4.830529
4.405136
