-1.560841
-0.934968
1.883633
5.761861
0.924346
5.254091
-1.166021
1.997645
5.984257
1.346356
-0.910597
2.433062
7.312058
6.567498
-0.205912
3.821061
5.509643
4.691180
6.352655
3.914952
1.950846
7.922826
6.102661
7.249055
6.626907
5.361927
3.777795
10.781790
12.879190
7.379916
9.790762
10.254347
12.750173
13.449630
6.314344
6.890169
7.368361
12.064840
4.776765
12.667233
5.359385
6.998986
11.853672
6.003689
14.670639
8.776620
5.531576
14.070324
10.517993
11.307823
10.759235
7.322223
10.681153
6.578386
10.651506
8.879421
12.930758
9.430014
5.543883
8.326412
10.498467
8.781516
8.836810
4.820402
6.276762
4.511909
6.673517
9.570634
3.744580
6.064695
7.381547
2.793536
7.654067
4.482657
2.477559
8.727211
5.603907
9.474870
6.629671
5.331531
4.881966
7.590252
6.117717
1.414052
6.378857
0.798679
0.987645
-0.881554
8.167038
-1.497635
4.945348
7.215506
-0.229925
2.787853
1.598411
2.803855
-3.774777
1.706072
4.674902
4.661325
-5.254627
-2.291559
-4.842552
-0.406054
-5.166730
2.499322
0.826640
-7.159982
0.928876
-5.161375
-4.667749
0.148966
-4.904175
-2.983635
-7.768587
-7.782850
-6.751587
-10.123220
-5.461291
-5.838499
-1.728440
-10.106832
-9.060449
-10.248528
-4.889690
-4.435544
-3.052298
-5.205326
-8.754175
-4.872148
-6.357053
-8.467891
-12.920672
-10.938470
-5.294258
-4.220518
-4.408681
-13.957426
-8.410436
-7.646732
-8.419499
-9.504468
-9.712997
-4.926528
-11.695640
-14.163272
-11.064147
-10.483105
-7.286562
-14.264013
-11.857333
-13.291588
-8.979538
-5.093517
-13.697978
-5.583305
-6.062566
-8.528606
-5.136570
-5.634871
-10.246366
-14.140288
-6.197113
-13.475292
-11.917034
-7.614498
-9.311482
-7.298237
-13.166462
-11.629195
-3.372198
-10.186573
-7.654333
-11.459833
-11.970774
-10.522367
-3.912535
-7.073084
-7.013720
-9.687350
-7.411275
-7.985785
-4.830408
-9.173268
-3.235367
-4.976257
0.358281
-3.619769
-6.113852
-0.257545
-3.227672
-3.277615
-4.780128
1.660775
-3.414399
-1.773077
-5.646030
-1.443350
-2.081146
4.060151
