-2.372249
0.586273
0.173333
5.030684
0.991396
-2.969341
-1.432877
4.260138
1.834616
6.609845
7.693200
2.346617
5.249909
6.516423
3.377912
3.853440
0.445577
2.190080
0.932591
10.040806
5.073225
5.783215
9.638889
5.549684
5.325057
10.475464
6.058598
7.850526
4.917904
8.667871
9.559133
4.708276
11.681814
5.501743
8.178411
9.728594
6.357562
5.125767
13.421617
9.586197
12.569343
10.091604
11.440327
10.942954
11.063210
9.183076
11.732072
11.799483
11.354728
8.036414
10.667262
10.073489
6.651724
5.665073
6.450764
8.202710
10.708784
14.254160
13.088675
13.435039
5.753316
7.472417
10.940409
5.691400
11.686582
9.351391
6.162269
12.008231
5.302713
11.624997
9.711860
12.513123
11.115194
9.186634
3.217040
3.964301
10.447952
10.205122
2.233991
2.160599
2.116742
6.345774
3.920460
5.587598
3.006495
2.845326
1.167593
-0.091927
5.116603
5.008284
3.926068
2.372277
5.039723
-2.950858
3.550118
5.550685
-3.151753
-0.835578
3.780704
-3.450166
2.378736
-2.403902
-4.795481
-2.184812
-6.224279
-2.673559
-0.910277
-0.794671
0.796245
-2.375263
-0.793529
-6.512034
-2.304916
-8.718072
-3.576264
-7.788335
-0.944490
-3.203209
-7.373619
-6.353474
-5.972640
-3.957303
-7.708061
-5.135785
-11.133785
-9.336943
-9.901758
-7.904279
-6.781628
-3.590038
-4.367908
-10.457879
-10.097009
-10.682094
-8.539462
-5.007403
-7.668529
-14.185399
-6.035863
-14.109858
-14.436204
-11.623331
-14.243664
-9.952259
-7.284360
-13.718050
-13.186632
-13.096621
-12.586815
-13.165092
-9.398893
-11.390250
-8.436553
-11.325370
-5.304457
-12.871443
-10.743977
-14.172309
-12.280236
-6.211229
-12.477103
-4.410987
-5.138025
-10.381959
-5.250397
-11.125577
-10.142648
-5.525550
-7.368924
-7.987259
-11.830704
-6.384534
-6.873305
-8.199529
-5.272982
-8.403144
-1.799687
-9.255153
-4.057088
-2.212006
-10.075691
-2.027910
-2.160309
-8.321412
-1.324294
-5.442982
-2.484388
-2.054330
-2.641810
-7.736136
-4.750887
-6.819401
-6.739433
0.938985
-5.315347
-1.946306
1.819563
0.678935
1.148461
-3.999631
