-2.932622
3.967539
4.118576
-3.418330
4.572211
-3.076519
1.091699
6.329888
3.881796
1.077781
7.885668
1.351209
4.658716
3.403482
7.051606
4.676477
0.344983
6.675277
8.217236
2.490453
6.714131
1.758581
11.590897
6.603451
6.775291
5.722902
9.851117
6.773421
12.128884
4.823362
7.918540
6.322548
8.365346
13.568739
10.305357
11.701657
13.049540
7.942787
13.690038
12.005516
7.529599
14.606262
11.444919
8.806621
8.082270
8.753993
7.676654
13.922980
10.219759
11.013741
7.595775
12.445826
6.577090
11.375730
12.799431
5.865583
4.770455
5.658463
10.382272
12.109845
13.324401
8.151960
12.085666
5.539823
6.538671
12.796257
10.994659
11.178738
4.047827
7.034040
11.088246
8.193770
6.583650
4.933118
3.029193
11.749205
3.472541
1.649026
1.219745
6.022290
2.508424
4.192387
0.728402
-0.051432
5.039159
-0.511284
8.134712
2.604587
4.844891
4.144416
5.027708
0.831921
2.184363
1.996635
-1.073225
-1.165343
-1.803210
4.528083
1.235621
-4.914557
3.825717
-1.412175
-0.930964
-5.431917
1.370863
0.189147
-0.834842
-1.490312
-2.076946
-5.252591
-5.711618
-1.581814
-7.303925
-7.150542
-3.818648
-4.197323
-0.842504
-7.728793
-5.097168
-10.518097
-8.578783
-7.689530
-2.381812
-10.728533
-5.912622
-8.552330
-11.624777
-11.587197
-6.463639
-7.591526
-12.894125
-11.628328
-6.351900
-8.721667
-13.430172
-11.770809
-5.149481
-10.653897
-14.148810
-11.945106
-6.996083
-8.911140
-10.332121
-9.767900
-13.359761
-6.040566
-6.440812
-10.808673
-9.130552
-10.080013
-10.224938
-11.541507
-13.380298
-8.903357
-7.335854
-11.085476
-8.394321
-7.065128
-10.639806
-9.113423
-9.279839
-10.996890
-13.515919
-13.125426
-13.275786
-10.440653
-5.361178
-5.380065
-7.332797
-11.886094
-12.611117
-4.152460
-7.395378
-9.782445
-10.981734
-5.798276
-8.497193
-9.182355
-6.578567
-8.474312
-2.113307
-1.619042
-5.062203
-4.443767
-8.310465
-4.685058
-0.356675
-5.830587
-3.935018
-4.562933
-3.482813
0.467076
-4.041597
-0.626320
-3.769055
-3.453332
2.904280
4.101591
1.820531
4.441141
