3.426503
2.148723
-2.971773
4.010099
0.056103
6.561106
2.912814
5.183588
2.690796
3.600187
1.194427
0.714454
8.715187
6.629403
5.611558
8.005249
2.940175
6.635190
2.288019
10.359880
2.638381
1.822525
2.303818
2.415645
6.514458
4.083421
6.282034
10.356871
10.724218
11.196918
12.453259
10.724259
6.046226
9.372780
10.339901
6.331021
8.742353
11.888286
7.459015
12.389072
12.876454
12.764570
6.321594
6.024823
14.838382
13.967788
6.136715
13.522339
7.157418
13.421140
13.923851
8.917568
14.775508
5.585114
5.960923
8.505973
13.686522
14.562536
5.520462
7.930566
14.091005
5.345747
9.356784
4.598337
13.561145
9.875537
6.124491
4.076664
8.236878
5.737249
12.417026
5.747681
7.773944
10.522068
4.571034
7.971910
7.609137
8.337093
10.592369
3.050093
2.597909
5.466060
5.437611
7.081532
1.794316
2.668044
-1.007346
3.852422
6.942539
4.877137
4.569862
2.431229
4.991582
0.530054
0.812872
4.169265
4.987959
1.708833
0.997746
2.107578
1.007530
2.188252
0.541320
-0.777212
1.241572
-4.345846
-4.344474
-1.991331
-6.479635
-5.016275
-6.162330
-2.838287
-6.035740
-5.380137
-2.214092
-9.448613
-0.957188
-9.818325
-3.276081
-8.828832
-8.838504
-5.987441
-1.729930
-6.193359
-5.300106
-5.820137
-10.084531
-5.182440
-12.750553
-6.163388
-6.536273
-3.745869
-4.792691
-8.264502
-10.761432
-10.875327
-5.438906
-8.855545
-5.352549
-12.960657
-10.602556
-9.476300
-6.441604
-5.174196
-10.450051
-7.097363
-12.231967
-8.641286
-10.713147
-14.424793
-6.938534
-8.287070
-13.535098
-7.722177
-6.922613
-6.864601
-9.682568
-6.486290
-11.369285
-9.942404
-6.814342
-11.731435
-11.516087
-13.130579
-11.680863
-8.862688
-9.933145
-8.019601
-9.315990
-9.412820
-10.756088
-7.939325
-6.641176
-9.258939
-9.221833
-6.026138
-8.157172
-3.229755
-9.476486
-2.853349
-6.060234
-7.963698
-4.047726
-3.081139
-9.496489
-7.177946
-0.286986
0.153363
1.029282
1.610559
-6.284619
2.376723
2.784013
-1.426786
0.623149
2.242509
-4.813239
-1.444109
-5.167577
2.682659
