1.331631
-2.160742
1.826161
0.832633
-3.248675
-0.788483
4.066582
5.400100
4.170904
-1.015884
8.104073
4.935915
7.165446
4.114043
9.531814
8.090073
2.108331
7.397586
8.008072
8.278067
8.489826
6.433562
5.314667
9.606127
9.752147
7.193756
10.017076
11.461879
8.748767
11.296006
4.580118
6.465796
5.725747
13.040002
7.450540
12.428030
10.293387
7.043126
10.713653
12.429330
6.212742
10.669191
4.900637
6.293369
10.310060
8.440247
9.584935
13.928035
10.590803
11.128244
13.952982
5.365359
9.936548
7.808129
11.670358
8.817380
9.033295
12.511444
9.812371
9.075569
12.844420
5.334334
7.952194
7.764349
10.225457
6.200479
3.870792
9.615165
5.627230
6.645635
11.810160
11.691484
5.518670
2.732476
6.685054
8.722423
9.331007
2.819669
2.842563
10.482667
2.072035
2.216406
2.670706
1.948681
8.060559
7.454877
6.661721
8.080941
4.480730
-1.891290
-1.701831
3.780315
-0.776626
3.572453
-1.337031
-0.042329
3.613586
-1.961313
1.330682
4.244819
-2.816545
3.843487
-4.351157
-2.835079
-4.433257
-1.568858
-6.783169
-7.254756
-2.527320
-7.806006
-1.328917
-6.654367
-2.270280
-7.063832
-5.399654
-7.886529
-9.810085
-4.915848
-3.879184
-1.705166
-4.633438
-9.888305
-8.422231
-7.616148
-11.500910
-8.648035
-11.008491
-9.294279
-7.908853
-9.327139
-12.188341
-12.460618
-13.260335
-5.549743
-5.198601
-9.300554
-11.750885
-11.881760
-13.429829
-12.321779
-6.803232
-9.863910
-10.289899
-14.443038
-9.066556
-5.912236
-10.130941
-13.517438
-12.072923
-12.864174
-6.860985
-13.082730
-8.162768
-12.563217
-6.259003
-6.921535
-11.975001
-6.109474
-13.627254
-12.789532
-5.060987
-12.844230
-11.642327
-9.711814
-9.653654
-7.836869
-11.749432
-12.644892
-6.249670
-6.983896
-10.907817
-3.410796
-11.260894
-8.939297
-7.187661
-5.022357
-4.303264
-7.377124
-5.396794
-9.031499
-2.346685
-6.904633
-0.202024
-4.332029
-5.630455
-5.681494
0.950853
-3.407751
-1.578405
-2.943205
-2.131974
-5.895409
1.829625
-2.102845
-4.328598
-4.369468
-4.447291
2.090827
-1.238942
-4.712165
