1.913411
-0.301023
-1.283548
3.245506
-3.246792
6.428562
0.527095
7.286968
7.664969
1.450594
4.469296
4.581190
1.127234
1.307492
0.019195
6.467339
6.005920
7.682012
1.624391
9.438401
5.904911
9.374831
5.770825
2.270288
6.480715
9.773252
3.629088
3.892191
11.743963
8.595000
7.119465
7.124730
4.847821
13.243538
13.853302
10.448630
8.347667
6.342811
8.626767
12.323235
5.690218
6.486618
12.569615
6.471675
13.829305
9.419583
8.278036
12.961903
14.777268
13.211308
10.307855
10.271643
12.766050
13.833968
12.291900
9.408394
11.310392
9.175614
8.700579
9.611344
7.270398
13.595814
8.516965
12.161468
11.049282
8.924429
6.078142
10.739379
3.963466
3.676877
11.034646
12.627088
2.897047
7.306246
10.221687
11.116948
7.428768
2.647046
5.655070
4.750150
7.868770
8.887120
0.914070
-0.110770
2.425266
8.502242
7.815579
0.696966
-1.607222
5.803000
0.443337
2.216903
1.935913
0.065119
-1.977570
-2.988376
0.713368
-0.003699
1.758832
-0.821456
-0.054396
2.368048
-3.338295
-3.798424
-1.794044
-3.213992
2.744396
1.627583
-1.968397
-3.435678
-3.816573
0.076002
-2.236069
-7.820157
-1.807182
-8.165695
-2.570542
-3.824978
-3.927263
-8.049180
-1.610833
-2.517680
-3.460130
-9.142639
-9.672667
-12.132181
-4.543929
-12.080835
-2.987770
-12.668540
-4.593292
-13.294896
-3.903105
-4.170941
-6.616805
-8.423912
-5.251215
-12.526334
-6.927714
-14.044604
-12.470424
-8.312017
-13.670067
-9.707911
-5.689817
-13.869601
-7.671575
-6.845364
-10.700107
-9.513796
-9.299303
-7.925829
-11.056778
-6.034900
-10.761127
-9.503975
-6.823155
-11.554924
-6.894421
-12.603225
-9.859169
-13.620225
-8.992121
-12.675482
-10.430338
-6.890238
-11.107935
-6.232897
-7.291410
-5.219830
-12.899628
-10.040319
-4.892946
-2.640627
-4.536673
-11.280453
-9.126896
-9.537278
-6.107028
-7.197803
-8.663067
-6.642651
-0.896782
-9.331998
-8.548222
-7.878141
-5.224428
-5.849667
-5.706664
-1.613041
-1.213856
-5.306779
-3.865525
-2.198069
-5.324532
3.611234
-4.602194
-1.248482
3.402074
-3.418009
