-3.677638
-2.117959
3.042089
-1.657599
2.655789
-3.013354
2.698462
-0.779254
-0.035666
2.318216
3.971378
7.502489
8.790623
7.236590
5.531866
2.265034
4.832917
5.132195
9.772485
1.458862
10.719116
6.574555
9.080467
5.514498
2.311278
10.250559
8.729890
7.334309
6.608464
9.099468
9.534296
11.077544
10.105454
10.544453
3.970418
12.913800
9.435853
13.851315
13.392281
10.939560
9.065630
11.455916
12.940209
5.996094
12.319645
10.418194
8.758169
7.338801
5.148519
9.960691
6.762579
11.900867
9.145427
8.453035
8.492682
5.439645
7.231430
9.201084
5.187020
9.631355
10.267356
9.307075
9.469157
5.799852
11.781350
5.647458
3.920244
4.217471
10.989894
11.620932
8.573103
11.684864
6.607639
6.315369
8.511275
2.177627
7.189322
1.637243
2.335373
7.006779
8.078675
9.166656
4.079312
1.939991
8.962881
3.181607
7.475218
7.229679
6.559603
6.371034
5.998839
0.680185
0.432736
6.553972
5.184952
3.368149
0.390109
-3.114511
2.782743
-1.171910
-3.810148
-3.117604
-1.214573
-2.993557
-6.207282
-0.786087
-3.097398
-4.615282
-7.541267
0.534906
-3.018646
-4.725111
-1.975882
-7.131365
-1.845916
-5.402059
-2.992815
-5.877188
-9.889280
-9.823537
-3.096981
-7.124187
-4.515090
-2.086885
-8.559222
-5.139497
-6.945615
-6.169971
-11.661487
-6.620996
-4.586464
-12.754796
-5.819040
-13.729231
-6.687311
-5.581571
-7.805718
-10.985971
-9.789582
-8.316697
-8.951223
-10.775526
-6.301287
-8.157812
-6.241870
-10.668690
-14.686401
-8.782757
-5.695380
-7.898900
-12.960837
-8.861427
-9.840577
-6.628359
-5.078109
-8.301160
-10.431107
-6.012356
-10.947207
-12.094930
-8.413449
-6.572742
-12.522761
-13.397615
-5.104348
-3.804024
-4.356010
-8.563171
-7.526132
-11.997479
-6.559852
-3.582379
-4.041779
-11.772449
-4.072053
-3.562316
-4.203819
-9.086934
-7.447975
-2.205782
-1.289113
-8.501561
-1.035368
-9.503468
-3.021554
-8.889320
-6.120041
-2.439300
-7.751088
1.302007
-0.100440
1.148898
0.928917
-4.064163
0.316709
-3.437230
-3.245627
-3.296295
3.828693
1.827422
