2.148862
1.351844
3.894708
-3.662031
1.408004
3.508192
1.861028
-0.824169
4.563022
3.212733
1.947900
4.860969
7.100239
1.982244
5.277055
1.183680
7.892362
0.834839
6.656974
6.594193
2.401485
4.555917
7.234251
6.465465
10.301862
3.236936
5.882284
9.918327
4.691516
8.629636
11.728497
3.714735
13.143802
9.025021
6.477241
11.647278
7.612126
10.851597
9.854655
10.638550
5.923648
5.038150
8.502301
8.505248
10.200295
5.703842
8.557207
13.075974
6.623351
8.810507
11.015261
12.896019
5.474357
9.990280
10.205966
13.604391
7.108417
6.029614
8.163953
9.025028
9.752177
8.395261
13.817783
11.741202
8.843739
11.370909
10.527815
12.189996
3.503233
10.679735
3.186022
6.349388
10.319987
10.195681
10.313464
8.916166
9.457538
7.499080
7.655200
9.782000
8.072991
5.948067
3.192088
1.687893
0.905781
2.813178
4.018711
7.519670
-0.896480
2.929126
-1.431809
6.147902
2.344610
0.367786
-3.051677
3.721577
-1.631080
-4.029894
4.942008
-0.891081
-4.980576
1.819530
3.775694
-4.117653
-2.686713
0.150078
0.849362
1.620562
-0.237100
-6.633560
-3.336958
0.714774
-6.846424
-2.736020
-0.013707
-8.163666
-5.283916
-1.888408
-2.838168
-6.742952
-4.540564
-1.700034
-6.382818
-10.456319
-9.980881
-3.074604
-9.705174
-8.987152
-10.453530
-12.551661
-6.267646
-7.149261
-11.586037
-10.317961
-6.183389
-4.702093
-4.457576
-12.821170
-9.987668
-8.258815
-10.563977
-7.296373
-8.331068
-7.467320
-13.466525
-10.811912
-5.845724
-11.450595
-6.418287
-9.422290
-6.214747
-10.138010
-13.145858
-14.920983
-14.174350
-9.998983
-10.445416
-12.668797
-5.492881
-10.147218
-4.959856
-9.757285
-6.882310
-8.498047
-5.706912
-10.785831
-8.362143
-9.571142
-6.901632
-3.617862
-10.921738
-7.045864
-9.355496
-5.325414
-3.814688
-8.783820
-11.486925
-7.425451
-5.927283
-6.953699
-3.851246
-3.456445
-4.079907
-6.602928
-8.532100
-8.571534
-3.583329
-7.705840
-4.028298
0.216370
0.631779
0.699899
2.491825
-3.729488
-1.642077
3.081863
1.531374
-3.812127
-2.659091
3.994506
