-2.066376
3.911927
2.086105
4.651785
1.281474
5.060468
1.140005
0.485507
-1.704147
2.896588
-1.302562
4.126936
4.742268
8.978681
8.606530
4.789600
7.581002
0.701502
3.152994
1.495511
10.899322
10.276446
5.095576
11.105504
4.297521
6.975348
8.852189
7.686964
5.259087
4.259548
5.441381
10.347193
5.460925
11.050968
11.920206
9.464850
6.678221
10.509530
5.920759
14.074996
6.065080
6.058054
6.661879
13.779007
11.230505
11.784183
5.820650
7.757570
11.355197
10.785275
11.819377
14.301693
11.742127
7.197000
7.769619
6.189785
13.662396
13.386668
14.395678
6.837654
9.708354
8.038308
4.356286
10.914279
10.709759
11.375865
9.570367
11.202556
11.226567
5.841276
11.093744
5.658008
4.704500
7.234853
8.403367
3.662564
3.263069
10.904986
10.558982
3.330578
1.054047
8.599898
0.867362
4.579677
1.258025
8.573213
1.973301
1.664763
0.858929
3.135558
0.392981
-0.777427
-2.320477
0.052645
2.997359
1.818752
2.262428
4.500749
2.805243
1.724207
-1.486916
1.999654
-2.316920
-3.521597
-0.104753
-2.720370
-5.502800
-5.269500
1.788266
0.456935
-5.037489
-3.849725
-0.711207
0.343761
-5.238510
-5.712659
-3.843489
-6.788754
-2.940363
-8.798994
-7.546298
-6.025458
-9.625030
-11.195697
-7.001915
-9.216555
-5.870465
-7.607899
-5.064267
-8.518739
-5.136462
-6.705806
-5.369422
-4.318638
-12.233790
-10.656164
-7.980629
-6.847978
-13.106813
-4.548785
-4.633014
-7.274204
-13.985931
-8.378208
-4.887398
-13.562423
-14.585021
-9.662078
-5.251365
-13.589108
-8.680335
-9.990898
-8.123029
-10.510262
-6.108760
-6.902064
-7.328779
-8.938757
-11.594913
-9.705491
-8.075065
-9.139038
-7.447778
-11.978164
-11.111961
-8.698679
-7.226770
-13.136072
-7.573204
-8.461634
-6.166927
-6.894722
-8.990839
-6.962096
-7.480506
-6.575861
-9.096673
-10.393279
-7.751916
-4.492481
-7.139057
-10.226410
-5.839565
-7.434095
-7.216348
-4.465968
0.483531
-4.285387
-4.617338
-5.709451
-5.918724
-1.236340
-0.408226
-2.910610
-2.152975
2.399413
-0.839871
1.507643
-3.905514
-0.427607
