2.872332
5.036472
-1.127978
-1.757733
4.011697
-1.625571
5.189732
7.016479
-2.093778
6.689144
5.356513
1.922492
7.957034
-0.666202
0.306278
4.012442
6.509615
4.757968
9.771323
7.134440
3.067856
9.965280
6.667330
4.430097
7.045443
12.254343
11.338748
9.384099
11.446049
8.449720
3.814100
4.809966
3.778700
10.480883
9.424908
9.086298
10.191698
13.389917
6.166812
12.700734
9.945812
14.033649
5.996603
12.170278
5.574780
10.846251
10.334990
10.835069
7.748365
6.437250
12.055182
6.258579
7.696135
6.187102
14.572592
12.157024
5.269938
10.740337
5.538342
5.481451
6.906190
12.853430
9.451594
7.320833
10.932914
7.161873
7.250367
6.950827
12.229440
6.469552
5.750007
7.316569
11.683138
11.119932
7.316406
11.170562
8.842616
6.429848
8.239737
2.994455
0.689886
6.935120
5.728659
2.096545
0.194495
3.039073
0.560842
3.672780
-0.373983
6.108695
0.392832
1.169348
1.092127
5.042402
1.319464
1.219477
-2.513576
4.397799
4.874840
0.882897
1.068499
-4.787131
-3.872486
2.774012
2.730323
1.026924
0.239766
-5.056626
-3.674900
-7.817981
-0.641220
-0.272084
-4.287576
-4.333643
-9.147026
0.010434
-0.697141
-0.740124
-5.670794
-9.666631
-1.478835
-2.665425
-10.138075
-5.120476
-9.708349
-9.257893
-4.231516
-9.218644
-5.419453
-11.313871
-7.639121
-12.255768
-7.844221
-10.970926
-7.116505
-4.580104
-13.432018
-9.167025
-11.528605
-12.195548
-6.695561
-8.165250
-13.605007
-12.371723
-9.080676
-9.356478
-12.912445
-12.661058
-6.273199
-5.887434
-11.464241
-10.234621
-8.293123
-6.534589
-7.137495
-6.071723
-12.445755
-10.344115
-13.320326
-10.756345
-8.803730
-11.602241
-5.006231
-12.692826
-6.273417
-12.392299
-5.455771
-10.523822
-9.292632
-5.761509
-11.658566
-6.090669
-11.368877
-6.984843
-8.547308
-7.850823
-9.853846
-7.789713
-10.686174
-3.805133
-7.189625
-5.008448
-9.169999
-0.506209
-1.350916
-8.913618
-5.462611
-4.823396
-3.116168
1.760027
-1.326331
-4.006527
0.305564
2.715588
-4.809453
0.816982
2.773980
2.439613
-0.963354
1.510795
