-2.657639
2.080069
-0.875303
2.579978
-3.379510
-1.779941
1.311581
5.086031
-0.300500
-0.829919
5.053517
4.051032
-0.377510
3.335304
7.979368
6.683391
5.820964
5.392902
6.868774
8.402733
3.206812
8.870819
1.802120
3.022909
3.324690
8.199390
12.063936
10.083514
9.721045
4.933086
3.670317
9.627933
6.113379
4.812211
7.489207
6.583440
6.682742
8.969207
8.041425
9.418698
10.628337
5.567448
8.338361
10.879982
8.749183
9.234414
12.989093
14.646991
14.044483
14.037058
7.009876
6.855622
5.694079
13.549703
5.402971
8.374630
11.920612
4.747631
7.670909
8.328081
8.416083
12.419094
10.531132
7.111209
7.390371
7.118907
4.775325
6.336676
8.504090
8.341066
7.208679
6.534485
9.080266
12.072459
7.097239
2.722092
7.392971
5.061855
3.127801
9.572822
2.455611
6.491248
4.745759
2.080627
6.581491
8.100670
5.815257
7.435264
4.624157
7.792132
1.212543
-2.222975
1.363958
4.568937
-2.322360
-2.742113
-0.728381
1.523469
3.671866
1.750092
0.990386
2.323951
2.319141
-6.184396
-1.657990
-1.861769
0.018564
-6.776837
-0.416524
1.434279
-4.306936
-0.104049
-5.204236
-3.540472
-3.470809
-9.101914
-7.339609
-5.164617
-2.285000
-8.113746
-10.174594
-4.859961
-6.684266
-9.250641
-10.421887
-4.521206
-2.600175
-3.429104
-12.065884
-3.319240
-11.966996
-13.367452
-3.778824
-7.605199
-5.311112
-6.241515
-8.757282
-6.163656
-9.362365
-7.379871
-7.111289
-13.348230
-7.511313
-11.789980
-8.346370
-6.702187
-10.837776
-14.622142
-14.308483
-9.705756
-5.907979
-7.933985
-6.732765
-6.978439
-11.160689
-6.813649
-14.329548
-10.177724
-6.911703
-11.392455
-10.619299
-12.741013
-7.130773
-11.470608
-5.350652
-10.119994
-6.155680
-4.337655
-6.112381
-8.560530
-9.591151
-8.926636
-8.975910
-4.801490
-11.088745
-5.928967
-4.769931
-1.403196
-9.763081
-10.107871
-1.352347
-6.259888
-5.988837
-3.325096
-8.859164
-5.928623
-6.054070
-6.405452
-2.384947
-0.592534
-5.291555
-5.164958
-1.553229
-5.382131
-3.651184
2.311735
2.650689
-0.546185
2.788155
1.754940
