-1.340895
1.818873
-0.185156
1.488692
-0.651313
2.221055
6.605024
-1.260039
6.236909
-0.920392
3.438074
7.254534
4.571639
0.423291
5.670757
7.862571
2.138746
2.066553
9.065631
3.746154
7.397945
5.759537
2.068531
11.073517
3.882903
3.093900
5.571057
4.794822
12.599869
12.786744
8.747294
7.860622
12.066038
13.360340
10.458115
13.036629
9.723829
12.524584
6.520349
4.566754
4.620296
5.397282
5.591792
4.893739
5.469712
6.566706
7.710933
5.671989
9.681003
13.528467
5.633558
12.813393
12.722910
6.908462
5.678337
14.435647
7.945169
7.760824
6.262488
10.221996
6.746014
8.564943
12.927521
13.488109
8.713006
13.381201
10.691532
11.084495
8.833481
8.610859
11.886581
4.597499
10.219104
4.600564
3.115511
10.870450
8.183964
8.517435
10.300696
7.076366
7.073658
6.936271
8.692099
5.350087
0.947182
8.831668
3.288101
7.125954
7.574341
6.919192
-1.766480
6.919298
2.944562
4.031686
6.460108
5.518124
3.533029
-3.643994
0.941957
3.957221
3.010861
1.585412
-3.806537
2.670399
-2.231751
-4.155219
-1.824474
-4.294976
-3.247946
-2.059320
-7.572180
-4.894225
-6.043528
0.371710
-3.880095
-0.915226
-6.199526
-2.914131
-3.979925
-7.706164
-4.953571
-4.963804
-3.878842
-11.305221
-11.698117
-9.679441
-9.177023
-12.222418
-4.372552
-11.924258
-13.043854
-12.573669
-9.071354
-5.729614
-12.800345
-5.277467
-13.887306
-8.869423
-8.120363
-10.709235
-6.817405
-11.935468
-13.502858
-11.395226
-8.251628
-13.272254
-12.257912
-9.769053
-11.183107
-12.312760
-5.771085
-13.937568
-13.610503
-11.877762
-6.326892
-9.777174
-9.969058
-8.659905
-13.836538
-4.810293
-11.880391
-4.683722
-8.495151
-5.317481
-13.357056
-9.913191
-13.124062
-6.857732
-9.140463
-11.181951
-8.556260
-4.267938
-9.791942
-2.477979
-10.350753
-11.836468
-6.290068
-10.692035
-8.717260
-8.558781
-0.992585
-3.576276
-5.065950
-3.433232
-1.583429
-3.786722
-5.216768
-8.202118
-4.051596
-1.949242
-2.966859
-2.819900
-5.728628
-1.690370
-2.388681
0.694643
-5.675453
-4.420324
1.299049
4.774064
