1.466256
1.731992
0.311592
5.629026
0.255183
2.008027
-1.745572
5.346446
4.748123
7.513065
6.109495
8.577795
5.831265
5.846636
6.281181
9.462961
6.464151
0.841062
9.474915
9.157576
7.755756
7.028469
3.256374
8.236344
4.938691
10.855460
3.680705
6.394785
3.106832
4.726488
6.814989
11.454787
6.220704
12.145590
10.040010
13.829967
12.135951
6.658765
7.005269
11.464457
6.894229
13.678672
12.212538
5.801803
10.330216
10.705336
6.543734
7.243725
10.096594
7.682680
8.602253
8.002096
8.566409
8.739322
5.661560
14.798034
14.153062
9.258527
12.811732
13.289872
7.778328
9.183321
7.308505
4.235317
9.709645
8.428411
10.312294
11.007488
11.195131
12.232919
8.313032
4.007114
3.751552
4.900317
2.260750
8.445425
2.688061
11.002535
2.575378
9.015866
5.525028
6.327418
5.590336
6.058480
1.334246
-0.368675
0.583117
7.929868
6.367338
-1.382903
6.793577
6.863258
5.441953
2.376783
2.718604
5.483618
-3.991833
0.583959
2.801510
-3.126527
3.386421
3.436746
-4.449435
-2.352588
-6.512391
1.479743
-3.198432
1.640836
-6.066998
0.053130
1.466241
0.703529
-4.564333
-3.376300
-9.482226
-4.907007
-2.275419
-3.330199
-8.508902
-7.560585
-4.299320
-8.812237
-9.865639
-6.459275
-11.779373
-9.197734
-3.655846
-5.003595
-4.456311
-3.912493
-9.197708
-13.294047
-9.034638
-3.984232
-6.075862
-5.339149
-10.299791
-5.099512
-9.829942
-9.011053
-9.382352
-4.965921
-6.034780
-13.991195
-11.209166
-7.702208
-8.544139
-10.132944
-9.611291
-5.249229
-6.029543
-9.512375
-12.111756
-13.350306
-14.865675
-6.230952
-7.693627
-5.000277
-6.473714
-6.917334
-11.319759
-8.327569
-7.868888
-7.014936
-12.349264
-4.579322
-5.002005
-4.561466
-9.547202
-7.977287
-4.231196
-4.554167
-3.793334
-8.968407
-2.616670
-11.434771
-8.967014
-4.338929
-5.395764
-9.165146
-8.146114
-3.708494
-0.299712
-7.505806
-6.846812
-6.309827
-6.516705
-3.113043
0.204113
-3.874972
-1.170637
-4.673521
-5.556418
0.738798
-6.130362
1.215462
2.834813
-1.191416
1.682916
-1.805903
