1.977814
-1.217722
1.560798
5.565180
-3.393195
-1.435975
-2.729399
3.036220
7.276735
-1.800196
6.040724
2.181459
3.030473
1.793378
9.533277
5.778559
0.693620
1.071300
7.826641
7.003411
9.912550
9.462953
10.510528
5.055672
7.947389
4.897770
12.296084
11.996589
3.179873
10.915864
10.144832
9.946679
7.993642
4.625516
13.373637
5.565494
8.674882
13.611013
11.159786
5.491402
10.763551
13.123992
8.191884
5.381048
11.805934
12.958478
7.247719
7.127394
13.983882
6.247656
14.246561
8.859240
8.312444
13.400320
10.699273
11.438760
5.103516
7.847199
6.550070
10.616113
5.827590
7.115258
10.775381
12.565469
7.172980
12.136969
6.448936
9.608495
7.403755
7.540515
11.324167
8.248805
6.805273
11.637599
2.081135
6.748711
7.935820
5.241035
2.397214
8.382692
7.727823
8.293609
8.064298
7.865217
7.119469
-0.713507
4.121118
2.723142
5.159740
1.744269
3.667574
7.352518
1.703693
-2.925695
-0.182523
-1.567251
5.455858
4.681386
4.486809
-0.471955
2.115372
-1.440929
-5.621106
-2.295423
-2.857561
-5.611764
-2.224762
-5.920678
-1.699425
-3.964718
-3.772682
-0.592639
-1.512291
-7.857516
-2.593026
-3.668894
-1.706261
-3.464998
-9.554279
-6.762514
-4.350105
-2.402155
-2.563837
-2.942513
-11.984715
-5.911660
-8.508324
-3.906078
-12.806918
-4.118643
-4.799344
-12.366872
-9.774868
-6.126197
-10.419493
-9.931672
-9.910221
-5.890396
-6.283174
-6.817624
-6.983040
-7.809740
-11.403496
-9.253948
-14.524448
-7.206369
-7.221593
-8.003473
-7.874991
-5.611646
-12.330183
-8.125753
-7.709819
-7.017511
-5.399245
-6.915868
-5.340463
-13.765136
-5.250650
-8.214003
-9.107153
-9.320645
-13.350189
-6.950792
-8.566580
-9.890929
-11.348236
-10.316156
-9.676275
-7.462104
-4.372148
-6.518786
-11.210005
-6.423077
-9.188302
-10.175889
-10.805719
-8.870998
-2.834501
-5.976620
-3.795069
-3.630504
-4.116857
-8.097322
-6.933841
-6.620361
-5.252214
-0.410862
-2.863823
0.586620
1.595126
0.104096
-4.749994
1.904050
-0.656416
-0.476636
-5.011593
-4.800984
-1.790800
0.074870
