4.539592
3.489103
1.265229
5.997823
6.495961
0.386663
4.737548
3.540149
6.024353
2.381564
-1.422527
-1.106570
3.392295
7.690719
7.606502
7.034818
3.338518
8.636739
5.540661
2.215469
9.149217
2.484935
2.337918
4.349973
7.970774
6.936865
4.598748
8.656348
11.384331
10.371332
8.272353
12.823602
6.267263
5.030742
5.698151
9.179568
11.361311
10.945711
13.606393
13.912329
7.327131
11.119766
7.051572
8.361370
8.625068
8.825192
9.719136
13.726725
6.694837
10.013943
6.674556
9.991343
11.242359
13.006350
10.780826
8.834990
9.014449
7.177428
13.368368
10.129694
7.217176
5.808224
5.071198
6.262650
8.691781
3.787794
5.923068
3.550133
5.930086
7.665161
7.011401
3.072285
12.245866
10.533663
2.807935
11.099588
8.030624
6.470428
1.735290
6.519016
7.053875
4.349685
8.451918
7.513698
4.841278
2.140857
7.842186
2.495996
3.879675
2.726877
4.890446
5.977621
-2.594262
2.157551
-1.085956
-3.420552
1.697361
-1.769529
-3.552131
3.145708
-0.550709
1.842520
3.098074
0.177264
3.214756
-1.172730
-0.167930
0.988988
1.348892
-0.727044
-2.207377
-6.064603
-4.305431
0.512597
-3.206579
-5.965783
-6.724698
-5.385178
-4.831749
-2.331512
-2.584360
-4.790750
-7.317215
-3.289174
-10.444479
-8.101560
-7.639576
-11.959938
-9.318830
-9.717270
-9.541769
-8.655966
-5.118742
-8.072646
-4.696859
-7.700035
-10.981394
-5.627980
-5.395120
-13.308470
-5.513056
-13.722078
-6.960690
-5.050255
-6.778501
-7.122549
-13.275680
-11.116080
-14.236519
-12.766907
-7.895195
-8.291400
-13.425758
-7.371940
-5.768499
-14.552761
-9.982118
-14.344283
-14.551975
-12.625610
-5.206618
-8.063903
-12.200734
-11.815059
-10.579192
-5.383586
-7.926524
-12.122696
-8.242915
-6.158369
-10.734770
-12.299344
-11.271427
-4.326994
-11.797667
-6.230702
-3.064297
-9.007370
-3.892335
-2.214603
-0.689850
-0.894716
-5.425701
-1.700303
-6.129188
-6.020054
-1.719685
-1.089266
-4.863249
-3.021371
-1.709911
-7.046652
-1.777443
-6.406217
0.752558
-2.689366
4.023124
2.413370
3.471213
1.584631
