1.858960
2.933362
-4.039158
2.378448
1.730204
0.985302
0.312889
2.720386
4.318966
-1.375921
7.728829
-0.039459
7.865117
0.648956
8.887735
7.660844
1.355439
4.015287
8.033412
7.627823
5.111133
4.388770
11.197601
9.450243
9.822515
5.464905
7.948229
11.984892
8.997208
13.019067
8.836802
7.288868
5.610509
5.779034
13.172619
13.105065
4.794633
6.132271
9.658997
13.128984
9.617661
11.850657
10.729540
5.875876
11.201161
12.267579
7.756123
13.404156
9.046099
12.377356
10.322954
12.573562
5.779672
8.462417
11.462111
5.556741
11.064457
13.936449
11.456706
7.645960
9.683047
9.352745
7.426089
10.430506
13.028668
11.935190
10.326981
8.541240
7.711189
9.844139
11.029765
9.540496
10.477485
10.233214
9.066961
10.436814
1.948714
6.276636
6.139005
3.199101
10.419450
6.453001
5.484532
1.270299
7.694032
3.783085
1.723208
7.502287
7.585199
7.411738
-0.709766
-1.314007
5.175911
4.194202
-3.218107
0.493731
5.136098
-1.853118
-4.619634
3.569197
3.498698
2.815031
-3.014754
-4.920099
-1.932123
-5.158769
-3.178556
-2.758269
-6.285840
1.881615
1.268236
-5.724717
0.965348
-0.795356
-8.709033
-7.991817
-0.366088
-3.823362
-9.516557
-9.825636
-10.223618
-10.783036
-9.545292
-11.787597
-3.742792
-5.191657
-3.381448
-7.634670
-7.032927
-11.475647
-8.293177
-8.494798
-12.748666
-5.710854
-13.000178
-6.921261
-7.372368
-13.220500
-12.220546
-8.914903
-7.592420
-13.400256
-13.703445
-14.024890
-10.024175
-10.737041
-12.694992
-6.193931
-7.982854
-14.900804
-14.388247
-10.154931
-7.411095
-12.062494
-14.609022
-13.314184
-7.225544
-8.333245
-14.312255
-6.659228
-14.389871
-8.612535
-14.157920
-5.628007
-11.754013
-11.734152
-7.191058
-4.658147
-10.734714
-12.248696
-5.089178
-10.440645
-8.354058
-10.467957
-4.760062
-4.596908
-2.144967
-11.069508
-7.717603
-10.515100
-4.817933
-2.044593
-5.494397
-2.231453
-4.875227
-2.505696
-0.040714
-7.312447
-5.419948
-2.794129
-6.779412
-1.551153
2.615529
-0.126289
-5.768006
-0.512712
-4.137284
-1.847882
0.776626
-0.096160
