1.945997
-2.911314
-3.725109
4.311786
-2.768945
-0.394779
-1.683045
-2.034741
5.688332
5.835686
3.516648
2.314910
4.869454
0.978843
4.650574
3.624154
7.711765
0.799753
5.627834
1.147069
6.291407
4.135335
9.421901
9.135787
2.182802
2.404438
4.173590
11.324489
8.463195
12.318480
4.537228
11.510921
10.764373
7.764691
9.953689
7.123575
10.879709
6.881352
10.735006
12.031611
13.830187
13.526244
13.006164
7.439766
10.655246
12.598074
7.848116
5.331106
9.917034
14.469711
8.304803
8.213924
10.668649
7.844055
10.914474
12.760343
7.290967
11.819415
12.826955
9.425459
12.143079
10.248067
4.483451
8.736398
13.474813
7.868029
8.861018
11.054181
3.539818
12.063223
10.194577
11.315276
12.079595
4.066246
8.040971
8.118477
3.115896
9.727902
2.760306
9.500367
9.756975
3.049905
5.272167
4.901654
6.354365
-0.640759
5.409066
7.755551
-0.618268
2.439730
5.959763
-1.329827
-1.477127
5.403612
-1.338501
-2.722709
1.562293
-4.320798
-4.273049
2.170733
-3.960033
4.237768
-2.213471
-2.665539
-0.313807
0.357965
0.154029
-6.736148
-3.666029
-6.679148
-4.699562
-5.273927
-2.338577
-0.069489
-7.858587
-0.433680
-9.331384
-3.042264
-6.988604
-9.141514
-8.628873
-7.228195
-3.000390
-2.279715
-2.478023
-6.936036
-5.785171
-9.278078
-7.202766
-3.880859
-6.401633
-7.234995
-9.962630
-8.384298
-11.454862
-12.959311
-10.530690
-9.143747
-8.287175
-13.360273
-6.239721
-5.971165
-10.184799
-6.965329
-8.055389
-6.811158
-8.176720
-7.403569
-13.243267
-14.726211
-11.657500
-9.339021
-10.103324
-7.401165
-7.102464
-5.334777
-9.392322
-7.216464
-8.703979
-12.949682
-6.255908
-13.715540
-7.396005
-5.182250
-7.315945
-4.574170
-13.208713
-9.437508
-9.085205
-5.470435
-12.213484
-12.399321
-3.824085
-2.327399
-8.211718
-10.215027
-4.741481
-4.848101
-4.304729
-3.655682
-9.617956
-4.617636
-8.194230
-2.822104
-3.832456
-5.344303
-3.496795
-1.463071
1.152675
-7.241414
-5.878546
1.543687
-2.316521
1.595105
2.550150
3.427458
1.150750
0.471924
3.173130
-4.658352
