-0.496538
2.821720
-0.124233
2.205120
3.861533
5.893918
-0.874862
6.016923
-1.064996
-0.794480
4.968889
-0.166332
2.839013
5.015461
7.369892
0.708763
6.177992
3.515914
2.031076
2.317138
8.691786
8.145333
2.949674
5.358462
4.786507
6.743778
5.988091
9.653838
4.871100
3.154978
11.599759
12.406504
7.172019
7.418655
13.148539
7.343612
12.385907
8.086222
7.922872
7.658321
14.030566
4.768117
10.387392
7.760813
8.668028
8.479547
11.050046
8.958274
13.869437
9.927456
12.748715
11.900185
7.900741
5.696622
11.385506
13.324828
9.363900
6.480540
13.235516
5.178336
6.164853
7.059682
12.831590
7.347505
9.883997
4.492083
9.572443
13.031443
11.438022
12.480618
5.824067
5.058905
10.674021
10.545580
11.699466
1.871610
7.103733
1.443878
6.918934
5.909225
7.829391
3.964156
6.553396
9.109262
3.440627
5.145673
4.236462
-0.906375
-1.564333
4.031154
4.265766
7.481132
2.164368
5.519436
3.809333
-1.799058
0.761889
3.228901
4.271671
1.238563
-0.473187
0.742822
-3.261524
-4.450254
-6.160986
-4.021779
1.593645
1.918053
-2.450387
-2.242877
-6.646163
-4.442245
-3.361464
-6.260410
-9.194000
-7.137538
-1.428207
-3.562037
-2.744461
-8.612549
-9.171892
-5.165730
-7.983897
-7.186718
-8.343160
-4.897799
-11.490476
-9.006481
-10.454171
-10.172482
-11.944108
-8.819927
-3.878107
-7.504293
-13.420442
-11.851400
-7.993950
-8.409811
-11.426785
-11.788451
-5.053091
-10.929644
-14.274547
-5.485021
-9.096312
-6.917868
-5.159179
-14.625822
-14.598594
-6.803864
-13.415306
-6.912063
-6.819508
-12.061020
-8.837120
-6.680951
-7.638309
-8.780270
-11.817465
-12.179704
-11.235281
-11.537943
-13.164875
-13.675286
-4.409584
-11.266808
-12.950690
-9.764291
-4.445504
-6.239893
-8.834772
-7.760689
-3.841115
-3.617825
-9.929652
-8.556253
-2.457288
-9.100314
-4.551038
-2.666923
-9.145915
-4.937004
-7.138673
-9.774434
-1.339632
-4.243429
-5.013446
-2.135032
-6.405083
1.429725
-6.964064
-4.954578
-6.963803
-4.817234
-0.524528
-1.997383
-5.537820
-1.994558
1.919415
-0.405699
