4.188909
-4.183982
-2.389633
2.181643
-0.761159
0.485660
1.568278
3.061447
3.756053
2.431638
1.405404
4.872809
1.271232
1.440704
0.236454
0.345837
0.738644
7.670747
3.481012
10.010515
1.965992
7.329444
6.009038
10.360821
4.153904
6.196583
10.633177
3.964555
9.075747
9.154154
3.305693
6.168652
8.332334
13.694808
4.357484
12.779778
5.605423
11.066526
12.466364
6.601572
8.313187
8.459741
9.296656
6.661085
13.665121
11.691985
12.062000
13.767123
8.601290
7.898025
9.693908
13.993347
13.114247
9.395929
9.388812
12.408664
9.942547
7.661035
10.604292
13.580075
9.989809
11.168554
9.833515
6.446627
10.825495
8.726605
6.096118
7.292000
8.833024
11.601034
9.916329
4.955590
4.492738
7.422652
8.447034
7.170058
6.041104
11.064154
1.647715
4.573344
6.605809
2.935745
2.050663
9.248567
2.758757
-0.344287
7.267818
6.053426
3.392976
7.811823
2.069013
3.449388
-2.320706
-0.128695
-0.429034
3.914850
3.334002
2.760484
4.782084
0.392945
-5.001339
3.749725
-4.456718
1.480975
1.748429
2.725963
-4.197046
-4.636041
-3.615324
-5.002143
0.897661
-5.709387
-5.260994
-2.712023
-5.869285
-1.421844
-8.594073
-3.646155
-1.175853
-4.488938
-10.569962
-6.967962
-9.068337
-4.310812
-5.389356
-10.565944
-8.488153
-11.942014
-5.318349
-3.392324
-12.465746
-4.954964
-9.243613
-11.134329
-12.775083
-13.967909
-12.640685
-12.670687
-11.075004
-13.294014
-5.780195
-9.858192
-11.430144
-12.420936
-12.173069
-12.109088
-9.232620
-10.280392
-9.044872
-6.337186
-11.693120
-12.022053
-6.265491
-10.957803
-6.879453
-13.391115
-11.722671
-8.949734
-12.998979
-11.683294
-7.994048
-13.344550
-6.573927
-8.972843
-8.262652
-11.012508
-4.879812
-5.688423
-7.260755
-3.548582
-7.553999
-7.421632
-6.010466
-9.026564
-11.360718
-3.613588
-9.867304
-9.993878
-9.674504
-4.406067
-0.804406
-6.777955
-6.456151
-0.626233
-1.955337
-1.455601
-4.545438
-6.833765
-0.136143
-2.718794
-3.218749
-2.452364
-1.090055
-1.169491
-3.498002
-4.844982
-2.152370
-3.780805
0.463669
2.805222
