1.580528
0.130865
5.051766
5.037723
-1.509256
-0.668635
-1.375121
0.061606
3.492688
1.103541
1.700269
2.995766
8.386259
3.819442
5.586519
1.521496
6.850390
7.269061
7.631672
8.779056
10.424326
3.048554
5.696965
9.183587
10.243734
11.204845
4.901156
7.783623
5.898724
6.996321
4.850782
10.947728
10.427359
7.698170
7.286017
9.452197
10.864446
8.979606
5.770030
7.326581
11.923851
13.076659
5.191855
6.072560
14.685756
6.728410
7.538189
11.414752
10.688117
7.905221
13.955918
13.119308
9.717459
9.805980
11.669156
5.144776
5.801835
12.503398
7.893830
9.838722
11.180281
12.988104
13.619244
13.022930
9.992641
9.684254
3.908771
8.322907
9.149149
6.932168
12.565042
8.810055
10.562303
10.942690
10.835491
9.339965
8.680164
8.685958
8.206881
6.880796
8.021155
2.817706
1.053493
9.443121
8.371401
6.432529
6.357400
7.310523
1.513792
0.046349
4.638170
-2.049592
-0.561606
5.577178
1.727510
-0.112486
-0.338084
4.318960
3.348715
-0.595680
-1.240640
-1.835733
2.763008
0.807115
-3.476454
-2.659249
0.386284
1.824058
-1.907588
-3.116671
-1.145939
-2.451566
0.677454
-7.924540
-6.906492
-7.241865
-3.391129
-4.540549
-2.718975
-3.395272
-6.241186
-7.952825
-3.523087
-5.597555
-5.559674
-10.765251
-9.857014
-5.531928
-7.619695
-7.248840
-5.365950
-8.321365
-10.172997
-10.334096
-7.431436
-9.490063
-11.865904
-5.638397
-4.877881
-8.377093
-14.312346
-5.302917
-12.486911
-8.195118
-14.185120
-10.841830
-12.653190
-14.006918
-13.771511
-12.794538
-12.743315
-6.438049
-10.535964
-7.993334
-6.345398
-14.424780
-12.926915
-7.235229
-14.341125
-10.939225
-11.998559
-9.045223
-11.449214
-10.982706
-9.462738
-4.812375
-6.826525
-6.464104
-4.213153
-7.193964
-9.964379
-10.928720
-2.973922
-11.216385
-7.906867
-5.975894
-2.450313
-7.015855
-4.259165
-8.920851
-3.148812
-1.979298
-8.079947
-2.359055
0.293719
-8.078639
-8.859606
-1.234508
-4.247505
-0.712187
-6.361866
-0.702297
-3.431124
-4.413926
0.573878
-3.269430
-2.518214
1.362737
-3.838895
-2.112957
