-3.097091
-0.516716
0.198331
3.090036
3.594459
-2.499477
5.059771
2.458405
1.956568
3.423828
1.040919
1.824964
3.940691
6.171015
9.108499
0.888000
6.809154
7.827730
0.877537
6.528271
5.709604
7.963972
4.870441
2.328340
2.998590
4.863719
4.445200
2.980360
3.872840
4.280193
6.692578
8.467730
13.535801
6.494431
13.519111
13.998116
12.174310
13.218358
12.568317
9.547132
11.575054
11.084386
6.131035
14.569952
11.295585
10.760498
11.834187
8.942505
8.791608
6.947463
7.496682
6.238488
5.903563
6.087179
11.224504
10.613874
11.358880
8.639407
12.659960
6.777480
11.951198
7.179252
12.493160
6.240941
4.350031
7.054532
10.731838
12.071515
6.651309
12.350257
12.752356
7.384596
2.761038
8.600843
3.743128
10.239398
3.124203
5.797969
9.374800
6.165273
1.766084
9.949691
4.844083
6.832412
1.896202
6.186421
1.075215
6.182618
-0.946550
7.263635
4.867855
5.147389
0.642008
5.432497
2.658328
-0.375426
-3.095019
-1.928613
-1.905588
-4.206972
0.103304
-1.282667
-0.043737
0.826815
-3.574814
0.019323
1.225769
-0.042940
-0.063452
-6.584740
-2.537981
-0.625737
-8.034108
-6.846284
-3.879900
-5.307822
-3.852113
-10.099375
-5.139763
-3.249300
-10.768069
-1.961537
-10.988240
-2.144192
-9.895764
-2.522338
-10.785617
-8.534387
-4.745740
-6.095285
-7.014723
-12.812811
-8.405372
-5.572239
-12.715895
-11.127896
-10.440839
-13.145559
-6.646942
-8.598602
-6.895705
-7.651206
-6.295665
-13.573963
-9.751185
-13.071194
-7.754973
-6.947704
-9.153291
-6.940966
-13.692390
-6.886167
-6.215516
-11.586719
-7.148921
-13.708357
-6.225890
-5.871101
-11.491591
-14.169323
-12.421897
-8.896052
-5.132444
-6.210755
-12.893937
-5.400089
-6.232620
-5.819328
-4.228688
-9.380219
-3.253153
-5.859068
-10.344709
-8.979400
-5.806374
-5.177887
-3.099186
-9.700631
-6.437202
-9.642769
-9.237782
-3.875922
-9.445562
-6.680856
-2.301386
-4.859845
-3.463694
-0.350950
-1.390998
-7.289010
-2.072134
1.011846
-6.191031
2.815792
-1.304640
-2.822470
-3.778916
-3.820005
-5.073605
3.512208
