-0.649622
-0.410197
4.879141
2.626535
4.927951
6.220799
-1.868950
5.987560
0.659950
5.251905
7.532447
0.534841
4.685706
7.423825
5.731042
6.387869
9.960279
8.112856
5.746596
2.648975
3.734158
11.097958
6.732697
7.732723
4.914225
4.554755
6.583239
8.019236
10.597658
9.006094
10.101329
7.314243
11.862197
10.091891
6.188899
4.160420
9.432957
4.785929
6.546238
7.630322
8.497854
9.871786
6.967439
13.903711
6.096949
14.578264
9.368951
7.904804
11.551790
9.835532
10.156638
14.907837
5.586263
6.097143
13.857197
11.696901
7.032937
8.043236
14.077814
9.656500
9.047568
8.866569
12.775344
12.190224
10.141291
10.254876
5.277900
10.861377
10.081532
9.837623
6.405193
7.196651
10.247003
5.167030
3.615129
2.197149
11.506794
2.769882
8.355815
9.757596
8.495486
1.554372
9.182082
5.954675
0.109339
0.355360
-0.858681
4.242022
-1.550041
1.915356
3.844752
2.610557
-2.652395
3.872705
-1.497650
3.379020
1.187143
4.813677
-1.549102
0.897694
1.418477
-2.397494
3.796457
-1.995585
-0.558350
-5.142059
-6.932995
-7.227934
-6.992593
-2.220277
-5.734548
-4.964879
-6.162755
-2.745861
-7.375926
-6.863571
-9.091607
-8.320394
-0.914783
-2.795098
-1.189903
-11.255580
-3.686794
-4.700225
-5.340997
-3.066473
-7.795709
-7.301758
-11.267574
-4.505827
-8.567571
-12.058146
-13.179328
-12.010109
-8.099756
-4.730404
-9.234070
-8.771599
-10.170991
-14.401686
-7.950258
-7.726260
-7.813867
-7.871685
-6.274913
-14.788990
-10.269726
-9.474652
-9.478077
-7.427770
-13.919783
-14.874345
-11.703941
-5.089665
-13.338704
-12.475089
-5.781509
-11.080604
-4.915712
-7.549798
-7.929792
-10.964932
-11.835573
-6.710770
-13.699120
-12.988174
-5.728764
-12.717439
-11.050278
-12.124592
-7.282773
-8.249168
-4.961282
-5.618835
-8.011073
-7.711848
-2.324822
-4.174252
-1.192763
-8.245188
-0.794665
-7.417164
-8.902859
-4.995022
-6.986734
-4.683113
-1.275939
-3.884320
-3.708025
-2.729706
-1.319860
-4.266142
-2.823469
1.299994
-5.816263
-4.028104
-4.238075
0.868052
-1.636768
2.678231
