1.010697
-1.732835
-3.428732
4.901058
4.792365
3.010009
-2.299690
1.095253
2.139052
6.662904
5.057572
-0.156140
-0.271077
5.358530
7.265925
6.645058
8.066800
1.595704
3.583210
5.973181
2.374060
8.630657
2.125855
5.427245
11.710350
3.873480
3.721078
3.531412
3.913329
10.255130
8.718755
11.657782
5.926911
6.362381
12.655539
13.216863
7.244183
4.607468
9.423484
11.565125
14.117245
9.667983
14.395335
12.156138
5.626949
13.313650
7.664222
13.668956
9.132888
8.116126
13.245097
14.502116
13.598405
11.400738
7.295405
5.489722
7.910321
12.345633
8.869780
9.466163
14.355096
10.905603
5.912879
9.709256
12.019503
11.638298
8.821939
4.433666
9.825070
5.265072
8.882893
9.119688
4.220260
4.003465
5.865256
7.158758
11.482036
3.885176
3.636288
2.595761
9.877889
8.081351
7.676472
1.632809
3.061857
2.693721
3.679002
5.738281
1.511859
1.907421
5.827756
0.584808
5.986324
-0.163043
-1.430782
4.244975
0.943572
3.536071
-3.669391
-2.807841
-5.139854
-3.188382
-0.621695
3.133720
-0.211313
-0.713434
-0.858551
-1.932704
-6.035172
-4.252700
-7.807615
-3.023251
-6.430701
-4.054955
-9.443153
-6.680846
-5.327800
-8.593521
-7.598460
-1.440550
-5.142103
-3.222130
-11.096471
-9.869499
-5.515355
-3.536899
-7.613667
-4.580595
-2.926703
-3.922321
-9.381275
-12.869552
-6.347561
-11.653091
-5.603494
-9.990933
-8.824540
-8.382731
-13.502652
-6.887770
-5.770004
-6.732865
-14.175476
-8.916033
-9.580224
-11.772228
-9.794298
-14.636455
-12.662461
-11.031747
-13.202787
-12.382704
-13.798493
-14.411330
-12.090975
-9.090876
-8.641607
-4.869401
-8.681823
-12.910171
-10.729323
-4.695201
-12.817216
-11.734499
-10.755460
-4.216043
-9.341663
-3.495110
-9.994416
-12.108075
-4.113468
-6.723000
-3.362404
-9.102411
-10.060479
-5.193287
-2.748310
-10.337332
-3.884793
-7.640568
-1.759171
-5.781081
-5.034975
-0.454841
-2.724087
-3.956250
-5.265382
-0.544285
-4.949805
-1.642700
-3.824691
-4.228882
-1.515493
-3.565467
-4.377335
-4.615653
-3.582360
0.839497
-1.182752
-3.343084
