-1.059809
4.324402
5.734962
-0.018796
5.513075
2.226014
5.025438
1.421057
1.055237
-0.966841
1.993195
2.150990
4.360135
0.348767
8.833590
8.654996
3.780208
7.388139
2.092598
3.251687
3.352138
10.967019
6.592783
7.753228
6.632896
11.016771
7.866832
6.139400
3.966894
11.998661
12.038221
8.559009
8.467527
6.746087
7.144550
5.870134
12.117879
4.563232
11.473343
12.629151
13.925188
8.480151
6.099356
11.586268
13.791203
12.728776
6.823753
8.544406
8.640801
6.150287
7.983633
8.124907
6.140566
6.968182
9.333852
14.486568
10.757743
12.563648
7.399122
12.360096
12.167235
10.596916
4.751325
13.452968
13.473253
8.701391
8.028412
10.685571
8.115695
12.594741
12.771585
8.986100
12.153340
11.043763
11.103030
11.779343
4.512679
6.736425
1.696611
1.917326
5.327583
7.649776
9.562316
5.541331
6.983942
7.690698
4.035399
6.565588
0.591081
-0.676998
5.250364
3.542411
2.149950
1.554652
6.333051
-1.197402
-2.093006
-4.310316
-2.941737
-1.625909
-0.376930
-2.183323
1.501724
-1.713081
3.153968
-3.264961
-1.572302
-1.744992
-4.731387
-5.893870
-0.632863
-7.577321
-1.763564
-6.313418
-1.582945
-7.765129
-8.886041
-7.082776
-9.287120
-2.156380
-4.223326
-7.045708
-8.254145
-10.357433
-7.541840
-6.218496
-7.796242
-11.399769
-8.769658
-9.417020
-11.996250
-7.419386
-6.689011
-8.253636
-11.516050
-6.719756
-8.857694
-8.544482
-7.291652
-8.595255
-4.992967
-13.556989
-9.754150
-8.376399
-5.903346
-7.627197
-9.760568
-13.001605
-11.179435
-7.851203
-10.941277
-13.800739
-7.002187
-11.389156
-12.248563
-10.535333
-9.514779
-5.943592
-9.074651
-5.320099
-13.806846
-7.878133
-11.594582
-9.580995
-9.571590
-9.512749
-12.912470
-10.631353
-5.291148
-10.014854
-5.303471
-8.089387
-10.289384
-7.644677
-8.666691
-8.899855
-3.082477
-4.960688
-2.721786
-1.167324
-8.295364
-10.013260
-0.997743
-0.781985
-5.683460
-9.052629
-7.324949
1.111906
-4.974147
-4.750225
-6.439293
-0.923170
-7.005854
-0.862377
-5.700818
-1.034436
-1.791471
4.235369
1.998806
-0.441463
