2.679986
5.280265
1.249640
-3.360035
3.190755
0.174996
-2.239345
1.699002
-1.165082
6.172243
1.753438
7.108608
2.960817
8.952510
8.198894
7.064785
5.610336
6.930728
2.270872
3.779378
1.135303
7.335364
8.938507
4.968238
3.346899
12.275346
2.742276
4.981887
7.872647
7.252640
7.427767
6.708718
4.649103
12.300046
12.573705
6.934231
10.668417
6.889451
8.813402
5.263854
13.492188
10.691567
13.351686
8.769656
11.184374
9.398166
14.712194
12.119710
12.104303
5.379162
7.209136
7.546541
11.391849
9.051302
10.908693
12.620643
13.704720
8.606089
10.462107
5.726781
10.842182
7.826522
7.435432
9.308827
11.071587
9.960218
8.297039
9.481370
3.948411
3.967723
8.737186
8.575099
11.986601
6.160585
12.055950
10.439218
9.066367
9.118584
8.620290
6.561646
3.650895
4.415354
2.642021
2.429661
8.569126
6.129602
4.822244
8.449316
4.626305
3.990360
5.556314
6.813652
-0.645657
-2.482555
6.380196
-0.221327
4.317281
-2.842955
5.062997
-3.600852
3.992056
4.174523
-4.802097
-1.674578
-1.177038
0.403748
-4.954146
-6.768378
-3.527415
-2.939382
-7.980478
1.179139
-3.922651
-1.507198
-5.750413
-7.396399
-0.113161
-0.623205
-9.995186
-9.157256
-5.253429
-3.710211
-7.038640
-2.117500
-6.901941
-11.235744
-9.523135
-9.567454
-10.414372
-6.371045
-4.552603
-13.190806
-4.186339
-6.569011
-10.218357
-10.913537
-11.984983
-10.115068
-14.199119
-12.207673
-10.743024
-7.291966
-6.685927
-10.179674
-5.997914
-8.031832
-11.938665
-9.100304
-8.652111
-7.518494
-8.305867
-12.459217
-11.341275
-7.541964
-8.933500
-6.058909
-4.954458
-11.106415
-4.629959
-9.529251
-12.314562
-13.333026
-5.336853
-13.169826
-8.588916
-7.332526
-11.401788
-6.774492
-11.877453
-11.540863
-10.770057
-4.469634
-4.564312
-4.649659
-2.659724
-9.160487
-3.887667
-9.886272
-7.596309
-2.444764
-8.122181
-3.084826
-3.808289
-1.254526
-6.704615
-8.107753
-0.075067
-6.969691
-6.211943
1.443080
-3.724618
-4.086932
1.078296
-6.226472
-1.637635
-1.821558
1.901539
-2.919811
3.503441
-0.885879
