2.884783
0.695380
5.045321
4.676878
1.572028
6.702594
-1.905880
0.356942
1.500226
7.762797
3.195790
0.433860
3.880228
-0.347636
-0.034422
0.029527
9.991070
7.785824
5.490993
2.907012
4.705350
9.123354
4.603831
2.490777
6.900052
8.711406
11.849616
9.037699
4.289794
3.598866
9.059536
5.647690
12.169965
7.905506
9.039795
13.419757
11.205390
8.433613
8.217654
5.104053
13.505680
12.832450
14.176650
5.230471
4.902269
13.710658
9.838634
13.706418
7.205885
14.415059
10.082335
7.756540
11.144433
7.518458
12.910986
6.375294
10.205660
6.947992
13.395369
12.202345
12.862265
13.628220
12.671730
8.712565
5.470282
13.473772
7.648157
7.187333
13.143144
9.411091
12.796233
5.052706
2.737216
10.927088
4.975128
8.926385
8.728761
9.695299
7.336973
10.159629
7.540248
7.436063
7.206099
8.940384
4.910847
2.620502
7.209612
2.004427
6.768506
3.928370
6.449747
5.449095
4.332231
3.069164
3.392020
4.445988
-3.139331
3.299783
2.244734
2.912078
-5.221593
3.068020
-1.577650
-2.085082
-4.291434
-4.202737
0.059407
-5.756842
-2.041451
-6.754562
-2.971629
-0.455371
-0.380577
-2.929919
-2.084602
-4.247857
-6.289512
-2.909475
-9.998563
-7.254364
-6.430590
-9.430230
-6.161644
-11.835136
-3.979810
-10.727606
-3.632105
-9.158457
-9.589305
-7.275598
-12.567960
-9.719648
-6.923517
-12.001653
-5.753320
-10.372493
-13.322229
-7.199401
-13.031494
-8.778502
-5.718390
-5.590056
-10.644883
-10.895827
-5.649266
-11.217508
-6.517758
-7.364363
-9.597094
-7.825944
-9.038723
-13.887577
-5.603276
-7.556353
-12.793534
-13.792929
-6.786692
-14.169832
-11.701816
-9.445934
-8.640688
-4.720298
-5.499054
-4.632285
-10.973469
-4.985467
-6.662288
-8.321194
-8.662552
-10.140769
-4.045049
-10.013410
-12.369607
-4.330074
-6.314935
-3.861091
-3.925244
-4.470279
-4.198764
-3.914830
-6.405140
-7.435063
-8.510534
-5.845274
-8.038678
-5.837333
-3.185307
-6.898717
-6.051726
-4.724206
-6.405325
-7.343587
-1.509615
0.642568
-3.425101
-5.824389
-2.242356
-5.437859
-3.182877
-3.839953
