0.093591
-0.055016
2.733527
2.582072
2.406326
3.964641
-2.812453
4.089434
3.311288
6.239369
1.711722
6.634467
8.368917
0.912045
0.521480
3.546268
6.738506
2.342995
5.165227
8.530175
5.632793
9.235988
5.352709
5.098000
11.269178
6.254037
4.834814
3.223340
10.844835
7.109391
13.183545
11.025489
9.189996
9.998600
11.306727
11.567641
7.304785
6.800615
8.268705
7.571923
11.214413
7.360844
7.692218
10.618681
7.567035
11.103437
14.391563
11.975965
5.419638
12.083683
14.566093
7.311881
8.130433
14.629954
14.480413
10.182629
14.663717
13.585590
9.921013
8.857958
11.119237
13.386448
10.707709
6.615834
6.173383
9.817602
6.182228
5.511132
10.984789
12.020472
10.341820
5.386012
11.991617
8.994427
2.426576
11.072985
6.135812
11.116791
8.754691
9.104573
4.103182
7.507803
4.901615
3.615708
1.008663
7.366494
-0.405856
-0.396035
7.024074
1.352305
4.924138
4.199532
3.592704
-2.098046
-3.109127
2.446711
1.410806
-1.879261
-1.333283
1.098435
0.410212
-1.883594
0.132670
-0.136146
-5.117701
-4.336518
-4.585977
-5.108887
0.455888
1.460693
-2.585208
-3.447758
-7.125785
-2.417590
-0.043203
-2.058655
-3.754619
-8.571591
-10.239697
-8.092931
-1.341973
-10.466415
-2.130085
-2.827273
-9.989862
-9.969031
-7.520644
-3.826762
-8.169764
-12.792460
-9.940308
-12.178644
-11.942686
-5.677039
-8.941985
-5.354872
-8.973081
-7.907164
-8.851296
-13.026298
-10.554439
-10.116019
-8.965647
-7.914045
-14.167309
-7.080101
-9.094169
-12.686953
-12.066409
-6.380401
-5.999041
-11.109289
-6.456524
-8.733568
-4.922004
-5.870057
-13.122789
-7.036640
-11.714496
-13.886512
-9.450600
-11.010655
-12.047885
-7.953907
-5.148729
-5.118738
-8.706280
-6.473321
-7.115857
-11.762845
-7.849988
-6.548644
-9.466411
-10.124717
-10.247964
-6.741613
-3.526396
-9.197367
-7.375530
-8.097085
-2.620232
-5.520669
-5.463300
-5.714076
-7.792980
-6.095333
-0.110010
-5.932806
-2.166125
-7.595039
-3.842179
-1.355563
-4.510449
-3.507931
-3.975979
0.361253
-2.497328
-0.564222
3.361882
2.108544
