-2.839374
-0.235224
-3.656969
3.336961
2.504335
0.440355
2.009491
1.943229
6.431322
5.464663
-0.578749
-0.729664
5.572184
0.205547
6.941106
4.473600
8.070442
1.281421
2.613038
3.923884
6.759883
4.973834
8.008951
3.224496
9.644484
3.870954
10.826927
8.935126
8.164591
8.407994
3.865668
10.855110
12.607184
6.044699
9.041461
5.285101
5.125823
4.880161
10.358769
8.057612
8.241585
9.143853
14.356302
11.970329
13.112483
10.369107
13.796386
14.967392
10.395484
6.013258
13.338778
9.750607
6.457911
11.111015
6.496950
12.270298
10.816404
12.268252
8.876790
12.654406
5.361694
10.579110
7.964502
5.126292
4.861642
8.859568
10.750647
10.412318
10.452547
6.030932
8.205540
5.849997
5.628348
8.433022
4.730264
3.151269
5.135047
3.815694
8.579534
5.101504
8.272807
4.669924
6.024817
7.059813
3.315473
9.142836
5.109029
2.311999
2.616524
1.838642
4.468337
0.596271
-1.403433
-2.362085
0.030339
3.658125
-2.389396
2.965121
5.011225
1.140658
2.986883
-2.024972
2.406404
3.278716
-0.214835
-5.741802
0.860992
0.336140
-5.343846
1.576915
-7.621548
0.396334
-0.655486
0.104044
-6.541240
-7.243704
-7.554109
-7.377119
-2.208034
-4.369743
-6.049560
-2.748415
-8.357720
-4.221163
-3.782028
-3.972887
-6.193017
-8.409544
-4.443152
-3.207910
-7.729673
-9.688737
-6.903588
-4.227109
-4.607616
-6.777142
-6.246866
-9.356009
-7.454484
-12.239414
-11.013250
-5.285813
-5.307044
-8.854838
-10.084000
-14.088484
-9.561665
-6.898617
-6.748932
-10.738185
-11.584653
-12.170958
-6.626415
-12.612453
-12.316485
-5.943025
-8.490981
-11.281507
-8.699684
-11.954942
-14.265390
-6.714952
-8.930977
-5.332628
-5.666093
-11.376776
-5.265770
-7.441303
-7.384840
-8.344107
-7.700354
-3.960080
-7.776646
-3.443206
-2.252321
-10.121371
-11.297797
-6.706696
-5.546842
-0.886330
-6.541255
-0.948628
-2.234731
-1.046467
-0.663424
-1.228061
-7.118856
-0.464721
-2.713842
-3.649624
-1.282207
-2.694710
-2.802399
1.943119
-2.927660
1.718209
-0.217343
-1.018614
-2.896622
-2.231945
