-3.012631
-2.679975
-2.221925
0.454438
0.785667
-0.092009
-1.794377
0.734605
-0.155602
0.785788
-0.031318
3.366950
5.511897
3.428485
6.011734
6.342888
5.371987
6.248082
1.234011
7.524862
4.116857
11.314319
5.733723
3.379340
7.578576
10.128314
4.067896
6.783315
7.100427
7.469656
4.653954
5.971548
13.375504
13.029966
5.100947
7.444815
11.128838
8.520643
12.211512
7.740137
10.405020
10.722103
6.269238
11.332890
8.557547
14.695128
12.457810
8.660152
10.700172
9.725139
10.188453
12.407278
14.470166
13.339388
12.871649
10.723406
6.247940
10.400012
9.411200
12.161494
13.272862
5.890970
5.127723
12.259969
12.441220
9.055644
4.783947
5.238312
9.113039
8.810093
7.670599
6.292134
6.882608
8.155499
6.709071
7.441759
5.278210
7.219613
6.257888
9.057956
9.660005
7.392700
2.218493
5.321067
3.386850
2.132585
5.045918
-1.054313
-0.726394
-0.057586
5.196725
4.170076
6.897196
-2.401275
4.672163
-1.423454
5.267069
-1.026429
4.369963
1.992580
-3.492464
-4.650514
3.300523
-2.181743
-5.085621
1.283495
-2.026092
-0.787264
0.137163
-2.463232
-6.898234
1.208801
-3.022232
-4.150679
-7.078424
-3.612045
-9.411330
-9.224945
-3.969271
-3.879179
-5.765955
-4.432115
-3.841764
-2.039378
-7.300158
-2.430636
-8.611429
-12.647099
-4.510366
-10.182248
-8.346995
-4.812172
-12.921685
-10.327008
-7.289622
-9.516827
-7.843838
-11.759542
-5.547214
-12.811737
-7.979426
-6.290034
-10.639636
-13.559161
-11.129881
-13.620252
-9.784736
-8.949288
-10.624769
-10.633327
-11.616114
-12.986761
-13.628682
-14.193058
-9.494391
-6.710843
-12.480093
-13.718001
-9.544109
-13.254859
-5.347440
-4.694445
-6.870761
-6.768005
-6.851047
-9.935290
-7.530087
-8.156800
-8.162934
-3.659578
-6.977874
-3.828433
-3.567234
-7.990777
-11.142602
-7.685850
-7.653010
-3.580891
-10.291634
-8.115343
-5.012064
-0.750954
-4.070079
-4.728982
-8.008844
-6.446047
-6.818268
-8.261534
-2.055630
-0.828572
-4.144154
-7.041770
-1.264410
-5.083916
-5.429814
-5.569907
3.969822
3.270614
4.632826
-1.009185
