-0.844284
-0.336865
2.203836
4.730008
-1.935348
5.137498
5.715719
6.679773
2.926974
5.982729
-0.420709
6.352199
-0.306059
4.865203
3.578384
1.936455
3.982261
1.732608
2.342943
1.570019
6.665199
10.902160
1.819463
4.951935
4.431494
4.477446
10.747141
4.153044
10.501193
7.915359
6.574818
5.237669
6.387826
10.945893
11.826564
6.178528
5.277033
5.236762
10.032504
7.011134
9.302403
4.846546
5.675115
11.149979
14.400999
6.433557
11.615355
6.159591
11.895221
7.121444
8.845744
9.882403
7.569559
5.120810
14.546731
5.228543
5.108892
6.030519
8.307533
8.298930
10.866119
6.018804
6.611515
10.905334
5.861572
7.084002
10.599708
4.740972
5.436628
4.669532
9.070118
4.461468
5.767297
6.639071
2.641004
7.682533
8.544557
10.029056
10.212802
8.535750
9.939498
9.590558
8.283176
1.052589
1.458284
3.997754
7.445936
0.321941
-0.732455
7.055181
6.779224
-1.770677
-0.962313
6.168609
2.048461
3.947103
0.566696
3.166859
-1.137893
2.726650
-4.139663
-0.883577
-4.143741
3.300234
1.230591
-6.517909
0.119577
-5.048383
1.351775
-5.646717
-5.112063
-1.894069
-2.435309
-8.710844
-4.268409
-8.673242
-2.451230
-1.324080
-8.349738
-4.796184
-5.125011
-8.287347
-2.423775
-9.907699
-8.951892
-12.006498
-5.317144
-8.762389
-11.020657
-12.095821
-5.902810
-4.199842
-12.817727
-12.962471
-10.618799
-6.642669
-6.921679
-9.104138
-7.327042
-8.407904
-13.675446
-6.553861
-10.936493
-5.731452
-12.422645
-10.583699
-9.197847
-8.130851
-11.789391
-7.531535
-5.838262
-7.774700
-6.073884
-6.301632
-11.119140
-8.111802
-9.011207
-7.138888
-11.214253
-9.897438
-10.262556
-13.668699
-7.278596
-8.949429
-7.598588
-10.374830
-12.997851
-12.582504
-11.774233
-10.450781
-10.710535
-8.425439
-2.987977
-4.900829
-9.441512
-11.333716
-3.064881
-10.683261
-10.040187
-3.571328
-3.873153
-1.041364
-4.410102
-9.808828
-7.789080
-0.658274
-1.126504
-4.138744
-0.235882
-4.721152
0.196749
1.462714
-6.021382
-5.538422
-1.997030
-2.069507
-4.375497
1.114941
-0.243159
2.398611
