2.903867
-0.947021
-0.205257
0.708437
2.137944
-1.839806
-2.406896
-0.651870
5.808315
3.567277
-1.561904
8.177948
2.165641
5.053606
0.893754
6.749461
4.065324
7.337031
6.804598
5.084929
1.143346
5.432887
10.129212
9.835810
11.958396
8.236364
8.520189
6.633313
10.991925
10.937987
6.149705
8.897203
8.345857
12.134847
6.840498
10.741410
12.072350
7.534148
8.281004
12.371307
11.980515
13.706142
8.387744
9.479406
11.821180
10.501100
5.925403
12.179989
7.346453
5.708099
11.997709
9.187809
8.252881
6.920893
5.437706
10.503835
8.883544
12.457801
11.559748
6.043938
10.843785
10.973551
9.677965
9.374799
4.028422
9.677472
5.165145
9.161555
8.535613
6.943886
5.191600
7.070833
11.375844
9.207869
11.666452
4.316511
10.682025
9.462497
7.085681
6.198048
3.744336
1.122464
8.413833
-0.014339
2.350837
3.793913
1.817130
-0.189800
-0.990570
-1.758483
6.471701
-1.986412
3.552770
4.109566
2.515268
2.175464
0.357677
3.554114
-4.381020
3.630841
0.317457
1.198610
-0.091908
-3.357459
0.296730
2.010617
-6.684632
-0.264685
-0.921018
-2.566224
-1.961606
-5.956700
0.895808
0.479406
-7.591183
-0.260446
-2.362185
-4.768717
-9.642573
-7.688395
-7.761565
-3.264987
-4.418615
-8.864994
-8.149912
-8.206300
-5.331185
-3.405870
-9.702145
-9.521414
-9.926024
-12.856303
-8.895851
-12.759095
-6.456085
-6.196568
-12.617636
-4.984901
-14.059116
-7.531475
-4.883025
-8.246934
-7.374947
-13.446693
-10.925716
-14.308192
-5.467275
-14.749811
-14.583628
-13.232723
-8.525397
-5.396089
-5.599618
-14.338405
-13.650420
-7.339789
-14.714145
-6.983073
-10.020203
-13.679668
-8.985649
-5.697652
-9.053990
-6.518185
-5.140082
-8.860946
-7.020875
-13.323658
-3.531063
-7.352946
-7.557181
-4.281885
-3.979096
-2.887685
-7.586779
-11.194450
-2.331219
-5.384773
-7.531311
-3.398172
-2.517394
-1.180738
-9.922706
-6.072184
-8.927499
-6.791090
-3.676319
-6.041768
-1.182489
-3.526241
0.300958
-3.500432
-2.365402
-2.474650
0.056221
-2.237043
1.104278
-0.553881
-0.687464
3.863520
