-1.916707
2.601217
1.278133
4.394397
5.433321
-2.080715
-2.231247
4.305536
5.425456
7.029906
2.417712
1.558428
7.391682
6.606053
6.861111
2.748858
6.148867
7.101165
0.755619
1.063184
6.480104
1.793127
2.737616
7.718947
2.232621
10.770754
8.676221
12.426854
11.781195
10.966176
9.503757
12.825040
6.018361
10.179166
10.584494
5.987904
8.067626
7.704468
14.366073
7.993263
14.006131
8.734415
7.245416
9.146791
10.640221
9.273673
14.384658
9.430393
8.031021
10.014610
7.495463
12.558139
7.352724
9.754261
12.836106
13.176049
7.245004
11.516642
6.157074
6.021814
6.529363
13.577637
11.960219
8.155039
4.160601
10.472534
4.967537
7.706806
5.408677
5.792897
10.617391
6.391659
9.255532
3.704093
8.263006
9.011784
5.793940
4.972149
9.533047
4.408799
5.725098
3.389580
9.496785
3.660020
5.706105
6.651781
5.975971
1.094996
2.099592
3.354027
0.380795
4.943224
-0.092600
0.271444
-1.887820
3.732370
1.806348
2.656000
1.910195
4.759006
-3.979711
-3.126345
3.329056
-0.894731
-1.578607
-5.627640
-4.416250
-3.576496
-6.109019
-1.990118
-0.197972
-8.452969
-7.441356
0.293705
-9.309904
-9.037411
-3.878822
-4.061666
-10.459605
-6.761694
-10.699939
-2.406455
-10.053904
-4.882728
-4.998511
-9.672559
-11.266329
-11.812259
-3.781319
-11.130093
-7.616096
-8.014120
-3.638391
-9.248357
-8.777614
-11.672183
-11.799660
-12.059941
-4.725270
-14.080711
-13.932160
-12.325260
-12.650295
-7.746740
-8.383301
-11.137130
-13.573958
-11.434926
-6.029676
-8.007472
-12.781986
-14.344676
-10.675012
-10.758712
-10.309430
-7.192241
-8.624959
-13.083440
-6.778822
-6.157180
-5.369178
-13.795938
-7.668435
-4.229628
-12.210786
-8.503078
-12.748060
-5.540588
-6.243851
-6.956225
-11.287799
-8.512679
-8.818118
-10.657865
-11.730790
-5.750120
-5.079989
-9.550162
-10.684049
-10.010035
-8.142535
-9.192707
-6.804444
-7.321734
-1.495984
-8.311980
-5.769960
-6.928215
-0.520343
-4.698710
-3.064113
-0.471132
-4.782157
2.991805
-5.864127
-4.802463
-3.229926
3.959626
-4.683188
-1.565800
