-1.697074
5.335258
-3.834757
3.856281
3.589516
-0.619539
-0.823754
-2.277785
-0.248551
2.554309
0.228299
5.979825
6.355359
3.539192
5.962600
7.233898
4.989048
9.382913
7.385610
1.306404
1.137612
8.016181
4.329957
6.794934
6.803142
4.549357
5.759759
4.666288
8.040942
6.648535
12.872367
6.177144
12.213796
7.966031
9.098561
7.089267
12.668719
9.097915
8.514914
11.774146
8.909436
13.340979
13.008412
13.312807
10.966881
9.392235
5.322017
12.869007
11.322535
5.754830
12.149170
13.405008
5.861628
5.851231
14.502635
13.739735
13.584757
14.012340
13.209766
4.775642
13.512787
9.923806
7.167722
4.741127
6.166364
6.558882
8.108043
8.624003
8.423227
9.598459
3.804311
5.544018
11.430459
11.446734
6.414740
9.489314
3.295576
10.722355
9.402526
8.721278
10.004597
4.436703
6.254260
1.223377
0.214785
5.171231
8.517315
4.616687
8.242572
0.190685
-0.379830
6.309580
5.121862
1.837312
3.438324
4.694546
2.894418
2.910221
-4.290821
-3.476921
-1.372145
3.817687
-4.124988
-0.000303
-2.832935
0.920535
1.578842
-4.377282
-3.874338
-4.172251
-0.464805
-5.672695
-4.834846
-0.684094
-9.298925
-1.672017
-1.410218
-6.389472
-8.769108
-5.238163
-7.914201
-5.905719
-5.463345
-9.999318
-11.589345
-5.848576
-7.723879
-7.366193
-9.285871
-3.191355
-7.495900
-12.445254
-7.501070
-11.915425
-4.477919
-13.948535
-7.879656
-13.534650
-12.153293
-12.486046
-13.875411
-8.847618
-6.898143
-7.757762
-7.816310
-9.518141
-14.468915
-14.509886
-8.860278
-8.375742
-8.137781
-14.720660
-7.093124
-8.104579
-6.444137
-8.148237
-7.965831
-4.870734
-11.280606
-10.939762
-12.362157
-8.186432
-4.273354
-4.670505
-10.015359
-11.944164
-8.889849
-12.912077
-10.850878
-7.878410
-6.944239
-8.572088
-4.350036
-9.427162
-4.826315
-11.745153
-4.524020
-11.322346
-9.252064
-3.306795
-5.181983
-1.912486
-4.090801
-6.294291
-9.224420
-4.159434
-8.017895
-2.307770
-3.361388
-6.819228
-4.459957
1.646483
-0.828423
0.245068
-2.157994
-0.004291
3.430387
2.031941
-1.875245
-0.846081
