-1.951274
-1.299870
3.184930
3.728375
4.526031
2.322526
-0.658965
5.759534
1.974438
4.343331
6.706492
5.230602
3.870386
6.438212
4.108989
4.850402
2.865078
9.542772
5.632919
10.312767
10.549110
7.387712
3.685819
6.802706
7.160020
7.725511
3.458858
8.577248
12.656741
8.546098
7.826278
8.616747
12.289418
4.093857
13.322382
13.795684
9.030360
7.717452
4.592471
8.125012
10.573670
5.516961
11.556803
6.213300
8.494936
14.323819
14.545834
14.874629
8.666113
10.559610
14.292361
8.911423
5.042137
8.684518
14.576983
4.906686
12.019824
12.348754
12.176551
5.222515
7.156216
10.667282
10.056850
12.858911
10.211272
11.938918
9.655567
6.645069
5.494889
3.429459
7.225042
10.073534
9.404836
6.715633
8.271813
6.689388
8.195518
9.155515
7.880784
9.247950
9.941083
7.513126
0.564088
7.357898
7.101328
5.737619
1.233697
0.852390
8.150114
4.186277
-0.474673
6.968275
6.167795
2.555811
-2.675452
-0.682811
-1.138232
-1.162155
5.143477
3.603823
-3.993527
1.216267
3.675290
3.647697
-0.309780
-2.806418
-6.670703
-1.308584
-2.524512
-7.762144
-7.099941
-1.805799
-5.175628
-1.060238
-8.763063
-3.004077
-4.637127
-1.640450
-6.817215
-9.102087
-4.493466
-3.757329
-10.157957
-8.977275
-11.662419
-8.962370
-8.974826
-4.635823
-7.124087
-8.831029
-9.689533
-5.824812
-7.437840
-9.050451
-11.465537
-12.639410
-8.565933
-11.092104
-8.795804
-13.191894
-12.444445
-11.933214
-13.447566
-5.442517
-11.039960
-11.280702
-6.796855
-14.002510
-10.202483
-8.216691
-12.852592
-11.319670
-10.052611
-13.428098
-7.686190
-6.591019
-9.209122
-6.065606
-5.251114
-5.414641
-7.272671
-7.253768
-7.850994
-5.306984
-9.537339
-8.353642
-8.714906
-7.158211
-8.872862
-10.327347
-4.187115
-10.307217
-10.305106
-10.601622
-3.713715
-5.099587
-10.161386
-9.428592
-2.073966
-3.579153
-6.952000
-9.264723
-7.395130
-7.126752
0.010482
-7.050201
-6.850557
-4.406655
1.519857
0.947169
-5.998076
-6.260106
-0.429952
-3.793949
-5.292046
2.624944
2.487837
4.207081
-4.595010
1.506217
