-1.189906
-4.190358
2.690964
3.440871
4.062448
6.866435
0.878509
3.149215
-0.763842
-0.742359
1.437569
5.547185
4.857635
4.729349
9.304804
8.028948
1.319893
5.170647
5.020393
10.583260
5.710446
11.083635
5.716357
2.792314
8.390673
2.864887
10.625516
8.062463
4.571753
3.443736
11.008379
12.288571
4.901712
11.767544
5.756850
4.745709
12.248063
6.878863
10.431644
7.227357
6.885044
13.787336
7.984645
13.253100
11.873885
14.882786
8.437521
13.151550
11.220639
14.729415
5.851537
9.318333
10.612302
8.813909
9.539034
10.493028
13.120321
5.024416
5.426245
5.475584
12.638523
5.302493
11.032632
5.417016
7.050749
8.264947
8.808233
3.947845
6.710558
8.393600
7.507192
4.643625
12.490201
6.731342
10.556732
8.654112
10.678999
7.872182
4.375615
4.070187
2.147686
1.647414
6.519861
1.215737
2.833708
7.047864
-0.251103
8.532173
6.795377
1.454875
-1.431693
-0.234348
1.783236
3.515506
-1.620655
-0.311926
-3.661445
2.390069
-0.056575
0.688568
4.443008
-4.173309
-0.517703
2.569252
1.654738
-4.059727
-3.334408
-3.483454
-6.833071
-4.345526
-4.289027
-3.797694
-1.282422
-6.873218
-2.631687
-6.826778
-5.998255
-2.233877
-9.546313
-4.446072
-1.429208
-4.148104
-7.748831
-3.879433
-6.130079
-7.943822
-4.082516
-12.358121
-5.934997
-8.454856
-9.443062
-5.822586
-9.314117
-11.890961
-12.198586
-9.625794
-6.385243
-11.855947
-7.400060
-7.845010
-10.923521
-9.097477
-5.870239
-10.379372
-9.319970
-14.073974
-7.078886
-11.683959
-14.184856
-13.457131
-6.113396
-12.050744
-7.634336
-9.863038
-8.044701
-7.647165
-12.233195
-11.276670
-12.664217
-9.914656
-9.967203
-9.884483
-10.026393
-7.754004
-13.706488
-10.888077
-11.938514
-8.444799
-8.708055
-4.535711
-3.313112
-4.646219
-8.403802
-4.551830
-2.226375
-3.952180
-4.808827
-5.245668
-1.458985
-8.306450
-4.932094
-4.533138
-6.544218
-5.870964
-0.829491
-0.165811
0.288189
-1.528597
-4.376229
-2.969224
0.407001
-5.164300
-3.293028
1.779938
-4.627283
3.367484
-1.009164
-4.125101
3.104120
-1.091441
