-4.082751
3.702565
4.279939
0.487396
0.631219
-2.984591
5.745843
-2.415354
7.546897
0.614877
1.806829
7.135680
3.710311
7.708761
7.378118
3.815884
5.090824
6.743987
8.458991
10.397340
7.628915
4.070196
10.342993
9.353984
9.410882
8.183256
9.156787
9.606157
4.288587
5.541805
8.905317
6.684272
5.846644
6.734681
13.472073
12.765146
7.138792
7.421449
12.183267
5.652294
6.817223
5.905326
6.440037
7.390493
9.170351
11.286879
11.384521
13.140382
5.615755
5.158288
7.998022
11.745987
8.554101
10.546238
11.296590
13.825327
4.867557
7.048270
11.063584
9.527874
13.129644
7.304495
11.910937
8.332415
7.554332
7.959528
5.834214
11.546931
5.077050
8.605840
3.659991
12.519878
12.176927
6.810915
3.489353
10.590044
11.179012
4.546495
3.631057
8.445608
0.774981
8.363100
1.290073
3.199055
8.941759
7.030329
8.883488
5.532043
6.007020
4.642602
3.429436
5.342986
2.889600
4.252363
-0.424135
1.421897
-0.384364
5.124733
-0.669633
0.956480
-2.307563
-2.358141
3.201049
-3.682740
-3.004158
-5.722375
-0.363410
-0.749086
-6.357442
-6.540370
-5.771131
-6.204052
-0.267507
-1.889714
-2.249201
-5.319358
-3.481597
-5.420185
-4.794069
-7.101337
-9.740044
-3.708585
-3.782187
-7.747191
-9.214350
-8.506764
-6.745380
-7.777707
-8.428301
-7.418239
-8.342638
-11.796455
-12.778250
-6.479637
-12.385272
-13.912213
-6.141202
-13.579153
-10.491358
-5.948676
-9.903021
-7.474868
-10.535070
-8.726791
-9.802883
-9.962279
-14.610550
-6.632420
-11.960586
-9.440773
-5.626735
-12.916567
-9.923234
-8.759591
-9.934396
-6.009703
-14.143839
-10.491486
-11.892227
-13.296238
-12.540457
-4.944242
-5.477590
-7.912253
-8.970216
-9.758188
-13.530391
-9.679629
-11.719804
-7.032881
-12.462510
-8.987416
-3.198225
-10.508429
-7.238751
-11.443821
-3.269761
-5.826702
-3.973613
-1.205152
-10.315196
-4.179343
-2.959792
-0.961475
-9.184011
-7.600580
0.749349
-0.808785
-3.914945
1.249332
0.329056
-1.056586
-6.447924
-5.167350
-2.378571
1.602303
1.311022
-2.802112
-0.887476
-3.048082
