-0.696871
0.579351
-3.591377
-2.344542
1.220036
-1.410219
-0.046273
5.775477
-1.214701
3.636552
1.164916
4.626638
8.882723
7.382610
5.010200
9.605031
5.335514
3.241764
4.202735
8.016867
5.698895
7.145404
7.911936
4.659921
4.384659
11.279740
3.486985
12.158515
4.656336
13.063227
12.461366
12.555253
9.145068
11.604936
5.151128
7.136818
11.851402
11.316490
14.294599
13.728325
11.482828
10.816555
8.458411
10.139461
5.474925
8.559549
8.007627
10.205735
7.902250
11.303304
11.885190
5.012104
13.927474
5.425627
11.466758
14.090669
14.467499
7.455556
11.931784
9.403907
12.544628
13.426142
9.317897
4.665971
7.596655
8.310677
11.595407
5.968921
10.041958
7.596600
12.878988
4.620770
11.168694
7.916900
2.370532
2.945851
9.200545
7.726541
4.181798
5.997553
7.374637
7.971976
9.766423
4.533697
5.464583
1.408956
-0.966048
7.858849
1.385633
3.417020
7.587581
3.121799
6.246989
-1.018799
4.707776
2.630556
-2.940444
1.294020
5.103904
-2.867861
-0.265634
-1.348848
2.946102
-1.551027
-4.763562
1.594014
-0.945558
-5.195340
-3.270673
-1.795664
-0.260102
-4.390754
-3.512110
-6.256466
-4.780759
-2.710836
-0.894678
-4.394890
-0.964388
-10.148163
-5.411485
-5.411394
-2.767505
-9.934859
-2.877636
-6.489169
-10.345670
-5.480795
-11.669964
-3.679257
-3.518392
-4.166943
-10.041773
-10.184646
-8.957179
-8.758530
-10.747321
-13.551035
-9.717950
-7.557325
-14.206389
-8.279503
-9.965335
-8.272909
-7.093143
-7.976722
-13.909416
-9.054366
-7.220714
-12.088036
-8.980125
-13.820094
-5.605764
-13.906002
-6.252453
-5.787538
-9.296327
-6.139597
-8.929681
-7.539793
-10.770567
-12.883624
-10.124900
-6.492446
-8.488870
-13.140008
-4.193137
-11.716449
-5.833360
-3.540143
-8.679558
-7.910941
-5.797829
-11.959310
-9.952252
-8.600316
-7.268265
-9.158631
-4.592115
-1.305934
-1.010320
-0.590826
-1.201226
-2.829545
-6.029332
-0.336928
-5.773351
0.324602
-0.518018
-7.972085
-6.689220
-1.407162
-5.731560
-6.334402
-0.652857
-1.429495
-5.860295
2.850580
-2.757442
-1.571625
