4.855760
3.633034
2.795904
5.591599
2.294727
1.017306
0.029003
0.331333
0.696253
6.035285
2.167764
5.831933
8.782125
2.476286
5.738329
6.020768
5.963407
7.772349
0.717796
3.649197
10.979648
4.905800
11.035926
2.696187
5.506217
7.969887
10.454560
3.457568
5.753393
4.277487
5.791458
7.131205
6.179296
11.655559
13.247936
6.625959
12.442868
14.204337
13.631147
7.779410
4.803653
13.725479
13.727487
7.170548
10.510740
13.903046
13.879200
6.401254
11.979346
10.731944
6.102692
12.391476
13.825498
11.799085
6.000199
5.108550
11.728657
5.869063
9.951962
6.364085
5.804625
6.562278
7.853268
12.521115
10.340179
8.765106
12.836668
11.060252
9.673154
11.248260
3.834307
6.948099
3.332225
10.213598
2.607151
8.784155
8.294197
3.766143
5.130217
6.261688
6.295926
6.097020
0.894109
1.800378
1.695203
2.542809
5.638067
7.797304
6.226733
-0.781165
2.611562
2.154542
0.849719
5.812436
6.358430
4.262775
0.604938
-1.558476
-3.405764
4.619761
-0.950180
-2.867812
3.133380
-0.623726
-6.191889
-1.697584
-0.826899
-3.173205
-4.171325
-3.363853
-7.181821
-3.324396
-4.742572
0.491705
-2.865252
-5.106801
-5.189143
-1.074954
-9.248196
-8.279753
-6.043795
-8.080287
-4.496072
-3.055131
-8.113480
-3.527255
-5.757920
-12.263385
-10.395041
-6.362928
-9.094783
-6.721314
-13.383602
-4.772481
-9.685657
-8.669302
-11.081352
-14.115446
-5.543098
-10.962567
-8.776447
-5.876883
-13.827776
-14.381425
-14.691277
-10.167391
-12.975194
-10.997504
-12.224344
-9.298108
-9.966909
-7.015166
-11.247600
-10.303688
-11.042759
-11.588462
-8.084880
-9.444831
-12.548856
-7.598986
-13.461504
-13.064961
-9.831164
-13.115659
-6.603389
-3.996242
-6.732216
-12.463396
-3.512601
-3.158348
-5.183360
-11.699270
-9.621805
-7.985705
-5.343758
-2.089907
-11.426700
-6.288641
-1.299206
-8.481447
-1.863636
-8.060046
-4.534449
-9.661962
-3.858423
-2.894599
-1.548158
-5.680674
-4.211038
-7.649186
-1.077302
-2.645479
0.556456
-0.553829
1.340484
-4.498447
-0.607172
3.834159
-3.935938
1.463430
