-1.746016
-2.537645
3.202310
-2.624287
1.808148
2.735533
1.605064
0.525474
0.397812
-0.482475
7.405504
7.921308
0.514318
9.036811
5.607919
0.016109
4.729340
8.616854
4.894551
7.266025
3.339410
1.841976
6.610872
11.254871
9.317072
11.356008
7.952361
11.781803
4.270692
4.875174
7.985206
13.221777
6.858010
7.630390
5.677919
11.614438
11.426892
13.743097
4.868930
9.811983
7.952908
4.854215
7.233298
14.581774
8.830106
8.122249
7.834925
14.500164
7.749371
12.749983
11.669095
13.442879
11.974632
6.772574
10.325062
14.817756
12.082597
8.355278
13.647544
8.352305
5.371880
14.023058
7.724402
13.002513
11.628707
8.853413
8.003770
7.301952
12.415486
12.822221
9.284677
11.459294
6.750846
2.304469
4.416673
9.228505
1.697647
7.217249
2.968299
10.873778
2.107756
3.593892
5.152861
3.161636
3.242262
6.109508
1.826964
5.916447
6.460124
-1.734204
-0.165499
2.880916
-0.981430
6.621105
-3.298668
0.626152
-1.781761
-3.597111
0.769120
-4.702792
-2.745979
4.322335
-0.824941
-4.375756
3.350841
-1.452856
-0.167187
-3.171789
1.562574
-1.794234
-5.066194
-1.067331
-4.874681
-0.534149
-9.003743
-6.824598
-6.269253
-3.915081
-0.856925
-10.741756
-5.275817
-2.537376
-1.631780
-5.488224
-5.803141
-8.453448
-11.912574
-6.071778
-6.221015
-8.055998
-6.264973
-11.170569
-12.749657
-8.726242
-10.261655
-13.059063
-6.716500
-8.514185
-10.258429
-12.746114
-12.883081
-5.865321
-10.149871
-10.241845
-13.083621
-13.291376
-5.999544
-11.504115
-8.531925
-5.051796
-12.682071
-14.723815
-13.364480
-13.900103
-11.189120
-5.258215
-13.705785
-12.879938
-8.871621
-10.531669
-5.234612
-6.182273
-8.677648
-5.425805
-10.860751
-13.667155
-4.158670
-8.613512
-8.964914
-6.472992
-6.146254
-4.496255
-5.373850
-9.898000
-4.226834
-9.556315
-7.801927
-7.525742
-3.015652
-5.259853
-6.698059
-5.710336
-3.011660
-0.364774
-2.445946
-7.278414
-2.524392
-7.292774
-2.620317
-7.540090
-1.058123
-7.145478
-5.927170
-5.558127
1.197308
-4.645215
-1.288387
2.443201
2.330981
0.720684
