-4.427658
-3.777608
-3.751838
5.110003
6.418020
3.406114
6.954671
2.044721
-1.993561
2.195926
1.792729
4.003413
7.630423
4.113624
4.310774
1.661382
2.517762
6.804699
8.217657
3.423704
10.051455
7.035115
10.855351
3.345214
6.044444
4.970005
11.418438
8.231033
3.518150
3.834732
12.151716
7.498932
4.289762
10.595965
9.763233
6.515457
6.179110
9.407597
7.160139
9.888523
12.523243
7.122173
5.617534
5.946390
7.403085
12.930003
14.166129
7.974769
13.770598
5.176881
6.230920
13.894129
10.100103
9.384401
6.488164
4.907990
5.724631
5.931476
6.140968
5.423282
5.134098
4.341900
10.960684
12.487489
11.924930
7.171051
10.534680
5.087774
7.480171
8.177621
3.830124
11.279302
7.431029
3.818076
4.890486
10.521118
3.702640
8.673623
6.999544
3.208903
3.126386
10.239859
8.360278
6.062201
-0.054483
5.554074
0.613003
5.942382
6.030183
0.177431
3.295573
5.362921
-2.382763
-2.377015
0.134891
4.039019
0.266514
4.508197
0.216969
-4.580654
-0.921075
-1.979188
-2.335286
-5.618681
-0.956191
0.104589
-5.343703
0.299864
1.862974
-0.835295
-4.796977
-7.621895
-5.203675
-3.752450
-7.338748
-1.736762
-5.578963
-5.210250
-4.660686
-3.136981
-2.779541
-6.822577
-2.518896
-2.849089
-6.320821
-8.795370
-6.544914
-8.488971
-10.708472
-10.704690
-6.650417
-9.893296
-12.973144
-8.558217
-11.101859
-13.274200
-7.227332
-9.235992
-8.416984
-10.607046
-6.729935
-13.323612
-5.877586
-14.431304
-5.928277
-13.769287
-12.073414
-13.486322
-9.540490
-6.442455
-10.503078
-6.238663
-13.357347
-8.964464
-6.095822
-8.145603
-6.806123
-12.691945
-14.447554
-12.177166
-6.593253
-9.523353
-9.798700
-12.518946
-12.319195
-6.816169
-7.086932
-9.172115
-6.091026
-9.143735
-5.131158
-5.300142
-9.744813
-6.182981
-11.326348
-5.946283
-2.177083
-5.433444
-2.799979
-6.241035
-3.370879
-10.059407
-2.314355
-2.669034
-0.892450
-6.454034
-1.731140
-3.434599
-6.744917
-2.644471
-7.257309
-6.578308
-2.940795
-0.448616
-4.250868
-5.771252
-2.757336
-1.495118
1.462996
4.357849
