-3.235737
5.060774
4.083496
-2.972516
0.755699
1.162776
5.096034
6.998891
0.410580
1.867353
5.130224
2.862505
0.861690
9.077604
0.366168
2.310177
9.777317
3.237847
0.931409
3.798490
4.304108
9.743355
2.583352
11.735650
4.481675
11.138557
4.952901
6.232517
3.911395
12.398834
8.707382
4.476303
9.621744
5.562412
5.594638
5.039905
8.498788
10.199910
4.538507
9.476173
6.822166
7.040428
5.913041
5.842239
14.534294
5.565208
10.299579
6.997287
11.632956
12.824793
8.721119
12.964683
5.473873
6.655733
13.835378
13.349456
4.952993
13.067693
13.737203
10.993301
8.088174
12.354831
8.858637
11.533972
11.207081
12.084905
10.074804
12.117149
8.852106
3.816479
5.728428
3.828664
8.077173
7.438983
2.381857
5.794874
6.615704
6.167428
4.104426
10.567476
6.578714
7.866805
9.706852
7.279749
6.633179
4.439002
6.150555
8.442455
5.497137
2.163545
-0.181775
-0.137783
2.324901
6.122454
4.728277
6.152403
1.027684
-3.422457
2.790285
-0.376234
-2.032242
-1.131284
0.807291
-3.232252
0.048092
-5.443995
-5.700415
-4.307154
-1.916923
-6.270226
-5.097235
-3.235339
-8.838187
-0.565794
-8.966246
-6.585703
-8.026855
-1.105258
-9.574708
-9.117809
-7.662056
-8.597533
-11.182501
-4.410521
-7.992875
-4.325065
-11.542108
-4.935727
-7.992624
-10.208439
-9.754310
-11.332847
-9.675248
-4.827210
-5.087523
-4.874529
-6.900580
-11.528737
-9.619152
-13.716613
-7.935297
-6.831671
-5.364923
-14.378121
-10.281993
-12.327923
-10.856359
-11.283941
-14.934393
-14.291951
-10.296186
-4.985454
-6.365462
-13.031166
-8.470134
-10.253079
-12.400311
-8.208871
-6.172905
-4.899245
-10.204693
-5.652262
-13.503978
-5.600435
-6.205721
-13.170082
-13.603164
-5.425180
-13.076728
-12.173363
-10.544771
-12.517345
-4.381848
-5.957082
-11.801090
-11.822246
-7.225247
-5.793754
-10.593575
-2.693824
-2.597638
-9.842136
-7.270558
-2.733248
-1.218855
-2.506260
-0.962470
-5.154421
0.215837
-5.812215
-5.141716
2.450718
-3.433569
0.757799
2.026638
1.166581
0.026079
-2.655355
2.139982
2.744847
