-1.498615
1.407067
3.467937
2.494352
0.032982
-2.527484
-1.867940
-1.777731
4.226596
3.584239
3.453620
6.149377
7.911367
3.322985
7.129670
1.347475
2.518216
4.147307
6.368551
6.270896
8.434137
10.820809
5.207771
4.147979
9.547926
5.648130
12.124401
11.283502
9.900139
9.865875
12.039928
10.911447
8.590336
4.071085
4.291256
8.957129
11.577538
10.049189
11.192243
7.362115
11.184747
9.223820
6.421612
13.032616
6.121040
12.517891
9.501384
6.072708
9.492358
6.591739
10.584609
13.685966
13.092560
9.321999
8.335358
7.283909
12.209247
5.512014
8.881074
13.493256
12.333020
12.629193
10.134683
13.820968
6.845741
12.457359
10.586439
12.760550
8.767342
5.258373
8.258989
11.341553
6.156445
3.380001
9.835788
11.625506
9.199762
10.548918
7.694735
5.740025
3.579299
6.358692
0.652866
2.903376
7.121241
0.167065
4.002476
6.479899
-0.862299
-1.336971
1.133501
-0.346416
5.534642
-2.098946
0.311946
-3.250582
-3.573708
4.429187
2.629205
0.663519
3.575099
3.466521
0.124830
-3.285715
1.315908
2.642523
2.306612
-1.850938
0.635445
-1.273900
-1.290215
-0.131112
-1.600167
-2.432941
-2.000439
-0.175835
-1.594039
-1.211076
-8.062337
-8.228820
-9.504754
-4.184981
-7.646293
-5.486719
-11.511100
-9.370499
-8.942828
-10.416254
-12.428321
-13.045038
-3.417613
-8.976090
-3.984475
-13.118149
-12.903470
-13.498333
-7.906356
-11.658267
-9.194687
-5.860210
-6.981786
-14.201771
-6.147950
-11.585360
-14.423354
-12.726420
-7.337845
-5.260774
-11.239372
-13.273454
-12.364179
-6.140931
-10.589501
-5.380742
-10.728728
-10.333119
-9.538471
-13.166598
-10.873920
-13.767198
-13.633952
-13.757806
-13.287316
-10.985010
-5.283888
-11.642509
-11.893296
-7.491718
-5.855488
-12.370366
-11.511318
-9.507239
-7.962035
-8.416048
-8.202435
-5.156275
-3.643143
-3.038377
-5.643871
-9.501330
-8.029841
-9.586155
-0.519670
-6.145383
-0.955200
-7.623100
-2.120055
-1.877946
-1.086293
-7.182450
-5.598859
-0.948610
-0.949856
-2.476162
2.443958
-3.738398
-1.605147
-2.595614
-4.641326
1.682702
