0.424662
0.327240
-3.964154
2.236222
1.589164
4.103743
0.143325
1.484830
7.692634
6.309165
5.584201
4.831610
7.202444
2.880709
0.191067
0.939047
6.079656
0.440296
2.762767
6.622935
8.514753
11.330819
7.088756
2.252289
11.310778
9.279801
5.757403
3.692927
10.236427
11.644400
12.897598
10.885809
9.876505
7.704694
7.180631
10.800744
11.247919
5.488212
11.638084
5.117587
14.109315
9.386637
9.017559
14.427948
6.514560
8.021950
13.319537
6.462326
7.373016
8.036142
14.077126
7.592326
5.280637
10.720317
6.416529
7.741337
8.162655
9.653775
8.175537
10.234841
4.837003
11.841594
9.169115
11.945893
5.027589
3.848377
7.662116
3.562837
8.551042
9.953577
5.184080
6.354571
11.923718
4.933985
3.871058
6.686209
10.519596
7.755825
2.204216
0.940529
3.124513
2.421062
6.733391
8.154857
3.299239
5.634518
0.411280
5.882694
1.156312
5.584805
4.217226
2.890933
6.589350
4.824724
1.425298
3.142026
-1.546200
0.791287
0.023508
-3.713092
1.818504
-2.483582
2.966750
-2.468217
-4.772021
-5.703981
-3.918115
2.464751
1.752080
-7.844908
-8.273041
-2.611302
0.115796
-1.288536
-7.264845
-3.768982
-3.081344
-7.347445
-7.634063
-2.072192
-8.354883
-2.338304
-5.379216
-8.313872
-5.744341
-12.154243
-11.670836
-9.003268
-7.146407
-6.374061
-11.792801
-7.639535
-5.761560
-7.989730
-11.601290
-4.365783
-11.728557
-12.464298
-12.611882
-4.800234
-5.426902
-9.105879
-7.092655
-6.439594
-4.965965
-11.753979
-11.331506
-6.568777
-13.494469
-8.592379
-9.778757
-10.141099
-12.356067
-11.557686
-8.636814
-12.544754
-13.657255
-4.755503
-14.464505
-6.442616
-11.238263
-5.926808
-13.236286
-9.158458
-8.785941
-5.218571
-6.719710
-6.344217
-12.346361
-8.526211
-9.509769
-6.710282
-7.905649
-4.488816
-5.047290
-9.751569
-7.660676
-9.416626
-9.479421
-5.400648
-6.406374
-9.963447
-0.938109
-5.695130
-4.467444
-2.012272
-1.315166
-8.524191
-4.291947
-2.956585
1.919002
-2.144045
-2.261380
-3.588650
2.595698
-5.978533
3.964497
-3.318840
-1.829029
-1.884650
