3.858214
-0.023674
5.487400
5.532509
2.199109
-0.625814
1.170610
-1.664494
3.306738
4.486519
4.850679
7.442810
1.245297
7.626586
5.370645
1.220515
0.842167
5.824834
5.711126
9.109646
4.270378
8.809686
2.832447
10.351310
5.025603
11.728428
11.619459
8.027982
8.275953
9.861893
12.722695
7.283528
10.501876
5.262419
7.365435
10.701292
10.746465
5.815638
9.168694
6.283907
5.235195
4.710479
8.985430
6.960083
10.933843
7.481812
7.948779
12.989650
10.613677
9.432505
13.976813
8.938533
11.793035
13.859196
7.680067
5.660258
12.669021
9.873398
10.111504
5.510555
13.995894
4.611253
8.869077
12.871932
8.795461
11.594612
12.685738
8.568843
3.351816
8.868629
9.919142
9.104213
10.368806
7.535750
2.138537
11.036689
3.263745
6.602451
3.438697
0.888927
10.280630
0.837418
5.985089
5.973380
0.326269
6.148496
7.589091
2.727255
5.269297
7.217383
6.021138
2.497941
-0.377863
0.075759
-0.641964
-3.385202
-3.714018
-3.164702
1.904689
4.822207
3.415747
-0.741242
2.706883
-1.088990
1.842717
-2.930692
-2.813606
-5.545871
-5.479904
-5.979331
0.552567
-0.036411
-1.019808
-7.956380
-7.338797
-6.519414
-6.944360
-0.463773
-7.071936
-4.521817
-8.170017
-4.340733
-7.463533
-7.054421
-11.125648
-10.204517
-7.143761
-5.660084
-8.044195
-12.823896
-8.574405
-4.039165
-12.821566
-8.324672
-12.007974
-13.910324
-12.997201
-11.981210
-13.356602
-11.946112
-12.424573
-10.491346
-7.849239
-5.042361
-6.894843
-6.196739
-13.333354
-11.535660
-8.981867
-7.239849
-5.240747
-12.409240
-7.629676
-14.133800
-6.172621
-7.907231
-13.131670
-13.848852
-6.951863
-13.676483
-4.490123
-6.517610
-8.558455
-5.756192
-5.374305
-10.508793
-4.084692
-5.010441
-12.114073
-9.447042
-8.234304
-10.142252
-7.979088
-6.637913
-11.883792
-9.831243
-7.422492
-2.610853
-6.570994
-2.375465
-5.495207
-2.146066
-8.772815
-8.307875
-0.291757
-9.076060
-1.951935
-3.260889
-8.206700
-5.572209
-5.684562
-6.617209
-2.464812
-2.876436
-0.380411
-3.923887
3.964180
-2.338991
-4.940074
-3.268819
