-3.913406
1.100606
0.660908
2.170093
1.114063
4.394318
7.167981
0.941150
4.319049
1.872692
6.320147
2.329415
4.050351
7.292180
8.170376
2.233983
8.442472
6.863874
8.510354
2.346975
9.948886
3.555503
8.999593
2.167682
7.651563
9.274956
4.054560
8.700640
12.589668
7.237337
12.706954
11.972090
10.751892
7.911204
5.718070
10.200843
14.076185
5.603765
9.812289
13.189728
9.215189
12.478917
5.198759
7.147081
7.392180
7.967214
6.258564
12.145616
14.047533
8.733102
8.291600
7.289621
14.764984
12.122656
10.175955
8.837607
6.411757
9.202868
9.686827
8.599071
5.136925
12.160204
7.448257
5.470387
7.467826
11.543101
6.454179
7.188003
7.636939
10.402479
9.508739
5.048816
3.797885
9.175585
11.644013
1.871208
6.157235
3.926483
8.994771
7.993003
2.889104
2.485505
2.708688
3.051385
0.118799
8.144608
0.790647
-0.100805
5.574551
3.068247
-0.212716
6.390600
4.522281
-1.579704
5.173317
3.963135
2.761064
-3.092606
-1.655277
-3.262831
-4.730903
-2.913634
-5.789417
1.413563
-1.842109
2.655187
0.448149
-5.250118
-1.326475
1.818838
-6.143589
0.512602
-1.475598
-3.589406
-5.433024
-1.208368
-9.184482
-6.413970
-0.772426
-9.488644
-1.441871
-7.527006
-3.348419
-7.004521
-9.458394
-4.003254
-12.071786
-3.191113
-9.024823
-12.373544
-12.728795
-10.876606
-6.512843
-11.763048
-9.861898
-12.913827
-4.826637
-14.123833
-11.260783
-7.736708
-12.616296
-6.147434
-13.723995
-11.622907
-11.192217
-7.002363
-5.444346
-9.786862
-11.405006
-8.049976
-5.740700
-9.463725
-8.865110
-9.287140
-9.410430
-7.000078
-5.370620
-5.680684
-11.172550
-13.934684
-11.167990
-9.444466
-8.124068
-10.450029
-13.441819
-13.105487
-12.305276
-7.042716
-10.538404
-6.366564
-10.855680
-11.394776
-8.094041
-3.017938
-10.753798
-6.776785
-5.742684
-10.890705
-3.056626
-3.005593
-3.857757
-6.255969
-7.055237
-5.651868
0.158360
-2.842044
-1.488742
-1.287097
-3.569035
-6.873466
1.595682
-4.432231
-6.041522
-2.220963
-0.675108
-5.564644
-4.013621
-2.980933
-1.559008
4.624141
