3.082252
-0.649089
-1.396856
3.943218
2.145279
-2.781155
5.279608
4.445655
1.347146
2.659872
6.441958
4.785247
5.133453
0.476408
2.128743
0.105241
2.402946
8.483245
1.386146
8.379326
1.257126
6.613432
10.119290
9.507995
3.766417
9.800199
11.544565
10.929256
9.486311
6.306758
9.451184
7.666430
12.172676
10.739745
12.857099
10.342687
7.215476
5.845597
10.539965
9.578832
8.998429
14.063092
6.886324
6.543186
13.809139
14.515355
11.853284
6.913685
9.096139
5.831384
6.858205
10.231692
13.291637
10.967368
8.823711
12.962870
6.988417
12.001647
5.114933
8.106961
13.337919
8.983950
12.180278
6.133611
12.599658
11.594062
7.308308
10.674705
7.200951
7.294781
6.453767
11.546740
8.497343
6.325214
11.498645
7.069385
6.254397
2.647647
7.754339
1.275865
10.391239
2.345586
1.177290
6.435074
4.118449
6.584324
-0.871686
1.603180
5.419280
3.798966
6.563054
2.477971
6.707122
4.954949
6.443735
5.177625
3.560934
-3.209567
0.181021
3.501662
2.812468
-4.418980
0.061993
-2.055652
0.365759
-0.804027
-4.979534
-2.059193
-5.990059
-3.371196
-7.561032
-8.148730
-4.161126
-2.196192
-4.580226
-1.720311
-1.747261
-1.133624
-9.138292
-9.778778
-7.742053
-10.753685
-6.834428
-9.714829
-2.326652
-7.145735
-6.799295
-8.650462
-5.806208
-11.340888
-8.693873
-4.014959
-8.141885
-5.772281
-9.723259
-7.798499
-5.390999
-5.685445
-10.353501
-9.813420
-5.378390
-14.615744
-11.103701
-10.743823
-8.697200
-11.554149
-8.318720
-13.298573
-10.758484
-6.681504
-9.427267
-11.667479
-14.095952
-8.968944
-13.319776
-8.965553
-6.648366
-13.314451
-9.004582
-10.905994
-11.025471
-11.406820
-10.727010
-10.502435
-11.001475
-5.667812
-11.317237
-7.571040
-9.882683
-9.782577
-8.465422
-4.924055
-7.781549
-5.662668
-3.587811
-3.153107
-10.352664
-6.423639
-3.075764
-1.207705
-8.445102
-7.039951
-8.831455
-2.025086
-5.804799
-0.846084
-1.935388
0.392570
1.144449
-4.727307
1.593207
-2.399464
1.700439
-0.353364
1.778665
2.953196
-2.423773
-1.909758
-2.370265
-2.558308
