-0.096698
-0.806239
-1.670498
4.387106
5.185309
-1.719133
-1.529656
-0.715980
7.435859
5.193981
3.989154
3.346675
0.082606
7.476008
8.760603
2.513142
5.761638
2.523736
6.422957
3.123478
2.457318
5.491504
4.132371
5.011723
4.306922
7.626175
3.728606
4.504338
4.779942
5.626357
7.346353
5.438251
13.159748
6.561906
8.070051
6.197438
8.008331
14.187640
5.054144
9.890982
7.601527
9.290408
12.272459
5.045137
13.419738
5.182531
10.223929
8.190306
9.867010
12.092156
10.042003
12.722799
14.953290
10.045740
11.214874
5.509108
9.949810
7.094753
4.800852
10.070304
5.686951
5.122363
11.537872
8.788491
7.254359
5.266192
12.846833
6.061203
6.918374
10.739053
9.072587
10.260899
6.020311
8.746697
7.374849
2.417685
10.804448
5.262834
3.594086
1.132097
7.517682
0.648273
0.545330
4.266605
0.512589
8.890590
5.454622
6.359459
3.511397
5.594307
2.807077
7.277578
1.001918
2.150899
2.448076
5.189852
5.271085
-0.709030
-1.985910
-3.772558
2.654212
-1.364574
-3.860764
-1.962473
-3.912136
-5.153026
-2.553037
-1.353846
-4.271112
-3.496570
0.401044
-2.427954
-8.622016
-1.689050
-2.966003
-8.887085
-9.876250
-2.767811
-4.164885
-5.005207
-11.109246
-3.398318
-4.099566
-10.966104
-2.365037
-6.878438
-3.214652
-12.477811
-7.555184
-9.555651
-7.277925
-8.377487
-8.111732
-6.347571
-7.427858
-8.106734
-4.941556
-8.034201
-8.716920
-10.296906
-13.572783
-11.250521
-6.089349
-5.155505
-7.933447
-9.927046
-10.039658
-8.493295
-12.287825
-9.730447
-7.053803
-10.854574
-14.659115
-6.974372
-11.070374
-8.864495
-5.573140
-7.775504
-9.709305
-4.956734
-6.762163
-11.286502
-5.869613
-11.583048
-6.091171
-5.384585
-12.258915
-7.642070
-9.797259
-4.100197
-11.140044
-11.193573
-7.257588
-6.353174
-7.441205
-6.023072
-10.067184
-8.833887
-6.306048
-5.908286
-3.236274
-1.569728
-7.616861
-2.172409
-4.868255
-6.679773
-5.443527
1.095199
-0.638972
-2.475185
0.996043
-5.675583
-5.770337
-4.612014
-2.640368
1.330800
2.950149
-0.302821
1.914610
2.409862
