2.541032
2.007101
4.575716
3.490378
-1.343106
0.470099
1.903419
6.977536
-1.116728
7.253482
1.925505
0.506432
5.360321
1.436994
-0.138451
7.486119
5.143832
1.428150
7.919675
5.653235
2.312689
7.751561
8.442482
9.950597
4.915657
6.827130
4.208607
11.962670
9.164709
6.413213
3.872047
4.306644
7.260463
8.194978
4.676767
9.528701
11.002516
5.001632
10.750274
11.269565
7.396290
9.840256
13.302762
11.624551
9.427240
13.936945
10.728796
14.352636
14.370555
13.638865
10.366833
7.279617
7.620602
13.883962
7.428268
6.410878
5.093566
14.120799
12.310265
12.026423
11.685657
7.984786
11.889828
5.961812
11.580788
8.044784
7.526219
3.458526
13.217515
6.474425
10.967040
7.348451
10.201983
5.837847
10.276971
9.554558
8.977030
3.082832
2.039619
7.439529
4.157060
5.160961
1.555468
9.222961
0.819890
2.339985
8.833889
-0.608443
0.641148
3.958627
-2.031293
0.531516
-2.747784
1.153162
0.017959
-1.010257
2.027873
-2.921600
3.262081
-1.197244
-0.176955
-2.083824
-3.163211
1.465204
-2.470436
-1.679773
-5.394993
1.389498
-2.666012
-1.966240
-1.698435
-4.929549
0.992405
-1.712191
-8.093848
-8.052978
-1.143429
-8.160715
-7.715380
-2.375447
-8.701729
-4.108581
-10.389562
-11.287559
-6.824652
-2.529342
-7.661875
-5.108916
-5.567477
-10.084064
-7.347267
-7.587932
-8.958359
-5.634220
-11.059072
-7.806534
-6.683279
-10.035699
-5.260556
-12.925282
-12.807596
-13.581409
-9.355956
-9.973789
-12.156317
-6.440649
-8.511336
-11.649446
-14.704861
-11.117488
-8.792660
-10.312711
-14.751963
-7.030021
-10.874299
-8.537085
-7.375950
-14.258322
-7.629170
-12.423756
-13.338662
-6.205054
-6.046414
-13.334379
-4.081083
-4.034658
-4.599818
-3.654444
-9.933542
-6.348022
-8.761927
-3.219115
-12.326679
-5.680228
-11.849141
-7.108539
-8.450546
-10.651849
-2.268458
-10.594421
-1.396322
-4.364096
-2.369389
-5.828786
-0.414094
-8.047528
-6.964218
0.123165
-5.744074
-7.147999
-2.008492
2.408992
0.441813
0.901266
0.393048
-6.224323
1.768180
-1.632437
-5.094317
-3.003427
