5.291352
2.916531
0.544902
5.678188
4.402121
0.819671
4.479615
2.827121
2.947661
-0.833499
6.765112
1.329537
2.479274
4.022887
0.743903
4.320385
6.543017
3.847718
5.144449
6.757389
4.436178
4.171875
3.223494
7.423991
7.100327
8.225471
3.564205
6.061951
4.006560
12.493989
9.544373
7.226412
5.559113
9.863151
13.130585
10.898884
8.951129
6.525927
8.749065
13.521979
7.141172
9.346653
13.133645
11.710167
11.349889
5.810185
9.025955
5.038126
10.021660
5.308060
8.584629
13.844983
7.255467
7.964004
10.570963
10.389483
11.488947
7.307342
14.427081
11.578148
7.255000
12.340785
12.645323
8.258506
12.039043
13.160729
6.308962
12.678674
9.958332
11.377024
11.343854
9.466887
7.998873
12.223195
6.065805
10.182025
8.292662
9.233822
5.306269
2.050532
10.299494
2.082659
9.428610
8.141654
7.611283
1.048422
-0.400350
4.809294
7.787505
3.799587
0.640968
-1.688660
1.782392
3.881182
5.900084
4.718562
-1.613904
1.383603
-0.962489
-4.109072
4.405420
-0.937946
-1.997817
-4.761974
-5.134780
-5.272336
1.133706
-0.394503
-6.346902
-3.359373
-4.186153
-1.338345
-0.868223
-5.299686
-4.465412
-9.169688
-8.975482
-0.963201
-5.265481
-2.519100
-3.464864
-9.966535
-4.650404
-11.115331
-7.898813
-9.369320
-9.635115
-11.277946
-4.950025
-7.915068
-12.136317
-7.915400
-10.928653
-7.667619
-6.669268
-9.939702
-4.458656
-8.727301
-9.927108
-11.864275
-4.642240
-12.134123
-8.417513
-14.064502
-14.057195
-14.734041
-7.350033
-8.620217
-13.806741
-12.415441
-5.173718
-5.647668
-10.675597
-7.652819
-12.339237
-6.390938
-12.934323
-12.650587
-11.196535
-6.417404
-8.002357
-11.353609
-14.005918
-4.085058
-9.289261
-7.422538
-8.374602
-7.459442
-3.716497
-9.362595
-3.177617
-11.439669
-10.023101
-3.321646
-3.687004
-2.826879
-2.957293
-2.332275
-4.008127
-9.730214
-9.968132
-4.236158
-3.314947
-4.638043
-8.873227
-2.288589
-6.786149
-5.603049
-6.445332
-7.459110
-5.618095
2.013248
1.077290
-1.781797
-0.122558
-2.878871
-2.712652
0.359798
-3.923537
-1.658574
