2.5
69.5
76.2
74.6
76
75
90.8
77
63
71.6
76.7
79.1
75.4
75.9
79.8
78.5
76.6
78.5
77.4
77.7
62.5
64.4
76.3
71.9
76.6
65.1
74.5
78.5
77.6
76.6
79.1
73.3
81.6
78.6
78.6
64
75.5
63.4
68.4
64.6
60.1
67.7
73.7
76.9
78.9
81.5
100
100
100
100
99
91.7
94.9
95.8
96.4
100
100
100
100
85.4
80.8
80.6
88.7
95.9
99.5
97.5
64.6
56.9
55.4
57.7
58.4
58.9
60.3
57.7
59.5
58.7
67.7
63.5
74.6
76.7
74.1
92.9
68.6
73.6
59.1
60.5
61
59.9
59.9
61.3
60.7
62.7
57.9
57.9
58.9
57.7
61.5
66.1
85.4
94.8
79.9
72.8
57.9
58.8
58.3
58.7
74
100
100
100
100
100
100
100
100
100
100
100
100
100
100
100
100
100
100
100
100
100
100
100
100
100
100
100
93.8
100
86.5
81.3
90.7
85.1
81.1
82.3
67.5
54
26.8
6.4
