4
38.3
77.7
72.4
74.1
71
93.8
71.9
70.6
75.3
63.9
72.2
72
70.5
71.5
62.4
69.7
71.5
71
71.3
63.1
71.1
71.1
71.9
67
69.9
63.7
72
73.1
72.7
73.9
71.9
72.5
71.6
72.6
69.6
60.5
78.2
64.1
69.9
70.1
84.3
73
61
74
69.5
72
87.2
100
95.4
97.4
85.6
95.3
97.9
92.7
97.4
80.6
95.3
100
100
100
94.4
100
64.3
50
67.5
89.3
97
66.7
56.1
60.7
57.2
69.5
69.1
64.8
70.6
72.9
72.8
78.8
99.4
73.8
67
72
68.2
70.3
72.6
68.4
69.1
70.3
69.4
69.9
70.3
67.2
70.6
74.2
83.7
89.1
93.7
69.7
70.3
68.1
71.9
69.4
69.2
87.5
100
100
100
100
100
100
100
100
100
100
100
100
100
100
100
100
100
100
100
100
100
100
100
100
100
100
99.5
94.2
95.3
95.8
99
93.5
82.8
84.3
53.5
50
70.6
52
53.8
62.5
61.8
65.2
4.5
