2
50
73.6
71.4
77.2
69.1
97.4
74.3
74.3
73.4
70.5
75.7
70.6
88.7
96.8
73.3
72
100
93.7
84.9
88.5
87.8
88.7
82
84.7
90.2
100
98.3
91.1
93.7
71.5
69.6
70.6
67.7
58.5
75.1
71.3
70.4
83
80.1
59.5
62.4
62.4
62.4
64.4
62.9
64.2
62.1
64.1
61.1
59.8
60.7
68.6
66.8
62.6
62.5
62.8
63.2
61.5
60.7
62.2
60.9
62.8
61.2
100
100
100
100
100
100
100
100
100
100
100
100
100
100
100
100
100
100
100
100
100
100
100
100
100
100
100
100
100
98.4
95.4
100
100
100
100
98
100
93.9
87.9
53.3
58.6
80.9
76.1
77.9
35.7
1.5
