3.5
40.1
75.5
71
77.4
70.1
93.3
71
71.2
71.3
63.2
63.7
69.1
70.8
75.5
67
72.2
70.8
71.6
70.3
59.5
65.3
69.4
63.4
68.2
72.5
70.7
70.5
65.8
64.6
67.2
64.8
69.7
86
81.9
81.8
65.4
70.5
64.4
65.6
71.5
68.8
71.1
67.5
100
100
100
100
100
100
100
100
100
99
96.9
100
100
100
100
100
85.6
86.4
75.5
58.7
58.2
59.3
57.7
77.6
63.5
59.9
73.2
70.9
69.6
75.5
97.4
69.1
69.4
68
68.9
70.6
68.6
69.5
68.6
67.4
67.9
69.3
67.7
70.5
67.7
73.8
67.5
69.1
69.2
66.8
67.9
69.4
65.1
66.5
69.3
90.8
100
100
100
100
100
100
100
100
100
100
100
100
100
100
100
100
100
100
100
100
100
100
100
100
100
100
100
100
100
91.1
91.1
100
100
100
99
60.2
86.4
72.9
97
55
6
5.1
