59.1
92.3
76.5
75.9
71.2
84
83.4
73.8
60
72.5
60.9
77.3
63.4
73.2
72
58.5
74.7
76.3
75.4
77.9
76.8
77.5
79.3
75.5
61.5
56.8
61
57.2
75
75.4
75.8
75.1
65.1
76.7
79.8
75.4
76
76.4
73.8
76.2
61
62.4
66.5
64.2
68
61.6
63.3
76.3
62.4
76.8
68
76.3
74.9
75.9
76.4
69.8
75.3
75.4
78
65
94.8
95.7
100
100
100
100
100
97.9
100
99.5
88.9
100
100
100
100
100
100
100
100
100
100
85.5
87.9
92.4
98.9
95.2
87.4
82.1
91.5
85.1
84.8
95.2
88.7
97.9
99
92.6
75.6
75.4
73.9
76
74.5
74.9
66.3
74.3
76.8
62.7
76.3
75.1
69.6
2
