2
32.1
74.2
68.9
78.8
64.6
90.2
69.6
68
69.8
71.9
73.1
68.6
60.5
70.6
61.3
67.2
72.3
70.8
72.4
63
71.1
70.8
71.9
71.8
72.3
68.6
67.9
65
65.3
63.6
67.9
73.7
87.7
94.1
72.6
70.5
71.4
71.2
71.1
72.7
71.1
68.1
96.9
100
99
94.8
89.6
88.4
97.9
100
91.8
99
100
100
100
100
95.8
84.4
83.1
92.3
83.3
97.4
94.8
97.3
96.9
96.9
93.2
93.3
88.6
96.3
78.4
78.9
73.7
74.5
71.6
75.3
76.2
74.6
74
71.6
72
74.5
73.8
75.4
75
75.4
71.6
76.2
76
75.5
74.3
70.3
75.4
61.7
76.4
75.7
78.5
78.9
73.7
72
74.6
66.5
70.2
74.6
55.7
16.6
56.5
7.1
2
